1000
168 49 2 8 16F 0 0 0
69 9 3 4 12F 0 0 0
167 8 3 3 9F 0 0 0
97 16 2 10 20F 0 0 0
75 15 3 3 9F 0 0 0
61 43 3 30 30F 0 0 0
85 18 1 3 3F 0 0 0
122 24 1 6 6F 0 0 0
194 20 1 3 3F 0 0 0
30 26 3 1 3F 0 0 0
35 21 1 4 4F 0 0 0
54 21 1 5 5F 0 0 0
73 31 3 7 21F 0 0 0
57 0 1 5 5F 0 0 0
188 28 2 7 14F 0 0 0
161 8 2 9 18F 0 0 0
78 27 2 10 20F 0 0 0
44 26 3 7 21F 0 0 0
175 1 2 3 6F 0 0 0
106 7 2 10 20F 0 0 0
84 10 3 7 21F 0 0 0
107 36 2 4 8F 0 0 0
104 17 3 4 12F 0 0 0
147 44 1 2 2F 0 0 0
4 39 1 5 5F 0 0 0
162 47 2 10 20F 0 0 0
179 19 2 8 16F 0 0 0
119 5 1 7 7F 0 0 0
41 40 3 6 18F 0 0 0
34 36 1 8 8F 0 0 0
57 23 3 1 3F 0 0 0
0 8 1 9 9F 0 0 0
2 26 2 3 6F 0 0 0
158 2 3 7 21F 0 0 0
24 31 1 10 10F 0 0 0
61 0 2 6 12F 0 0 0
90 25 1 6 6F 0 0 0
65 21 3 7 21F 0 0 0
192 37 1 9 9F 0 0 0
47 9 2 4 8F 0 0 0
193 16 2 1 2F 0 0 0
53 20 2 5 10F 0 0 0
173 22 1 6 6F 0 0 0
80 45 3 8 24F 0 0 0
82 8 1 10 10F 0 0 0
181 7 3 30 30F 0 0 0
165 4 2 9 18F 0 0 0
49 26 2 2 4F 0 0 0
70 27 1 3 3F 0 0 0
182 46 2 10 20F 0 0 0
164 49 3 9 27F 0 0 0
139 26 1 2 2F 0 0 0
62 8 3 5 15F 0 0 0
61 10 2 8 16F 0 0 0
36 8 2 10 20F 0 0 0
57 41 1 6 6F 0 0 0
131 49 3 1 3F 0 0 0
34 31 2 4 8F 0 0 0
117 20 1 6 6F 0 0 0
51 46 3 3 9F 0 0 0
113 24 1 4 4F 0 0 0
84 14 2 5 10F 0 0 0
129 13 3 30 30F 0 0 0
144 28 1 8 8F 0 0 0
75 16 2 7 14F 0 0 0
131 10 3 6 18F 0 0 0
96 35 3 8 24F 0 0 0
192 38 3 4 12F 0 0 0
154 17 2 2 4F 0 0 0
69 23 2 1 2F 0 0 0
15 4 3 30 30F 0 0 0
134 33 2 5 10F 0 0 0
194 3 1 7 7F 0 0 0
76 7 3 3 9F 0 0 0
39 45 2 1 2F 0 0 0
28 44 1 2 2F 0 0 0
194 47 1 10 10F 0 0 0
116 30 1 4 4F 0 0 0
157 40 3 4 12F 0 0 0
70 18 1 9 9F 0 0 0
42 9 1 10 10F 0 0 0
125 6 1 10 10F 0 0 0
90 30 3 5 15F 0 0 0
35 46 1 6 6F 0 0 0
113 13 1 9 9F 0 0 0
125 47 1 7 7F 0 0 0
84 23 3 1 3F 0 0 0
48 29 2 1 2F 0 0 0
136 4 2 7 14F 0 0 0
125 37 1 4 4F 0 0 0
170 40 2 5 10F 0 0 0
55 25 1 3 3F 0 0 0
168 37 3 5 15F 0 0 0
58 20 3 30 30F 0 0 0
135 28 3 2 6F 0 0 0
65 9 3 8 24F 0 0 0
65 12 1 9 9F 0 0 0
63 49 3 8 24F 0 0 0
90 10 2 4 8F 0 0 0
160 40 1 4 4F 0 0 0
24 16 1 4 4F 0 0 0
22 29 3 5 15F 0 0 0
131 32 1 2 2F 0 0 0
184 8 1 2 2F 0 0 0
57 42 1 10 10F 0 0 0
181 1 3 2 6F 0 0 0
165 20 3 6 18F 0 0 0
172 35 2 6 12F 0 0 0
176 7 1 9 9F 0 0 0
137 34 3 4 12F 0 0 0
128 37 1 2 2F 0 0 0
194 7 2 7 14F 0 0 0
90 7 3 8 24F 0 0 0
189 45 3 1 3F 0 0 0
122 0 1 9 9F 0 0 0
1 2 1 2 2F 0 0 0
82 4 1 8 8F 0 0 0
170 39 2 10 20F 0 0 0
99 23 3 7 21F 0 0 0
153 31 3 9 27F 0 0 0
83 11 2 9 18F 0 0 0
32 35 1 4 4F 0 0 0
62 11 1 3 3F 0 0 0
167 41 3 4 12F 0 0 0
0 48 1 4 4F 0 0 0
127 0 3 9 27F 0 0 0
159 21 3 1 3F 0 0 0
102 41 3 6 18F 0 0 0
73 15 3 9 27F 0 0 0
18 22 3 8 24F 0 0 0
75 6 2 7 14F 0 0 0
149 25 2 8 16F 0 0 0
153 36 1 10 10F 0 0 0
118 45 3 3 9F 0 0 0
175 32 1 6 6F 0 0 0
6 13 1 7 7F 0 0 0
183 33 1 4 4F 0 0 0
71 1 3 4 12F 0 0 0
35 18 3 30 30F 0 0 0
29 18 1 5 5F 0 0 0
64 17 1 7 7F 0 0 0
152 16 2 9 18F 0 0 0
145 29 3 9 27F 0 0 0
34 10 2 10 20F 0 0 0
136 6 1 5 5F 0 0 0
182 17 1 7 7F 0 0 0
77 44 1 7 7F 0 0 0
42 14 1 8 8F 0 0 0
67 48 2 10 20F 0 0 0
132 46 3 3 9F 0 0 0
15 45 1 6 6F 0 0 0
49 29 1 10 10F 0 0 0
36 37 3 9 27F 0 0 0
172 18 3 7 21F 0 0 0
11 34 3 7 21F 0 0 0
58 47 3 3 9F 0 0 0
13 33 1 8 8F 0 0 0
116 7 3 8 24F 0 0 0
3 1 2 6 12F 0 0 0
94 7 1 10 10F 0 0 0
29 21 1 3 3F 0 0 0
34 49 2 8 16F 0 0 0
186 35 3 30 30F 0 0 0
106 35 2 8 16F 0 0 0
179 12 1 3 3F 0 0 0
190 42 2 1 2F 0 0 0
123 33 3 30 30F 0 0 0
165 31 3 3 9F 0 0 0
123 5 1 4 4F 0 0 0
160 23 1 2 2F 0 0 0
82 20 2 3 6F 0 0 0
22 4 1 9 9F 0 0 0
43 4 3 9 27F 0 0 0
10 46 2 2 4F 0 0 0
15 47 2 8 16F 0 0 0
10 6 2 6 12F 0 0 0
161 17 1 6 6F 0 0 0
122 13 1 6 6F 0 0 0
40 40 3 1 3F 0 0 0
146 21 1 7 7F 0 0 0
82 19 3 6 18F 0 0 0
134 9 3 5 15F 0 0 0
141 11 3 6 18F 0 0 0
110 35 3 4 12F 0 0 0
88 29 3 7 21F 0 0 0
3 46 1 7 7F 0 0 0
1 4 2 9 18F 0 0 0
24 22 1 4 4F 0 0 0
186 25 2 9 18F 0 0 0
132 30 2 9 18F 0 0 0
55 13 2 4 8F 0 0 0
24 40 2 1 2F 0 0 0
176 4 2 6 12F 0 0 0
49 8 1 4 4F 0 0 0
1 22 1 10 10F 0 0 0
153 44 2 4 8F 0 0 0
147 33 2 8 16F 0 0 0
113 4 2 10 20F 0 0 0
119 42 3 3 9F 0 0 0
141 41 2 7 14F 0 0 0
56 30 2 9 18F 0 0 0
128 9 3 2 6F 0 0 0
13 30 3 8 24F 0 0 0
37 23 1 8 8F 0 0 0
122 44 3 3 9F 0 0 0
135 2 1 2 2F 0 0 0
81 41 3 8 24F 0 0 0
162 17 1 7 7F 0 0 0
104 10 2 6 12F 0 0 0
96 5 1 10 10F 0 0 0
174 45 2 10 20F 0 0 0
56 36 3 3 9F 0 0 0
29 45 2 4 8F 0 0 0
59 25 3 7 21F 0 0 0
174 40 3 7 21F 0 0 0
21 35 1 8 8F 0 0 0
139 37 1 2 2F 0 0 0
15 37 3 2 6F 0 0 0
86 25 1 9 9F 0 0 0
152 38 2 9 18F 0 0 0
72 28 2 10 20F 0 0 0
2 20 3 1 3F 0 0 0
55 20 3 3 9F 0 0 0
71 36 2 10 20F 0 0 0
84 0 1 6 6F 0 0 0
62 16 3 30 30F 0 0 0
132 27 2 7 14F 0 0 0
123 34 1 7 7F 0 0 0
39 48 2 5 10F 0 0 0
46 38 1 8 8F 0 0 0
145 47 1 8 8F 0 0 0
46 14 1 6 6F 0 0 0
66 38 3 9 27F 0 0 0
71 0 2 3 6F 0 0 0
21 4 1 6 6F 0 0 0
67 25 1 10 10F 0 0 0
101 17 1 10 10F 0 0 0
137 49 1 7 7F 0 0 0
149 32 3 30 30F 0 0 0
103 38 2 4 8F 0 0 0
167 3 2 9 18F 0 0 0
191 12 3 1 3F 0 0 0
172 30 3 6 18F 0 0 0
49 9 1 3 3F 0 0 0
196 11 3 30 30F 0 0 0
30 31 1 9 9F 0 0 0
24 48 3 6 18F 0 0 0
117 32 3 7 21F 0 0 0
105 1 1 8 8F 0 0 0
91 39 3 7 21F 0 0 0
59 47 2 7 14F 0 0 0
43 38 3 9 27F 0 0 0
144 22 2 1 2F 0 0 0
191 13 3 2 6F 0 0 0
144 19 1 3 3F 0 0 0
181 45 1 8 8F 0 0 0
21 3 3 2 6F 0 0 0
117 36 2 9 18F 0 0 0
80 15 3 30 30F 0 0 0
106 48 3 5 15F 0 0 0
162 13 3 7 21F 0 0 0
17 20 1 8 8F 0 0 0
154 30 3 1 3F 0 0 0
177 36 1 8 8F 0 0 0
145 16 2 9 18F 0 0 0
77 38 1 4 4F 0 0 0
190 7 3 30 30F 0 0 0
172 31 2 6 12F 0 0 0
20 44 3 30 30F 0 0 0
111 21 2 5 10F 0 0 0
95 0 1 8 8F 0 0 0
165 49 3 4 12F 0 0 0
112 10 2 9 18F 0 0 0
46 0 1 9 9F 0 0 0
119 24 2 4 8F 0 0 0
102 24 2 1 2F 0 0 0
6 3 2 7 14F 0 0 0
60 26 1 9 9F 0 0 0
159 0 3 8 24F 0 0 0
53 18 2 9 18F 0 0 0
112 49 3 30 30F 0 0 0
65 3 1 4 4F 0 0 0
32 30 3 8 24F 0 0 0
142 49 1 3 3F 0 0 0
160 27 2 7 14F 0 0 0
56 14 2 7 14F 0 0 0
40 3 2 10 20F 0 0 0
161 37 3 4 12F 0 0 0
111 24 3 1 3F 0 0 0
27 12 2 6 12F 0 0 0
88 28 1 2 2F 0 0 0
167 6 2 4 8F 0 0 0
99 44 2 5 10F 0 0 0
36 48 1 6 6F 0 0 0
149 49 2 2 4F 0 0 0
176 42 2 10 20F 0 0 0
89 36 1 8 8F 0 0 0
199 39 3 7 21F 0 0 0
138 24 1 6 6F 0 0 0
197 31 2 7 14F 0 0 0
169 3 3 1 3F 0 0 0
132 4 1 10 10F 0 0 0
97 33 2 7 14F 0 0 0
45 8 1 2 2F 0 0 0
131 0 1 2 2F 0 0 0
78 22 2 9 18F 0 0 0
88 49 2 8 16F 0 0 0
158 47 3 9 27F 0 0 0
93 13 3 8 24F 0 0 0
113 5 3 7 21F 0 0 0
181 12 1 7 7F 0 0 0
52 36 3 6 18F 0 0 0
100 8 3 4 12F 0 0 0
53 0 3 4 12F 0 0 0
114 31 1 7 7F 0 0 0
49 1 1 8 8F 0 0 0
170 34 1 4 4F 0 0 0
109 46 1 10 10F 0 0 0
86 12 3 1 3F 0 0 0
162 37 2 5 10F 0 0 0
66 9 1 5 5F 0 0 0
44 3 1 10 10F 0 0 0
4 43 1 5 5F 0 0 0
199 27 3 4 12F 0 0 0
21 38 3 5 15F 0 0 0
146 29 3 30 30F 0 0 0
92 18 1 4 4F 0 0 0
161 44 1 6 6F 0 0 0
55 36 2 10 20F 0 0 0
106 16 3 3 9F 0 0 0
199 14 1 4 4F 0 0 0
88 0 3 1 3F 0 0 0
110 43 2 10 20F 0 0 0
33 33 1 2 2F 0 0 0
64 34 2 10 20F 0 0 0
87 42 2 9 18F 0 0 0
161 2 2 6 12F 0 0 0
59 19 1 6 6F 0 0 0
183 46 3 4 12F 0 0 0
164 29 1 4 4F 0 0 0
184 35 3 3 9F 0 0 0
3 40 2 8 16F 0 0 0
151 8 2 6 12F 0 0 0
131 34 2 10 20F 0 0 0
160 9 3 7 21F 0 0 0
146 6 3 6 18F 0 0 0
13 13 1 4 4F 0 0 0
132 33 1 4 4F 0 0 0
52 5 1 4 4F 0 0 0
75 14 1 4 4F 0 0 0
39 44 1 4 4F 0 0 0
114 23 2 9 18F 0 0 0
161 9 2 8 16F 0 0 0
61 31 2 5 10F 0 0 0
78 15 3 30 30F 0 0 0
64 40 3 30 30F 0 0 0
140 38 1 2 2F 0 0 0
194 14 3 5 15F 0 0 0
79 28 3 7 21F 0 0 0
69 14 2 5 10F 0 0 0
191 37 1 2 2F 0 0 0
48 28 1 5 5F 0 0 0
81 40 1 5 5F 0 0 0
2 11 2 10 20F 0 0 0
15 2 1 9 9F 0 0 0
106 25 3 9 27F 0 0 0
1 19 3 5 15F 0 0 0
0 10 2 8 16F 0 0 0
103 14 3 30 30F 0 0 0
197 1 3 4 12F 0 0 0
84 29 3 3 9F 0 0 0
103 11 2 10 20F 0 0 0
17 12 3 9 27F 0 0 0
82 37 3 5 15F 0 0 0
192 20 2 9 18F 0 0 0
4 29 1 9 9F 0 0 0
172 14 1 10 10F 0 0 0
24 28 3 4 12F 0 0 0
26 39 3 6 18F 0 0 0
191 45 3 9 27F 0 0 0
192 18 2 4 8F 0 0 0
9 43 3 30 30F 0 0 0
0 47 1 4 4F 0 0 0
90 14 1 3 3F 0 0 0
56 22 1 6 6F 0 0 0
48 37 2 7 14F 0 0 0
8 46 2 8 16F 0 0 0
136 28 1 5 5F 0 0 0
186 45 1 6 6F 0 0 0
102 46 2 3 6F 0 0 0
148 29 3 4 12F 0 0 0
2 19 2 6 12F 0 0 0
10 19 3 7 21F 0 0 0
177 45 2 5 10F 0 0 0
37 39 2 6 12F 0 0 0
158 5 2 5 10F 0 0 0
129 12 1 8 8F 0 0 0
64 8 3 4 12F 0 0 0
30 10 1 10 10F 0 0 0
23 35 1 7 7F 0 0 0
19 17 1 4 4F 0 0 0
77 42 2 2 4F 0 0 0
199 34 3 9 27F 0 0 0
14 14 1 8 8F 0 0 0
132 21 1 5 5F 0 0 0
86 26 3 9 27F 0 0 0
197 48 1 2 2F 0 0 0
125 31 2 2 4F 0 0 0
56 12 1 9 9F 0 0 0
192 32 1 2 2F 0 0 0
49 40 2 5 10F 0 0 0
81 34 1 6 6F 0 0 0
15 46 2 5 10F 0 0 0
144 27 2 6 12F 0 0 0
74 13 1 8 8F 0 0 0
115 18 3 9 27F 0 0 0
185 33 3 4 12F 0 0 0
167 43 1 6 6F 0 0 0
33 1 1 2 2F 0 0 0
163 9 1 5 5F 0 0 0
151 49 3 6 18F 0 0 0
169 27 1 2 2F 0 0 0
123 12 2 9 18F 0 0 0
117 29 2 1 2F 0 0 0
53 40 3 7 21F 0 0 0
162 10 1 7 7F 0 0 0
143 35 2 6 12F 0 0 0
75 40 3 7 21F 0 0 0
25 37 2 8 16F 0 0 0
74 26 3 7 21F 0 0 0
16 4 1 10 10F 0 0 0
4 21 1 3 3F 0 0 0
50 38 3 6 18F 0 0 0
24 46 2 1 2F 0 0 0
116 0 1 3 3F 0 0 0
150 16 1 5 5F 0 0 0
167 12 3 6 18F 0 0 0
110 31 3 6 18F 0 0 0
35 27 1 3 3F 0 0 0
69 13 3 2 6F 0 0 0
33 22 3 9 27F 0 0 0
109 5 2 1 2F 0 0 0
21 13 1 6 6F 0 0 0
99 11 3 7 21F 0 0 0
178 31 3 5 15F 0 0 0
91 35 2 2 4F 0 0 0
55 7 1 10 10F 0 0 0
65 49 2 9 18F 0 0 0
91 28 1 2 2F 0 0 0
123 28 2 4 8F 0 0 0
52 48 3 7 21F 0 0 0
195 43 3 5 15F 0 0 0
170 30 3 30 30F 0 0 0
107 45 3 1 3F 0 0 0
159 10 2 2 4F 0 0 0
44 32 1 6 6F 0 0 0
90 37 2 8 16F 0 0 0
198 12 3 3 9F 0 0 0
173 31 2 8 16F 0 0 0
27 0 1 6 6F 0 0 0
170 42 1 3 3F 0 0 0
136 37 2 4 8F 0 0 0
131 20 2 3 6F 0 0 0
93 21 2 4 8F 0 0 0
173 39 2 7 14F 0 0 0
58 29 2 6 12F 0 0 0
16 25 2 9 18F 0 0 0
30 44 2 5 10F 0 0 0
147 0 3 9 27F 0 0 0
171 12 3 3 9F 0 0 0
172 41 1 4 4F 0 0 0
98 25 3 6 18F 0 0 0
190 47 1 7 7F 0 0 0
157 46 1 5 5F 0 0 0
108 11 2 1 2F 0 0 0
1 28 3 8 24F 0 0 0
118 18 2 8 16F 0 0 0
15 26 2 10 20F 0 0 0
18 26 3 8 24F 0 0 0
98 15 3 6 18F 0 0 0
37 10 1 10 10F 0 0 0
48 2 3 1 3F 0 0 0
16 31 2 5 10F 0 0 0
186 34 1 5 5F 0 0 0
8 40 2 4 8F 0 0 0
17 5 3 1 3F 0 0 0
39 35 3 9 27F 0 0 0
23 47 3 30 30F 0 0 0
10 24 2 1 2F 0 0 0
19 12 3 1 3F 0 0 0
29 4 2 6 12F 0 0 0
194 23 3 6 18F 0 0 0
134 42 1 8 8F 0 0 0
76 2 1 2 2F 0 0 0
176 22 2 9 18F 0 0 0
142 46 1 3 3F 0 0 0
149 33 1 8 8F 0 0 0
8 19 3 3 9F 0 0 0
150 24 2 4 8F 0 0 0
66 19 3 3 9F 0 0 0
46 42 1 5 5F 0 0 0
47 11 2 3 6F 0 0 0
185 34 3 30 30F 0 0 0
55 14 3 7 21F 0 0 0
177 3 3 1 3F 0 0 0
155 25 3 9 27F 0 0 0
96 48 1 10 10F 0 0 0
35 0 2 8 16F 0 0 0
72 12 3 5 15F 0 0 0
138 28 3 7 21F 0 0 0
30 35 2 10 20F 0 0 0
107 26 3 30 30F 0 0 0
114 30 1 5 5F 0 0 0
115 32 3 8 24F 0 0 0
180 15 2 10 20F 0 0 0
160 15 3 7 21F 0 0 0
125 46 1 8 8F 0 0 0
81 32 3 7 21F 0 0 0
45 34 1 2 2F 0 0 0
8 30 1 3 3F 0 0 0
124 33 3 5 15F 0 0 0
176 45 1 7 7F 0 0 0
68 12 3 4 12F 0 0 0
44 10 1 10 10F 0 0 0
136 41 2 6 12F 0 0 0
72 6 2 8 16F 0 0 0
34 34 1 2 2F 0 0 0
2 3 1 10 10F 0 0 0
107 13 2 3 6F 0 0 0
34 37 3 5 15F 0 0 0
42 37 3 3 9F 0 0 0
27 30 2 2 4F 0 0 0
52 33 3 8 24F 0 0 0
159 43 3 4 12F 0 0 0
50 29 3 3 9F 0 0 0
154 2 3 1 3F 0 0 0
136 15 1 5 5F 0 0 0
140 35 2 9 18F 0 0 0
77 41 3 8 24F 0 0 0
31 5 2 8 16F 0 0 0
57 4 3 2 6F 0 0 0
148 31 2 8 16F 0 0 0
100 10 1 7 7F 0 0 0
22 20 2 9 18F 0 0 0
47 29 1 5 5F 0 0 0
186 5 2 5 10F 0 0 0
126 23 1 8 8F 0 0 0
196 2 1 7 7F 0 0 0
30 19 1 4 4F 0 0 0
109 0 3 9 27F 0 0 0
180 20 1 2 2F 0 0 0
121 40 2 5 10F 0 0 0
105 20 2 7 14F 0 0 0
69 12 2 3 6F 0 0 0
85 43 2 9 18F 0 0 0
162 18 3 5 15F 0 0 0
60 13 2 10 20F 0 0 0
59 10 2 3 6F 0 0 0
197 43 3 5 15F 0 0 0
17 46 1 4 4F 0 0 0
90 48 1 3 3F 0 0 0
9 33 2 10 20F 0 0 0
85 49 3 30 30F 0 0 0
157 27 2 8 16F 0 0 0
69 27 2 1 2F 0 0 0
179 2 2 1 2F 0 0 0
191 19 1 6 6F 0 0 0
88 44 2 4 8F 0 0 0
28 6 3 4 12F 0 0 0
130 16 3 1 3F 0 0 0
32 40 3 5 15F 0 0 0
159 27 3 5 15F 0 0 0
179 10 1 10 10F 0 0 0
129 36 2 2 4F 0 0 0
60 19 1 2 2F 0 0 0
79 6 1 8 8F 0 0 0
146 44 1 8 8F 0 0 0
112 11 1 5 5F 0 0 0
97 38 3 3 9F 0 0 0
99 4 1 7 7F 0 0 0
171 45 1 8 8F 0 0 0
89 10 3 7 21F 0 0 0
151 27 1 2 2F 0 0 0
7 0 2 3 6F 0 0 0
175 23 1 4 4F 0 0 0
13 34 1 6 6F 0 0 0
103 18 1 9 9F 0 0 0
3 24 1 9 9F 0 0 0
138 30 1 8 8F 0 0 0
53 41 2 3 6F 0 0 0
173 34 1 3 3F 0 0 0
179 17 2 7 14F 0 0 0
72 34 2 2 4F 0 0 0
188 44 2 1 2F 0 0 0
121 48 1 8 8F 0 0 0
180 13 2 4 8F 0 0 0
165 43 3 30 30F 0 0 0
172 5 3 30 30F 0 0 0
159 14 1 9 9F 0 0 0
186 38 1 6 6F 0 0 0
55 46 2 10 20F 0 0 0
4 30 2 3 6F 0 0 0
128 4 1 7 7F 0 0 0
101 13 3 8 24F 0 0 0
28 26 2 5 10F 0 0 0
85 16 1 4 4F 0 0 0
159 16 3 7 21F 0 0 0
52 8 2 2 4F 0 0 0
77 19 3 5 15F 0 0 0
52 18 1 9 9F 0 0 0
126 35 2 9 18F 0 0 0
26 27 2 9 18F 0 0 0
69 16 2 9 18F 0 0 0
192 9 2 3 6F 0 0 0
187 0 1 4 4F 0 0 0
87 45 1 9 9F 0 0 0
49 21 3 1 3F 0 0 0
164 10 3 7 21F 0 0 0
59 40 2 3 6F 0 0 0
180 34 2 5 10F 0 0 0
63 2 2 8 16F 0 0 0
61 20 2 9 18F 0 0 0
85 40 1 6 6F 0 0 0
192 16 1 8 8F 0 0 0
125 25 1 3 3F 0 0 0
164 45 1 5 5F 0 0 0
132 34 2 5 10F 0 0 0
14 21 2 1 2F 0 0 0
28 34 1 10 10F 0 0 0
182 42 3 2 6F 0 0 0
171 43 1 2 2F 0 0 0
135 14 2 2 4F 0 0 0
148 33 2 6 12F 0 0 0
166 20 3 5 15F 0 0 0
73 9 3 7 21F 0 0 0
114 32 1 7 7F 0 0 0
25 22 2 1 2F 0 0 0
131 28 1 3 3F 0 0 0
86 20 1 4 4F 0 0 0
178 37 3 30 30F 0 0 0
80 4 3 6 18F 0 0 0
166 13 3 6 18F 0 0 0
50 27 3 30 30F 0 0 0
85 26 3 9 27F 0 0 0
161 15 1 3 3F 0 0 0
42 3 2 1 2F 0 0 0
154 48 3 8 24F 0 0 0
100 25 1 10 10F 0 0 0
187 7 1 5 5F 0 0 0
190 6 3 6 18F 0 0 0
17 33 3 5 15F 0 0 0
134 12 2 4 8F 0 0 0
46 35 3 8 24F 0 0 0
74 47 3 1 3F 0 0 0
86 32 3 8 24F 0 0 0
113 16 1 9 9F 0 0 0
37 25 2 4 8F 0 0 0
136 46 1 2 2F 0 0 0
120 46 1 6 6F 0 0 0
54 42 1 9 9F 0 0 0
116 17 2 9 18F 0 0 0
157 28 1 3 3F 0 0 0
54 16 2 5 10F 0 0 0
190 36 3 2 6F 0 0 0
36 41 3 8 24F 0 0 0
51 5 3 2 6F 0 0 0
19 40 1 9 9F 0 0 0
97 37 1 7 7F 0 0 0
157 39 3 9 27F 0 0 0
186 39 1 4 4F 0 0 0
52 28 3 8 24F 0 0 0
100 4 3 4 12F 0 0 0
61 17 3 5 15F 0 0 0
62 31 2 9 18F 0 0 0
63 8 1 8 8F 0 0 0
134 39 2 2 4F 0 0 0
12 23 3 3 9F 0 0 0
193 29 2 9 18F 0 0 0
184 6 1 3 3F 0 0 0
74 39 1 7 7F 0 0 0
25 33 3 7 21F 0 0 0
167 19 3 8 24F 0 0 0
7 45 1 10 10F 0 0 0
20 16 2 8 16F 0 0 0
122 2 1 8 8F 0 0 0
182 40 1 6 6F 0 0 0
79 42 2 7 14F 0 0 0
80 3 3 6 18F 0 0 0
9 2 1 2 2F 0 0 0
165 30 1 2 2F 0 0 0
15 29 3 3 9F 0 0 0
97 4 2 2 4F 0 0 0
62 2 1 10 10F 0 0 0
86 9 3 4 12F 0 0 0
84 35 3 7 21F 0 0 0
5 2 3 5 15F 0 0 0
84 47 2 3 6F 0 0 0
32 48 1 9 9F 0 0 0
64 24 1 7 7F 0 0 0
140 9 2 5 10F 0 0 0
41 29 2 2 4F 0 0 0
120 30 3 2 6F 0 0 0
77 30 3 4 12F 0 0 0
148 21 2 7 14F 0 0 0
157 4 1 4 4F 0 0 0
62 15 3 3 9F 0 0 0
119 17 3 30 30F 0 0 0
101 24 2 10 20F 0 0 0
49 22 1 2 2F 0 0 0
53 33 3 4 12F 0 0 0
7 1 3 4 12F 0 0 0
188 37 3 5 15F 0 0 0
64 33 1 3 3F 0 0 0
152 48 1 3 3F 0 0 0
99 19 2 6 12F 0 0 0
103 49 1 8 8F 0 0 0
37 7 3 5 15F 0 0 0
113 12 2 6 12F 0 0 0
31 6 2 8 16F 0 0 0
156 32 1 8 8F 0 0 0
71 35 1 4 4F 0 0 0
57 1 2 2 4F 0 0 0
142 2 3 8 24F 0 0 0
167 21 2 8 16F 0 0 0
72 8 3 6 18F 0 0 0
175 38 1 9 9F 0 0 0
46 1 2 8 16F 0 0 0
180 26 3 2 6F 0 0 0
72 7 1 8 8F 0 0 0
50 40 2 1 2F 0 0 0
6 27 3 2 6F 0 0 0
133 35 1 6 6F 0 0 0
145 24 2 7 14F 0 0 0
23 6 3 8 24F 0 0 0
91 0 2 6 12F 0 0 0
173 5 1 5 5F 0 0 0
154 3 3 6 18F 0 0 0
129 45 1 8 8F 0 0 0
3 36 1 6 6F 0 0 0
48 41 1 6 6F 0 0 0
73 16 3 5 15F 0 0 0
5 43 2 5 10F 0 0 0
103 22 3 8 24F 0 0 0
106 42 3 3 9F 0 0 0
12 27 3 2 6F 0 0 0
182 20 1 5 5F 0 0 0
14 13 3 7 21F 0 0 0
97 5 2 4 8F 0 0 0
76 18 3 1 3F 0 0 0
44 14 1 2 2F 0 0 0
123 37 3 8 24F 0 0 0
156 19 1 10 10F 0 0 0
128 30 3 7 21F 0 0 0
64 42 2 9 18F 0 0 0
118 36 1 9 9F 0 0 0
179 8 3 1 3F 0 0 0
45 7 1 6 6F 0 0 0
89 16 1 5 5F 0 0 0
160 7 3 3 9F 0 0 0
116 1 1 8 8F 0 0 0
165 25 1 7 7F 0 0 0
166 26 3 6 18F 0 0 0
10 2 1 4 4F 0 0 0
62 43 1 10 10F 0 0 0
171 3 1 2 2F 0 0 0
128 16 3 9 27F 0 0 0
63 14 1 6 6F 0 0 0
135 22 3 5 15F 0 0 0
94 32 1 9 9F 0 0 0
191 35 3 30 30F 0 0 0
101 0 2 10 20F 0 0 0
103 42 1 10 10F 0 0 0
12 47 3 5 15F 0 0 0
134 20 3 5 15F 0 0 0
177 16 2 4 8F 0 0 0
97 11 2 5 10F 0 0 0
167 39 1 2 2F 0 0 0
106 10 2 3 6F 0 0 0
198 4 2 9 18F 0 0 0
142 34 1 5 5F 0 0 0
81 45 2 6 12F 0 0 0
98 43 2 8 16F 0 0 0
143 47 3 8 24F 0 0 0
54 40 3 2 6F 0 0 0
127 33 2 9 18F 0 0 0
120 24 1 3 3F 0 0 0
179 18 2 4 8F 0 0 0
130 48 3 30 30F 0 0 0
47 16 2 10 20F 0 0 0
194 19 2 7 14F 0 0 0
10 11 2 8 16F 0 0 0
159 38 1 10 10F 0 0 0
191 42 1 2 2F 0 0 0
110 16 2 1 2F 0 0 0
24 34 1 10 10F 0 0 0
84 25 3 1 3F 0 0 0
7 24 1 7 7F 0 0 0
95 15 2 5 10F 0 0 0
197 21 3 30 30F 0 0 0
54 28 1 5 5F 0 0 0
116 45 3 4 12F 0 0 0
86 2 3 4 12F 0 0 0
116 23 2 9 18F 0 0 0
47 5 2 8 16F 0 0 0
58 5 1 2 2F 0 0 0
137 32 3 1 3F 0 0 0
133 40 3 6 18F 0 0 0
81 33 2 2 4F 0 0 0
122 25 1 4 4F 0 0 0
183 31 1 6 6F 0 0 0
37 9 1 9 9F 0 0 0
37 15 2 1 2F 0 0 0
96 38 1 7 7F 0 0 0
64 22 1 6 6F 0 0 0
57 34 2 8 16F 0 0 0
168 16 1 10 10F 0 0 0
64 7 1 5 5F 0 0 0
143 22 3 2 6F 0 0 0
12 48 1 4 4F 0 0 0
181 48 1 8 8F 0 0 0
93 12 2 8 16F 0 0 0
99 28 3 30 30F 0 0 0
79 41 1 10 10F 0 0 0
121 36 3 7 21F 0 0 0
149 12 1 8 8F 0 0 0
139 17 2 7 14F 0 0 0
147 43 2 10 20F 0 0 0
31 21 3 2 6F 0 0 0
84 40 3 5 15F 0 0 0
103 39 3 4 12F 0 0 0
57 20 2 3 6F 0 0 0
194 48 3 5 15F 0 0 0
71 2 1 8 8F 0 0 0
136 47 1 6 6F 0 0 0
68 38 2 3 6F 0 0 0
166 21 1 6 6F 0 0 0
56 13 2 6 12F 0 0 0
133 43 2 9 18F 0 0 0
147 35 3 8 24F 0 0 0
5 37 2 2 4F 0 0 0
37 48 1 5 5F 0 0 0
110 40 1 7 7F 0 0 0
42 49 3 9 27F 0 0 0
108 42 2 2 4F 0 0 0
0 40 3 7 21F 0 0 0
13 26 1 5 5F 0 0 0
177 47 2 1 2F 0 0 0
38 39 3 9 27F 0 0 0
112 46 3 6 18F 0 0 0
21 36 2 7 14F 0 0 0
156 34 1 7 7F 0 0 0
183 11 2 10 20F 0 0 0
120 18 2 10 20F 0 0 0
52 32 3 3 9F 0 0 0
161 35 1 10 10F 0 0 0
21 46 3 9 27F 0 0 0
196 39 2 1 2F 0 0 0
199 5 1 5 5F 0 0 0
103 30 1 7 7F 0 0 0
23 29 2 4 8F 0 0 0
73 40 1 3 3F 0 0 0
133 13 2 7 14F 0 0 0
117 3 2 3 6F 0 0 0
117 21 2 8 16F 0 0 0
180 2 3 9 27F 0 0 0
117 45 1 7 7F 0 0 0
3 28 3 30 30F 0 0 0
44 34 2 5 10F 0 0 0
129 30 3 5 15F 0 0 0
194 5 2 9 18F 0 0 0
79 12 1 8 8F 0 0 0
115 1 3 8 24F 0 0 0
125 5 1 3 3F 0 0 0
196 6 2 3 6F 0 0 0
11 17 2 6 12F 0 0 0
114 9 3 1 3F 0 0 0
65 31 2 9 18F 0 0 0
34 19 3 5 15F 0 0 0
168 14 3 5 15F 0 0 0
118 32 2 8 16F 0 0 0
143 39 3 3 9F 0 0 0
95 19 1 10 10F 0 0 0
183 28 1 8 8F 0 0 0
192 39 3 3 9F 0 0 0
171 20 2 2 4F 0 0 0
0 23 2 1 2F 0 0 0
188 41 2 4 8F 0 0 0
174 21 1 3 3F 0 0 0
51 48 2 2 4F 0 0 0
25 45 2 1 2F 0 0 0
136 29 2 7 14F 0 0 0
132 41 2 7 14F 0 0 0
181 3 2 4 8F 0 0 0
139 11 2 5 10F 0 0 0
182 39 1 7 7F 0 0 0
134 30 3 1 3F 0 0 0
87 4 3 5 15F 0 0 0
93 14 3 30 30F 0 0 0
0 20 1 3 3F 0 0 0
66 41 2 6 12F 0 0 0
140 8 1 3 3F 0 0 0
172 12 2 7 14F 0 0 0
46 23 1 4 4F 0 0 0
91 32 3 3 9F 0 0 0
149 31 2 2 4F 0 0 0
98 49 2 10 20F 0 0 0
96 43 3 5 15F 0 0 0
56 31 3 8 24F 0 0 0
121 24 1 4 4F 0 0 0
119 20 1 10 10F 0 0 0
150 47 3 6 18F 0 0 0
57 35 2 3 6F 0 0 0
117 2 2 1 2F 0 0 0
124 19 3 7 21F 0 0 0
132 25 3 5 15F 0 0 0
192 11 3 6 18F 0 0 0
69 49 2 2 4F 0 0 0
39 20 2 10 20F 0 0 0
56 15 3 8 24F 0 0 0
80 14 2 3 6F 0 0 0
21 15 1 4 4F 0 0 0
79 44 1 4 4F 0 0 0
31 13 1 6 6F 0 0 0
87 36 2 5 10F 0 0 0
33 40 1 6 6F 0 0 0
94 31 1 4 4F 0 0 0
166 33 2 2 4F 0 0 0
199 16 3 6 18F 0 0 0
39 6 3 7 21F 0 0 0
147 22 2 8 16F 0 0 0
103 26 1 4 4F 0 0 0
76 49 2 10 20F 0 0 0
69 44 2 5 10F 0 0 0
125 44 3 9 27F 0 0 0
143 45 3 8 24F 0 0 0
29 7 3 3 9F 0 0 0
179 45 2 2 4F 0 0 0
132 20 3 2 6F 0 0 0
193 39 1 10 10F 0 0 0
71 7 1 6 6F 0 0 0
27 34 1 6 6F 0 0 0
51 30 3 5 15F 0 0 0
150 10 1 8 8F 0 0 0
18 15 3 1 3F 0 0 0
80 22 3 2 6F 0 0 0
28 37 2 8 16F 0 0 0
183 25 3 4 12F 0 0 0
113 40 1 2 2F 0 0 0
90 22 1 4 4F 0 0 0
140 31 1 6 6F 0 0 0
82 2 3 7 21F 0 0 0
142 8 3 4 12F 0 0 0
160 45 3 9 27F 0 0 0
135 19 2 7 14F 0 0 0
77 7 2 6 12F 0 0 0
183 20 3 4 12F 0 0 0
81 36 3 7 21F 0 0 0
147 32 2 9 18F 0 0 0
7 18 2 9 18F 0 0 0
179 11 1 3 3F 0 0 0
54 6 2 1 2F 0 0 0
111 19 2 2 4F 0 0 0
45 38 2 7 14F 0 0 0
24 29 2 2 4F 0 0 0
130 34 2 7 14F 0 0 0
55 15 3 7 21F 0 0 0
151 26 3 8 24F 0 0 0
19 27 2 5 10F 0 0 0
146 42 3 2 6F 0 0 0
89 4 1 7 7F 0 0 0
34 45 2 8 16F 0 0 0
42 28 2 1 2F 0 0 0
165 3 1 6 6F 0 0 0
195 46 2 2 4F 0 0 0
173 23 1 10 10F 0 0 0
132 47 3 4 12F 0 0 0
125 42 1 6 6F 0 0 0
155 14 1 6 6F 0 0 0
75 35 1 7 7F 0 0 0
198 13 2 6 12F 0 0 0
66 39 1 4 4F 0 0 0
84 34 1 5 5F 0 0 0
174 30 2 2 4F 0 0 0
131 46 2 4 8F 0 0 0
90 35 3 1 3F 0 0 0
182 27 2 3 6F 0 0 0
54 39 1 10 10F 0 0 0
33 49 2 1 2F 0 0 0
151 11 2 3 6F 0 0 0
16 0 1 6 6F 0 0 0
28 5 3 6 18F 0 0 0
174 11 3 6 18F 0 0 0
65 2 2 8 16F 0 0 0
63 44 1 3 3F 0 0 0
1 26 2 8 16F 0 0 0
70 2 1 4 4F 0 0 0
7 36 1 8 8F 0 0 0
33 44 2 6 12F 0 0 0
51 17 3 9 27F 0 0 0
36 28 2 4 8F 0 0 0
