1000
58 37 2 9 18F 0 0 0
189 0 2 1 2F 0 0 0
6 39 1 3 3F 0 0 0
131 27 3 9 27F 0 0 0
73 25 2 5 10F 0 0 0
186 1 3 4 12F 0 0 0
4 27 1 10 10F 0 0 0
70 4 3 4 12F 0 0 0
192 1 1 5 5F 0 0 0
175 44 1 3 3F 0 0 0
120 9 1 4 4F 0 0 0
142 14 1 10 10F 0 0 0
15 30 1 8 8F 0 0 0
34 38 2 5 10F 0 0 0
159 19 1 2 2F 0 0 0
93 19 2 3 6F 0 0 0
75 14 3 7 21F 0 0 0
107 35 2 10 20F 0 0 0
97 49 1 2 2F 0 0 0
86 21 2 5 10F 0 0 0
82 45 2 10 20F 0 0 0
175 20 2 10 20F 0 0 0
58 6 2 1 2F 0 0 0
24 34 2 5 10F 0 0 0
198 17 2 5 10F 0 0 0
163 26 1 3 3F 0 0 0
172 13 3 1 3F 0 0 0
8 34 1 5 5F 0 0 0
65 7 3 5 15F 0 0 0
135 15 2 2 4F 0 0 0
130 18 1 7 7F 0 0 0
2 0 2 2 4F 0 0 0
89 5 1 6 6F 0 0 0
155 13 3 6 18F 0 0 0
97 30 1 2 2F 0 0 0
194 13 1 4 4F 0 0 0
174 39 3 1 3F 0 0 0
141 12 3 4 12F 0 0 0
103 30 2 9 18F 0 0 0
11 37 2 2 4F 0 0 0
113 27 2 2 4F 0 0 0
25 49 1 10 10F 0 0 0
136 24 2 8 16F 0 0 0
125 32 3 4 12F 0 0 0
140 28 3 5 15F 0 0 0
189 14 3 1 3F 0 0 0
97 40 3 7 21F 0 0 0
185 49 1 9 9F 0 0 0
47 14 1 10 10F 0 0 0
93 44 1 10 10F 0 0 0
29 1 3 9 27F 0 0 0
117 27 2 7 14F 0 0 0
175 21 1 7 7F 0 0 0
189 6 3 30 30F 0 0 0
101 40 2 10 20F 0 0 0
182 26 2 2 4F 0 0 0
117 3 1 4 4F 0 0 0
115 43 2 8 16F 0 0 0
59 41 2 5 10F 0 0 0
17 28 2 6 12F 0 0 0
140 32 2 8 16F 0 0 0
57 24 3 2 6F 0 0 0
169 48 1 4 4F 0 0 0
191 44 2 8 16F 0 0 0
81 1 2 4 8F 0 0 0
34 29 2 4 8F 0 0 0
183 31 2 8 16F 0 0 0
137 19 1 6 6F 0 0 0
85 41 3 6 18F 0 0 0
62 22 1 3 3F 0 0 0
143 17 3 8 24F 0 0 0
16 10 3 8 24F 0 0 0
140 29 2 2 4F 0 0 0
168 42 3 4 12F 0 0 0
55 44 3 5 15F 0 0 0
98 14 1 8 8F 0 0 0
6 5 2 10 20F 0 0 0
193 28 1 3 3F 0 0 0
139 16 2 4 8F 0 0 0
100 4 1 3 3F 0 0 0
165 31 1 8 8F 0 0 0
13 26 2 1 2F 0 0 0
11 29 2 5 10F 0 0 0
74 22 2 3 6F 0 0 0
105 35 3 4 12F 0 0 0
171 16 1 9 9F 0 0 0
108 12 1 5 5F 0 0 0
32 1 3 8 24F 0 0 0
119 20 2 6 12F 0 0 0
145 31 3 8 24F 0 0 0
175 49 1 9 9F 0 0 0
35 18 3 4 12F 0 0 0
41 38 1 8 8F 0 0 0
40 48 3 4 12F 0 0 0
28 23 2 8 16F 0 0 0
194 10 3 5 15F 0 0 0
13 28 3 2 6F 0 0 0
174 31 2 6 12F 0 0 0
104 27 2 9 18F 0 0 0
83 49 1 3 3F 0 0 0
28 16 2 1 2F 0 0 0
143 28 3 6 18F 0 0 0
71 21 2 7 14F 0 0 0
14 11 3 2 6F 0 0 0
133 4 3 9 27F 0 0 0
146 49 2 7 14F 0 0 0
191 36 1 2 2F 0 0 0
154 28 3 7 21F 0 0 0
172 25 3 4 12F 0 0 0
195 41 2 8 16F 0 0 0
164 32 3 5 15F 0 0 0
165 25 2 7 14F 0 0 0
112 13 3 4 12F 0 0 0
78 24 2 9 18F 0 0 0
85 49 3 4 12F 0 0 0
32 22 2 10 20F 0 0 0
143 6 2 6 12F 0 0 0
176 5 2 3 6F 0 0 0
180 30 1 3 3F 0 0 0
13 46 2 4 8F 0 0 0
116 39 2 6 12F 0 0 0
118 22 2 8 16F 0 0 0
126 23 3 6 18F 0 0 0
73 19 3 4 12F 0 0 0
21 29 3 9 27F 0 0 0
24 22 2 1 2F 0 0 0
118 27 3 2 6F 0 0 0
87 4 2 9 18F 0 0 0
199 49 3 3 9F 0 0 0
122 41 3 6 18F 0 0 0
83 9 3 30 30F 0 0 0
85 11 3 7 21F 0 0 0
153 7 3 3 9F 0 0 0
101 29 1 10 10F 0 0 0
35 49 2 5 10F 0 0 0
96 30 3 9 27F 0 0 0
114 35 1 2 2F 0 0 0
66 19 2 6 12F 0 0 0
63 21 1 4 4F 0 0 0
176 40 2 3 6F 0 0 0
103 29 3 30 30F 0 0 0
71 39 3 9 27F 0 0 0
77 22 2 3 6F 0 0 0
191 25 2 7 14F 0 0 0
50 14 2 7 14F 0 0 0
38 32 2 2 4F 0 0 0
4 35 3 6 18F 0 0 0
197 17 3 9 27F 0 0 0
35 5 3 1 3F 0 0 0
6 35 2 1 2F 0 0 0
41 6 2 10 20F 0 0 0
116 47 2 5 10F 0 0 0
156 48 2 2 4F 0 0 0
112 23 3 7 21F 0 0 0
113 49 1 7 7F 0 0 0
181 33 2 7 14F 0 0 0
76 4 1 7 7F 0 0 0
70 18 3 4 12F 0 0 0
103 4 2 7 14F 0 0 0
52 34 1 2 2F 0 0 0
124 35 1 6 6F 0 0 0
195 28 2 5 10F 0 0 0
198 9 1 2 2F 0 0 0
24 11 2 10 20F 0 0 0
162 47 1 9 9F 0 0 0
197 46 3 30 30F 0 0 0
125 45 1 7 7F 0 0 0
82 10 3 3 9F 0 0 0
88 4 3 30 30F 0 0 0
50 32 2 5 10F 0 0 0
101 44 2 9 18F 0 0 0
13 35 3 9 27F 0 0 0
44 28 1 2 2F 0 0 0
171 13 2 2 4F 0 0 0
147 10 3 2 6F 0 0 0
169 10 3 9 27F 0 0 0
10 0 1 8 8F 0 0 0
101 47 3 6 18F 0 0 0
131 15 1 2 2F 0 0 0
53 2 3 9 27F 0 0 0
63 13 1 9 9F 0 0 0
6 27 1 5 5F 0 0 0
35 39 1 9 9F 0 0 0
49 44 2 8 16F 0 0 0
190 46 3 7 21F 0 0 0
66 23 1 10 10F 0 0 0
133 2 3 8 24F 0 0 0
106 15 3 5 15F 0 0 0
55 9 3 9 27F 0 0 0
132 22 1 3 3F 0 0 0
64 19 2 9 18F 0 0 0
177 29 2 1 2F 0 0 0
43 3 1 5 5F 0 0 0
143 35 3 9 27F 0 0 0
141 0 1 8 8F 0 0 0
8 13 3 8 24F 0 0 0
169 34 3 7 21F 0 0 0
117 16 3 3 9F 0 0 0
98 16 2 3 6F 0 0 0
126 3 3 7 21F 0 0 0
29 42 2 8 16F 0 0 0
48 17 2 4 8F 0 0 0
129 6 1 3 3F 0 0 0
194 9 3 7 21F 0 0 0
20 40 3 6 18F 0 0 0
153 29 3 3 9F 0 0 0
172 20 1 7 7F 0 0 0
10 33 3 1 3F 0 0 0
65 25 2 7 14F 0 0 0
90 42 3 6 18F 0 0 0
143 18 3 7 21F 0 0 0
158 46 2 4 8F 0 0 0
61 32 1 3 3F 0 0 0
141 45 2 6 12F 0 0 0
91 40 1 2 2F 0 0 0
165 28 1 4 4F 0 0 0
22 26 2 10 20F 0 0 0
147 28 2 1 2F 0 0 0
146 6 2 8 16F 0 0 0
115 31 1 10 10F 0 0 0
195 29 2 5 10F 0 0 0
143 43 3 3 9F 0 0 0
77 39 1 4 4F 0 0 0
150 35 1 10 10F 0 0 0
50 37 1 9 9F 0 0 0
148 41 3 5 15F 0 0 0
1 8 1 5 5F 0 0 0
93 17 1 5 5F 0 0 0
148 37 3 7 21F 0 0 0
63 47 2 4 8F 0 0 0
174 16 3 9 27F 0 0 0
58 4 2 5 10F 0 0 0
169 12 1 4 4F 0 0 0
91 33 2 4 8F 0 0 0
146 0 2 3 6F 0 0 0
40 44 2 4 8F 0 0 0
122 3 2 1 2F 0 0 0
126 10 2 6 12F 0 0 0
192 13 1 6 6F 0 0 0
79 34 3 7 21F 0 0 0
72 37 1 4 4F 0 0 0
136 9 3 5 15F 0 0 0
139 49 1 6 6F 0 0 0
16 47 2 4 8F 0 0 0
95 25 1 5 5F 0 0 0
159 8 2 4 8F 0 0 0
149 31 3 2 6F 0 0 0
20 49 2 3 6F 0 0 0
127 7 1 9 9F 0 0 0
35 2 3 5 15F 0 0 0
69 43 2 5 10F 0 0 0
34 0 3 6 18F 0 0 0
185 1 2 1 2F 0 0 0
129 17 1 4 4F 0 0 0
63 15 2 9 18F 0 0 0
156 43 3 2 6F 0 0 0
23 45 2 9 18F 0 0 0
92 4 2 7 14F 0 0 0
146 38 3 1 3F 0 0 0
2 43 1 7 7F 0 0 0
119 16 3 6 18F 0 0 0
11 23 1 9 9F 0 0 0
159 12 1 2 2F 0 0 0
28 18 1 4 4F 0 0 0
9 21 2 9 18F 0 0 0
44 7 1 7 7F 0 0 0
165 9 3 7 21F 0 0 0
126 27 3 4 12F 0 0 0
88 48 2 5 10F 0 0 0
159 20 1 8 8F 0 0 0
124 4 3 3 9F 0 0 0
10 26 2 3 6F 0 0 0
39 36 3 3 9F 0 0 0
3 28 3 2 6F 0 0 0
189 36 2 8 16F 0 0 0
178 24 2 2 4F 0 0 0
161 10 2 7 14F 0 0 0
129 9 3 30 30F 0 0 0
61 37 3 30 30F 0 0 0
63 44 1 5 5F 0 0 0
193 25 3 5 15F 0 0 0
36 25 1 6 6F 0 0 0
50 3 2 6 12F 0 0 0
177 32 1 2 2F 0 0 0
99 1 3 3 9F 0 0 0
81 39 2 6 12F 0 0 0
149 38 3 5 15F 0 0 0
80 31 1 7 7F 0 0 0
86 11 3 1 3F 0 0 0
172 12 1 5 5F 0 0 0
91 11 2 7 14F 0 0 0
59 4 3 1 3F 0 0 0
108 24 3 7 21F 0 0 0
38 40 3 8 24F 0 0 0
71 9 2 4 8F 0 0 0
168 41 2 10 20F 0 0 0
44 10 2 9 18F 0 0 0
141 42 3 3 9F 0 0 0
35 14 2 7 14F 0 0 0
2 23 3 5 15F 0 0 0
161 45 3 1 3F 0 0 0
65 26 1 8 8F 0 0 0
23 47 3 6 18F 0 0 0
178 48 1 7 7F 0 0 0
111 9 2 7 14F 0 0 0
70 11 1 5 5F 0 0 0
78 0 1 4 4F 0 0 0
37 41 1 2 2F 0 0 0
96 3 3 9 27F 0 0 0
135 41 3 7 21F 0 0 0
165 43 2 4 8F 0 0 0
8 7 3 1 3F 0 0 0
195 6 2 5 10F 0 0 0
101 36 2 5 10F 0 0 0
5 20 2 5 10F 0 0 0
125 23 1 3 3F 0 0 0
15 48 2 3 6F 0 0 0
63 32 1 4 4F 0 0 0
105 5 2 6 12F 0 0 0
88 0 1 9 9F 0 0 0
168 19 3 7 21F 0 0 0
114 41 1 3 3F 0 0 0
133 47 1 5 5F 0 0 0
38 1 1 6 6F 0 0 0
168 37 3 5 15F 0 0 0
30 38 2 8 16F 0 0 0
16 39 3 7 21F 0 0 0
185 27 2 1 2F 0 0 0
123 23 2 9 18F 0 0 0
178 47 3 8 24F 0 0 0
29 34 3 7 21F 0 0 0
170 27 3 4 12F 0 0 0
88 37 1 6 6F 0 0 0
163 24 1 3 3F 0 0 0
28 6 1 9 9F 0 0 0
137 47 2 3 6F 0 0 0
5 30 3 8 24F 0 0 0
147 33 2 7 14F 0 0 0
97 44 2 6 12F 0 0 0
168 28 3 1 3F 0 0 0
76 33 1 3 3F 0 0 0
156 39 2 2 4F 0 0 0
191 30 2 10 20F 0 0 0
168 35 1 2 2F 0 0 0
83 40 2 5 10F 0 0 0
26 11 1 5 5F 0 0 0
114 36 1 5 5F 0 0 0
191 47 3 9 27F 0 0 0
17 34 2 8 16F 0 0 0
79 39 3 1 3F 0 0 0
59 32 1 3 3F 0 0 0
146 47 3 5 15F 0 0 0
31 14 1 5 5F 0 0 0
113 32 1 7 7F 0 0 0
37 31 1 7 7F 0 0 0
92 47 1 7 7F 0 0 0
105 32 1 9 9F 0 0 0
37 21 2 6 12F 0 0 0
84 0 1 10 10F 0 0 0
159 34 3 9 27F 0 0 0
109 12 2 1 2F 0 0 0
48 11 3 9 27F 0 0 0
11 4 2 9 18F 0 0 0
72 25 2 1 2F 0 0 0
51 45 2 7 14F 0 0 0
76 43 2 10 20F 0 0 0
70 36 3 3 9F 0 0 0
192 5 1 10 10F 0 0 0
79 40 3 5 15F 0 0 0
137 9 3 2 6F 0 0 0
127 43 3 7 21F 0 0 0
80 47 3 9 27F 0 0 0
101 34 2 9 18F 0 0 0
182 23 2 10 20F 0 0 0
29 36 3 6 18F 0 0 0
54 16 1 9 9F 0 0 0
47 5 3 7 21F 0 0 0
40 6 2 2 4F 0 0 0
31 5 2 8 16F 0 0 0
139 13 2 6 12F 0 0 0
88 17 2 1 2F 0 0 0
190 35 2 10 20F 0 0 0
110 7 1 4 4F 0 0 0
89 11 2 6 12F 0 0 0
134 37 3 30 30F 0 0 0
38 3 1 8 8F 0 0 0
14 43 2 7 14F 0 0 0
185 34 2 9 18F 0 0 0
171 3 1 3 3F 0 0 0
101 45 3 8 24F 0 0 0
5 46 2 7 14F 0 0 0
50 31 1 6 6F 0 0 0
196 36 2 10 20F 0 0 0
34 35 3 6 18F 0 0 0
145 28 2 7 14F 0 0 0
45 40 1 8 8F 0 0 0
198 33 1 5 5F 0 0 0
28 10 3 6 18F 0 0 0
112 11 1 8 8F 0 0 0
74 40 3 9 27F 0 0 0
81 36 3 4 12F 0 0 0
99 5 2 10 20F 0 0 0
165 21 3 7 21F 0 0 0
157 3 2 8 16F 0 0 0
89 32 3 6 18F 0 0 0
159 28 2 2 4F 0 0 0
7 3 2 9 18F 0 0 0
196 3 1 8 8F 0 0 0
20 23 2 1 2F 0 0 0
59 34 3 7 21F 0 0 0
86 3 3 1 3F 0 0 0
160 33 1 7 7F 0 0 0
129 20 2 7 14F 0 0 0
114 33 1 5 5F 0 0 0
134 36 1 2 2F 0 0 0
115 17 2 2 4F 0 0 0
0 20 1 4 4F 0 0 0
19 14 1 9 9F 0 0 0
39 9 3 30 30F 0 0 0
81 40 3 30 30F 0 0 0
67 45 1 2 2F 0 0 0
105 26 3 6 18F 0 0 0
195 2 3 2 6F 0 0 0
24 29 3 7 21F 0 0 0
78 35 3 3 9F 0 0 0
77 12 2 5 10F 0 0 0
14 12 2 6 12F 0 0 0
161 23 2 2 4F 0 0 0
68 22 2 8 16F 0 0 0
5 21 2 9 18F 0 0 0
87 6 1 8 8F 0 0 0
146 33 2 3 6F 0 0 0
13 16 3 4 12F 0 0 0
170 32 2 7 14F 0 0 0
14 38 3 6 18F 0 0 0
108 14 2 10 20F 0 0 0
134 16 2 8 16F 0 0 0
141 4 2 5 10F 0 0 0
8 33 3 9 27F 0 0 0
67 19 3 5 15F 0 0 0
118 6 3 1 3F 0 0 0
5 11 3 30 30F 0 0 0
191 42 3 30 30F 0 0 0
177 37 3 6 18F 0 0 0
93 47 1 6 6F 0 0 0
164 17 1 2 2F 0 0 0
132 30 2 5 10F 0 0 0
29 15 3 9 27F 0 0 0
76 0 3 2 6F 0 0 0
28 28 3 7 21F 0 0 0
28 30 2 6 12F 0 0 0
37 0 2 5 10F 0 0 0
128 23 3 1 3F 0 0 0
103 27 2 3 6F 0 0 0
1 48 1 7 7F 0 0 0
72 14 3 8 24F 0 0 0
117 6 1 4 4F 0 0 0
195 5 2 7 14F 0 0 0
4 45 3 6 18F 0 0 0
14 25 3 7 21F 0 0 0
83 39 1 10 10F 0 0 0
61 2 2 9 18F 0 0 0
74 19 3 3 9F 0 0 0
6 40 1 6 6F 0 0 0
74 13 3 7 21F 0 0 0
139 26 3 9 27F 0 0 0
92 17 1 7 7F 0 0 0
74 42 2 6 12F 0 0 0
61 39 3 4 12F 0 0 0
186 15 2 8 16F 0 0 0
150 40 3 7 21F 0 0 0
65 18 2 2 4F 0 0 0
139 19 3 2 6F 0 0 0
189 9 1 7 7F 0 0 0
177 34 1 9 9F 0 0 0
55 35 3 30 30F 0 0 0
194 44 3 9 27F 0 0 0
81 13 3 1 3F 0 0 0
196 23 2 8 16F 0 0 0
162 30 3 8 24F 0 0 0
153 21 1 8 8F 0 0 0
148 21 2 6 12F 0 0 0
34 5 1 2 2F 0 0 0
149 47 2 6 12F 0 0 0
73 10 3 6 18F 0 0 0
138 43 1 6 6F 0 0 0
76 41 1 5 5F 0 0 0
31 11 1 5 5F 0 0 0
146 13 3 8 24F 0 0 0
91 6 2 5 10F 0 0 0
102 26 3 7 21F 0 0 0
61 49 1 9 9F 0 0 0
91 9 2 2 4F 0 0 0
190 4 3 8 24F 0 0 0
15 27 3 8 24F 0 0 0
197 22 2 4 8F 0 0 0
56 15 2 1 2F 0 0 0
190 7 3 3 9F 0 0 0
135 9 2 4 8F 0 0 0
114 48 1 9 9F 0 0 0
150 20 2 9 18F 0 0 0
157 40 3 6 18F 0 0 0
44 22 2 8 16F 0 0 0
180 39 1 6 6F 0 0 0
51 21 1 3 3F 0 0 0
128 12 3 3 9F 0 0 0
0 43 1 10 10F 0 0 0
58 25 2 1 2F 0 0 0
81 48 3 8 24F 0 0 0
105 44 3 8 24F 0 0 0
128 45 2 4 8F 0 0 0
77 9 3 9 27F 0 0 0
58 16 1 3 3F 0 0 0
87 21 3 9 27F 0 0 0
190 40 2 10 20F 0 0 0
136 36 1 6 6F 0 0 0
116 7 1 4 4F 0 0 0
159 46 1 2 2F 0 0 0
92 10 3 4 12F 0 0 0
176 18 1 8 8F 0 0 0
34 41 2 4 8F 0 0 0
88 24 2 4 8F 0 0 0
95 18 3 7 21F 0 0 0
99 4 1 6 6F 0 0 0
154 0 2 2 4F 0 0 0
187 26 2 5 10F 0 0 0
69 12 3 6 18F 0 0 0
76 12 1 8 8F 0 0 0
80 26 2 3 6F 0 0 0
131 17 1 9 9F 0 0 0
80 11 3 5 15F 0 0 0
174 42 3 9 27F 0 0 0
104 18 3 9 27F 0 0 0
70 47 2 3 6F 0 0 0
104 31 1 6 6F 0 0 0
31 18 2 10 20F 0 0 0
83 7 1 3 3F 0 0 0
90 13 2 5 10F 0 0 0
135 31 2 1 2F 0 0 0
120 25 3 3 9F 0 0 0
177 23 1 2 2F 0 0 0
9 48 3 9 27F 0 0 0
98 1 2 1 2F 0 0 0
108 23 3 9 27F 0 0 0
167 11 2 7 14F 0 0 0
147 48 3 6 18F 0 0 0
183 11 3 3 9F 0 0 0
16 43 3 30 30F 0 0 0
136 22 3 8 24F 0 0 0
2 19 1 4 4F 0 0 0
126 8 3 6 18F 0 0 0
51 5 1 6 6F 0 0 0
137 6 1 6 6F 0 0 0
126 49 1 10 10F 0 0 0
178 13 3 4 12F 0 0 0
104 6 3 6 18F 0 0 0
96 0 3 9 27F 0 0 0
5 15 2 6 12F 0 0 0
100 1 3 1 3F 0 0 0
20 29 1 8 8F 0 0 0
174 13 2 3 6F 0 0 0
18 12 2 6 12F 0 0 0
115 0 2 2 4F 0 0 0
94 48 2 5 10F 0 0 0
101 19 3 9 27F 0 0 0
128 49 3 8 24F 0 0 0
146 10 1 2 2F 0 0 0
139 32 2 3 6F 0 0 0
135 2 1 5 5F 0 0 0
197 41 1 2 2F 0 0 0
116 18 3 1 3F 0 0 0
80 35 3 8 24F 0 0 0
43 25 2 6 12F 0 0 0
152 21 3 6 18F 0 0 0
85 18 3 5 15F 0 0 0
11 49 2 1 2F 0 0 0
52 26 2 3 6F 0 0 0
89 12 2 10 20F 0 0 0
115 14 3 5 15F 0 0 0
7 28 1 7 7F 0 0 0
101 39 3 5 15F 0 0 0
127 29 1 7 7F 0 0 0
142 44 2 1 2F 0 0 0
156 10 3 8 24F 0 0 0
28 44 3 2 6F 0 0 0
149 18 2 2 4F 0 0 0
58 26 2 7 14F 0 0 0
38 38 3 6 18F 0 0 0
140 39 1 4 4F 0 0 0
11 11 2 6 12F 0 0 0
173 13 2 3 6F 0 0 0
57 47 3 8 24F 0 0 0
118 44 2 3 6F 0 0 0
93 38 3 7 21F 0 0 0
82 23 2 2 4F 0 0 0
174 4 3 2 6F 0 0 0
124 32 2 4 8F 0 0 0
129 5 3 3 9F 0 0 0
24 48 3 7 21F 0 0 0
138 16 1 5 5F 0 0 0
129 37 3 8 24F 0 0 0
79 11 1 7 7F 0 0 0
86 2 1 9 9F 0 0 0
173 10 2 9 18F 0 0 0
61 29 3 5 15F 0 0 0
27 46 1 3 3F 0 0 0
128 6 2 1 2F 0 0 0
164 45 3 2 6F 0 0 0
122 7 1 7 7F 0 0 0
10 28 3 2 6F 0 0 0
191 41 1 5 5F 0 0 0
185 41 1 9 9F 0 0 0
65 19 2 2 4F 0 0 0
93 30 2 10 20F 0 0 0
118 12 1 7 7F 0 0 0
53 32 3 7 21F 0 0 0
198 23 2 9 18F 0 0 0
39 43 3 2 6F 0 0 0
54 3 2 9 18F 0 0 0
95 45 3 2 6F 0 0 0
161 29 3 2 6F 0 0 0
45 22 1 3 3F 0 0 0
55 38 2 2 4F 0 0 0
122 36 3 2 6F 0 0 0
161 46 1 2 2F 0 0 0
38 19 2 6 12F 0 0 0
71 33 2 1 2F 0 0 0
40 36 1 8 8F 0 0 0
24 39 1 8 8F 0 0 0
112 43 1 5 5F 0 0 0
164 31 1 6 6F 0 0 0
66 3 3 8 24F 0 0 0
29 9 2 9 18F 0 0 0
110 24 3 9 27F 0 0 0
15 47 3 7 21F 0 0 0
192 23 3 1 3F 0 0 0
31 38 1 4 4F 0 0 0
145 18 1 9 9F 0 0 0
74 46 3 6 18F 0 0 0
155 34 3 2 6F 0 0 0
181 43 3 4 12F 0 0 0
153 49 1 4 4F 0 0 0
27 49 3 8 24F 0 0 0
32 46 1 6 6F 0 0 0
97 33 3 6 18F 0 0 0
69 0 3 5 15F 0 0 0
189 38 2 8 16F 0 0 0
157 2 3 9 27F 0 0 0
185 23 3 7 21F 0 0 0
96 35 3 3 9F 0 0 0
38 44 3 7 21F 0 0 0
66 26 2 8 16F 0 0 0
29 3 3 8 24F 0 0 0
186 32 1 10 10F 0 0 0
27 5 1 2 2F 0 0 0
7 5 2 6 12F 0 0 0
96 40 1 6 6F 0 0 0
112 15 2 4 8F 0 0 0
112 31 1 8 8F 0 0 0
172 4 2 6 12F 0 0 0
57 12 1 8 8F 0 0 0
75 1 1 10 10F 0 0 0
105 38 3 2 6F 0 0 0
162 20 1 4 4F 0 0 0
46 18 1 9 9F 0 0 0
3 45 2 5 10F 0 0 0
132 17 3 6 18F 0 0 0
34 39 2 3 6F 0 0 0
161 34 3 1 3F 0 0 0
41 49 3 3 9F 0 0 0
171 19 1 7 7F 0 0 0
70 13 3 9 27F 0 0 0
40 4 2 5 10F 0 0 0
21 5 2 4 8F 0 0 0
107 21 3 3 9F 0 0 0
70 42 2 8 16F 0 0 0
166 23 3 1 3F 0 0 0
82 17 2 6 12F 0 0 0
0 18 1 2 2F 0 0 0
24 19 3 4 12F 0 0 0
135 33 3 6 18F 0 0 0
67 2 3 3 9F 0 0 0
23 18 3 8 24F 0 0 0
148 13 1 5 5F 0 0 0
79 8 2 9 18F 0 0 0
180 26 3 2 6F 0 0 0
189 11 2 5 10F 0 0 0
150 45 1 3 3F 0 0 0
41 2 2 6 12F 0 0 0
159 39 2 3 6F 0 0 0
111 45 1 4 4F 0 0 0
178 22 3 1 3F 0 0 0
51 49 1 4 4F 0 0 0
22 45 2 10 20F 0 0 0
185 22 3 1 3F 0 0 0
199 12 1 4 4F 0 0 0
102 19 3 7 21F 0 0 0
111 23 2 3 6F 0 0 0
160 9 2 5 10F 0 0 0
151 10 3 2 6F 0 0 0
184 1 2 10 20F 0 0 0
78 42 3 1 3F 0 0 0
55 16 3 5 15F 0 0 0
90 27 1 2 2F 0 0 0
14 19 2 4 8F 0 0 0
14 10 3 1 3F 0 0 0
60 35 3 6 18F 0 0 0
132 14 2 2 4F 0 0 0
142 29 3 8 24F 0 0 0
84 42 3 9 27F 0 0 0
49 3 2 6 12F 0 0 0
28 20 3 8 24F 0 0 0
51 28 2 5 10F 0 0 0
97 13 3 7 21F 0 0 0
49 21 1 3 3F 0 0 0
11 30 3 6 18F 0 0 0
3 26 3 3 9F 0 0 0
131 29 1 9 9F 0 0 0
4 12 2 1 2F 0 0 0
11 26 1 7 7F 0 0 0
178 12 1 5 5F 0 0 0
80 37 3 7 21F 0 0 0
81 18 3 1 3F 0 0 0
198 37 1 7 7F 0 0 0
112 45 3 9 27F 0 0 0
33 38 3 4 12F 0 0 0
133 39 2 1 2F 0 0 0
136 33 2 6 12F 0 0 0
176 20 3 2 6F 0 0 0
197 36 3 6 18F 0 0 0
163 16 2 7 14F 0 0 0
12 2 3 6 18F 0 0 0
64 27 3 7 21F 0 0 0
190 36 3 7 21F 0 0 0
64 43 1 5 5F 0 0 0
143 27 3 8 24F 0 0 0
139 1 2 1 2F 0 0 0
77 16 1 8 8F 0 0 0
137 3 3 2 6F 0 0 0
120 37 3 2 6F 0 0 0
87 17 2 3 6F 0 0 0
175 43 3 8 24F 0 0 0
140 20 3 1 3F 0 0 0
189 23 3 7 21F 0 0 0
88 29 2 10 20F 0 0 0
102 17 2 8 16F 0 0 0
109 47 3 9 27F 0 0 0
168 0 3 6 18F 0 0 0
167 6 1 3 3F 0 0 0
178 7 3 3 9F 0 0 0
42 24 1 2 2F 0 0 0
186 31 1 10 10F 0 0 0
146 14 3 5 15F 0 0 0
46 21 1 9 9F 0 0 0
89 46 2 1 2F 0 0 0
163 37 2 6 12F 0 0 0
111 39 3 6 18F 0 0 0
155 4 3 5 15F 0 0 0
195 1 3 30 30F 0 0 0
69 4 3 5 15F 0 0 0
155 10 2 2 4F 0 0 0
61 15 1 6 6F 0 0 0
78 48 2 9 18F 0 0 0
181 7 3 3 9F 0 0 0
23 16 1 2 2F 0 0 0
186 43 3 9 27F 0 0 0
22 41 1 6 6F 0 0 0
5 28 2 10 20F 0 0 0
4 16 2 3 6F 0 0 0
149 40 1 7 7F 0 0 0
118 32 1 5 5F 0 0 0
48 26 2 5 10F 0 0 0
125 11 1 6 6F 0 0 0
197 35 1 5 5F 0 0 0
189 48 3 7 21F 0 0 0
15 2 3 2 6F 0 0 0
26 23 2 4 8F 0 0 0
81 0 3 7 21F 0 0 0
81 23 1 10 10F 0 0 0
71 48 1 5 5F 0 0 0
80 46 3 1 3F 0 0 0
17 47 2 9 18F 0 0 0
72 27 2 4 8F 0 0 0
140 15 2 9 18F 0 0 0
169 6 2 10 20F 0 0 0
184 39 3 4 12F 0 0 0
53 31 3 30 30F 0 0 0
34 28 1 3 3F 0 0 0
105 20 1 2 2F 0 0 0
125 34 2 10 20F 0 0 0
8 23 3 3 9F 0 0 0
66 41 3 3 9F 0 0 0
23 34 1 8 8F 0 0 0
67 49 2 1 2F 0 0 0
161 31 2 4 8F 0 0 0
42 2 3 1 3F 0 0 0
34 13 2 9 18F 0 0 0
190 9 3 30 30F 0 0 0
28 40 3 2 6F 0 0 0
48 30 3 1 3F 0 0 0
172 26 1 7 7F 0 0 0
121 48 3 4 12F 0 0 0
191 35 3 1 3F 0 0 0
1 10 3 2 6F 0 0 0
168 22 2 2 4F 0 0 0
51 9 3 9 27F 0 0 0
6 18 1 6 6F 0 0 0
58 14 3 6 18F 0 0 0
188 0 2 5 10F 0 0 0
110 38 2 2 4F 0 0 0
145 6 1 8 8F 0 0 0
71 32 1 5 5F 0 0 0
94 6 1 5 5F 0 0 0
183 30 3 2 6F 0 0 0
157 7 3 6 18F 0 0 0
3 34 1 9 9F 0 0 0
8 41 2 2 4F 0 0 0
117 13 2 5 10F 0 0 0
75 34 3 2 6F 0 0 0
4 6 1 3 3F 0 0 0
184 7 2 6 12F 0 0 0
162 4 2 10 20F 0 0 0
161 37 3 2 6F 0 0 0
104 48 3 6 18F 0 0 0
120 6 2 8 16F 0 0 0
13 33 3 1 3F 0 0 0
61 24 1 7 7F 0 0 0
55 11 3 8 24F 0 0 0
99 49 2 4 8F 0 0 0
193 35 1 4 4F 0 0 0
70 32 3 9 27F 0 0 0
89 34 1 9 9F 0 0 0
167 5 3 9 27F 0 0 0
45 7 2 5 10F 0 0 0
123 9 3 8 24F 0 0 0
17 12 2 4 8F 0 0 0
134 41 3 30 30F 0 0 0
169 24 3 7 21F 0 0 0
20 33 3 8 24F 0 0 0
24 20 3 30 30F 0 0 0
148 4 1 8 8F 0 0 0
60 31 1 9 9F 0 0 0
127 18 1 5 5F 0 0 0
63 38 1 4 4F 0 0 0
33 10 1 6 6F 0 0 0
33 12 2 4 8F 0 0 0
146 29 1 9 9F 0 0 0
12 47 2 2 4F 0 0 0
52 45 2 9 18F 0 0 0
130 0 1 6 6F 0 0 0
155 12 3 9 27F 0 0 0
93 29 3 8 24F 0 0 0
97 20 2 10 20F 0 0 0
99 26 2 1 2F 0 0 0
33 44 3 7 21F 0 0 0
35 35 2 8 16F 0 0 0
155 20 2 1 2F 0 0 0
56 1 3 5 15F 0 0 0
165 36 3 1 3F 0 0 0
11 5 1 7 7F 0 0 0
33 15 2 5 10F 0 0 0
171 20 3 4 12F 0 0 0
66 9 3 7 21F 0 0 0
71 19 2 10 20F 0 0 0
53 17 3 8 24F 0 0 0
69 28 2 6 12F 0 0 0
44 44 1 6 6F 0 0 0
58 36 2 9 18F 0 0 0
145 7 1 10 10F 0 0 0
73 42 2 3 6F 0 0 0
42 3 2 6 12F 0 0 0
122 16 2 10 20F 0 0 0
70 16 2 1 2F 0 0 0
64 32 3 4 12F 0 0 0
49 34 2 2 4F 0 0 0
71 35 3 3 9F 0 0 0
112 14 1 3 3F 0 0 0
135 37 3 1 3F 0 0 0
2 37 3 8 24F 0 0 0
118 4 1 6 6F 0 0 0
104 0 3 8 24F 0 0 0
154 34 3 1 3F 0 0 0
128 35 3 8 24F 0 0 0
164 41 3 8 24F 0 0 0
135 8 2 10 20F 0 0 0
27 7 2 9 18F 0 0 0
10 7 1 10 10F 0 0 0
35 28 3 4 12F 0 0 0
38 26 1 9 9F 0 0 0
133 31 1 9 9F 0 0 0
62 28 1 7 7F 0 0 0
173 22 2 1 2F 0 0 0
3 12 3 4 12F 0 0 0
121 34 2 1 2F 0 0 0
93 48 3 7 21F 0 0 0
8 16 1 7 7F 0 0 0
189 34 2 5 10F 0 0 0
108 37 3 8 24F 0 0 0
183 9 3 8 24F 0 0 0
58 38 3 6 18F 0 0 0
151 19 2 3 6F 0 0 0
85 7 2 4 8F 0 0 0
59 48 2 5 10F 0 0 0
168 46 3 3 9F 0 0 0
119 10 1 10 10F 0 0 0
157 4 1 6 6F 0 0 0
109 3 1 4 4F 0 0 0
173 21 3 2 6F 0 0 0
3 4 2 8 16F 0 0 0
84 27 1 3 3F 0 0 0
44 25 1 7 7F 0 0 0
171 5 2 9 18F 0 0 0
54 44 2 10 20F 0 0 0
2 12 1 9 9F 0 0 0
88 13 3 8 24F 0 0 0
125 33 3 7 21F 0 0 0
8 10 2 1 2F 0 0 0
198 35 2 3 6F 0 0 0
100 48 1 5 5F 0 0 0
47 35 1 10 10F 0 0 0
108 48 3 9 27F 0 0 0
150 0 2 2 4F 0 0 0
22 18 2 1 2F 0 0 0
166 15 1 10 10F 0 0 0
18 30 2 5 10F 0 0 0
32 28 2 9 18F 0 0 0
76 40 3 3 9F 0 0 0
3 43 2 4 8F 0 0 0
119 12 1 10 10F 0 0 0
153 20 2 9 18F 0 0 0
152 29 3 6 18F 0 0 0
127 4 2 5 10F 0 0 0
64 45 3 6 18F 0 0 0
42 43 3 2 6F 0 0 0
189 12 1 8 8F 0 0 0
181 10 3 3 9F 0 0 0
12 4 2 10 20F 0 0 0
144 21 3 8 24F 0 0 0
43 14 1 8 8F 0 0 0
63 48 1 7 7F 0 0 0
109 35 1 3 3F 0 0 0
132 29 2 7 14F 0 0 0
80 19 3 6 18F 0 0 0
80 18 1 10 10F 0 0 0
68 5 1 7 7F 0 0 0
189 44 2 8 16F 0 0 0
132 24 3 30 30F 0 0 0
74 10 3 2 6F 0 0 0
91 23 1 9 9F 0 0 0
79 46 1 6 6F 0 0 0
92 31 2 1 2F 0 0 0
147 24 2 5 10F 0 0 0
97 35 1 10 10F 0 0 0
181 3 3 5 15F 0 0 0
68 11 2 6 12F 0 0 0
92 7 2 1 2F 0 0 0
87 14 2 10 20F 0 0 0
89 13 2 6 12F 0 0 0
1 14 3 4 12F 0 0 0
179 1 3 30 30F 0 0 0
191 24 3 3 9F 0 0 0
42 28 2 10 20F 0 0 0
160 40 1 3 3F 0 0 0
46 14 3 30 30F 0 0 0
114 23 2 7 14F 0 0 0
172 46 2 10 20F 0 0 0
138 7 1 3 3F 0 0 0
16 4 2 10 20F 0 0 0
116 5 1 6 6F 0 0 0
86 25 2 10 20F 0 0 0
198 38 3 6 18F 0 0 0
5 27 1 8 8F 0 0 0
77 32 3 6 18F 0 0 0
105 19 3 3 9F 0 0 0
28 2 2 1 2F 0 0 0
44 48 1 10 10F 0 0 0
49 27 2 3 6F 0 0 0
88 47 3 30 30F 0 0 0
9 7 3 9 27F 0 0 0
142 41 3 30 30F 0 0 0
196 35 2 7 14F 0 0 0
45 0 3 3 9F 0 0 0
78 6 1 8 8F 0 0 0
188 27 2 6 12F 0 0 0
54 23 2 1 2F 0 0 0
119 17 3 6 18F 0 0 0
160 39 1 6 6F 0 0 0
37 4 2 4 8F 0 0 0
29 44 3 8 24F 0 0 0
96 37 3 9 27F 0 0 0
57 15 3 2 6F 0 0 0
44 37 2 6 12F 0 0 0
72 33 3 3 9F 0 0 0
33 19 2 1 2F 0 0 0
94 43 3 2 6F 0 0 0
1 19 2 9 18F 0 0 0
41 48 2 8 16F 0 0 0
26 21 1 8 8F 0 0 0
26 20 1 7 7F 0 0 0
42 27 2 4 8F 0 0 0
