1000
198 7 2 4 8F 0 0 0
16 42 3 7 21F 0 0 0
118 17 2 1 2F 0 0 0
155 2 1 10 10F 0 0 0
118 41 1 4 4F 0 0 0
15 12 2 9 18F 0 0 0
173 13 1 6 6F 0 0 0
180 46 2 10 20F 0 0 0
2 12 3 9 27F 0 0 0
125 0 3 3 9F 0 0 0
193 31 1 3 3F 0 0 0
55 46 2 6 12F 0 0 0
96 39 2 4 8F 0 0 0
120 44 1 5 5F 0 0 0
199 36 3 6 18F 0 0 0
119 17 2 2 4F 0 0 0
42 27 2 5 10F 0 0 0
31 30 2 8 16F 0 0 0
0 26 2 1 2F 0 0 0
52 9 1 8 8F 0 0 0
39 21 3 4 12F 0 0 0
111 0 3 30 30F 0 0 0
175 48 1 10 10F 0 0 0
85 48 2 3 6F 0 0 0
100 24 2 2 4F 0 0 0
137 44 2 1 2F 0 0 0
29 38 2 7 14F 0 0 0
83 10 2 9 18F 0 0 0
98 20 1 8 8F 0 0 0
156 5 2 5 10F 0 0 0
69 19 1 8 8F 0 0 0
74 15 1 2 2F 0 0 0
184 39 2 9 18F 0 0 0
23 35 3 2 6F 0 0 0
13 35 1 10 10F 0 0 0
87 2 2 9 18F 0 0 0
4 31 1 7 7F 0 0 0
60 7 1 4 4F 0 0 0
199 32 1 2 2F 0 0 0
79 3 3 5 15F 0 0 0
87 29 3 4 12F 0 0 0
121 37 3 2 6F 0 0 0
143 31 3 7 21F 0 0 0
0 21 3 8 24F 0 0 0
39 4 3 7 21F 0 0 0
97 9 1 6 6F 0 0 0
108 41 3 8 24F 0 0 0
80 27 1 9 9F 0 0 0
168 40 1 10 10F 0 0 0
155 33 2 10 20F 0 0 0
51 14 1 10 10F 0 0 0
22 31 1 8 8F 0 0 0
74 43 2 1 2F 0 0 0
114 10 3 7 21F 0 0 0
65 41 2 2 4F 0 0 0
174 28 1 9 9F 0 0 0
150 36 1 2 2F 0 0 0
165 9 3 9 27F 0 0 0
190 47 2 8 16F 0 0 0
86 34 1 2 2F 0 0 0
94 31 3 6 18F 0 0 0
153 31 2 9 18F 0 0 0
35 38 1 9 9F 0 0 0
180 10 2 5 10F 0 0 0
188 48 2 8 16F 0 0 0
15 11 2 5 10F 0 0 0
62 46 2 1 2F 0 0 0
123 34 2 1 2F 0 0 0
78 23 2 6 12F 0 0 0
108 10 3 8 24F 0 0 0
187 17 2 2 4F 0 0 0
175 15 3 2 6F 0 0 0
95 15 1 8 8F 0 0 0
74 14 1 6 6F 0 0 0
191 15 3 2 6F 0 0 0
166 43 1 6 6F 0 0 0
159 6 3 4 12F 0 0 0
148 14 1 9 9F 0 0 0
82 0 3 30 30F 0 0 0
184 26 1 5 5F 0 0 0
74 2 1 2 2F 0 0 0
93 44 2 10 20F 0 0 0
23 28 2 7 14F 0 0 0
170 45 2 5 10F 0 0 0
31 6 2 10 20F 0 0 0
134 36 3 5 15F 0 0 0
128 27 3 8 24F 0 0 0
175 31 3 3 9F 0 0 0
160 2 2 8 16F 0 0 0
66 41 3 6 18F 0 0 0
141 8 2 10 20F 0 0 0
110 34 2 6 12F 0 0 0
29 46 2 1 2F 0 0 0
55 38 2 5 10F 0 0 0
126 42 1 2 2F 0 0 0
95 8 1 9 9F 0 0 0
5 9 2 8 16F 0 0 0
175 11 2 9 18F 0 0 0
64 7 2 6 12F 0 0 0
122 6 2 10 20F 0 0 0
147 31 2 6 12F 0 0 0
12 48 1 8 8F 0 0 0
196 15 3 30 30F 0 0 0
184 29 3 8 24F 0 0 0
108 13 1 10 10F 0 0 0
140 3 2 5 10F 0 0 0
139 33 1 4 4F 0 0 0
144 17 1 3 3F 0 0 0
125 27 1 9 9F 0 0 0
77 30 1 6 6F 0 0 0
19 22 2 4 8F 0 0 0
14 37 1 2 2F 0 0 0
47 26 2 1 2F 0 0 0
152 21 2 2 4F 0 0 0
70 32 2 10 20F 0 0 0
144 43 1 9 9F 0 0 0
160 26 2 6 12F 0 0 0
55 24 1 3 3F 0 0 0
174 44 3 3 9F 0 0 0
187 2 3 8 24F 0 0 0
86 8 1 3 3F 0 0 0
10 28 3 30 30F 0 0 0
124 11 2 1 2F 0 0 0
64 28 2 6 12F 0 0 0
81 19 2 1 2F 0 0 0
173 45 2 9 18F 0 0 0
3 18 3 30 30F 0 0 0
32 46 2 9 18F 0 0 0
156 35 2 2 4F 0 0 0
184 8 3 1 3F 0 0 0
151 21 3 30 30F 0 0 0
79 10 1 8 8F 0 0 0
143 7 1 4 4F 0 0 0
174 23 3 4 12F 0 0 0
119 35 1 6 6F 0 0 0
135 42 1 2 2F 0 0 0
27 28 1 10 10F 0 0 0
185 32 3 2 6F 0 0 0
57 13 3 30 30F 0 0 0
170 17 3 2 6F 0 0 0
131 30 3 5 15F 0 0 0
41 27 1 5 5F 0 0 0
79 48 2 5 10F 0 0 0
28 49 1 5 5F 0 0 0
71 28 3 2 6F 0 0 0
131 18 2 7 14F 0 0 0
133 32 2 9 18F 0 0 0
34 4 3 8 24F 0 0 0
50 1 2 2 4F 0 0 0
135 35 1 5 5F 0 0 0
76 48 2 2 4F 0 0 0
89 18 2 9 18F 0 0 0
39 43 1 2 2F 0 0 0
29 36 2 3 6F 0 0 0
96 7 1 3 3F 0 0 0
20 45 3 8 24F 0 0 0
128 12 2 6 12F 0 0 0
95 11 3 7 21F 0 0 0
76 16 3 8 24F 0 0 0
56 23 3 7 21F 0 0 0
51 4 1 3 3F 0 0 0
118 7 3 4 12F 0 0 0
194 15 1 2 2F 0 0 0
199 48 1 5 5F 0 0 0
163 2 1 6 6F 0 0 0
2 1 2 2 4F 0 0 0
91 12 1 7 7F 0 0 0
0 38 2 6 12F 0 0 0
3 16 1 3 3F 0 0 0
49 26 3 4 12F 0 0 0
129 36 2 5 10F 0 0 0
93 43 2 5 10F 0 0 0
102 16 3 1 3F 0 0 0
126 21 1 9 9F 0 0 0
106 37 2 5 10F 0 0 0
85 36 3 2 6F 0 0 0
170 1 3 1 3F 0 0 0
103 26 3 30 30F 0 0 0
15 39 1 5 5F 0 0 0
39 17 3 5 15F 0 0 0
166 42 3 30 30F 0 0 0
38 41 1 9 9F 0 0 0
157 36 2 4 8F 0 0 0
119 41 2 8 16F 0 0 0
84 1 3 9 27F 0 0 0
119 16 3 5 15F 0 0 0
123 20 3 6 18F 0 0 0
149 7 3 30 30F 0 0 0
66 46 1 2 2F 0 0 0
174 8 2 2 4F 0 0 0
152 30 1 3 3F 0 0 0
135 13 2 8 16F 0 0 0
44 0 2 3 6F 0 0 0
36 18 2 9 18F 0 0 0
21 15 3 4 12F 0 0 0
102 15 2 1 2F 0 0 0
121 12 2 3 6F 0 0 0
4 3 2 1 2F 0 0 0
30 44 3 3 9F 0 0 0
21 26 1 10 10F 0 0 0
113 14 3 6 18F 0 0 0
31 28 1 7 7F 0 0 0
137 12 1 4 4F 0 0 0
54 27 3 9 27F 0 0 0
148 43 3 30 30F 0 0 0
183 41 2 4 8F 0 0 0
154 28 3 9 27F 0 0 0
126 44 3 8 24F 0 0 0
63 27 2 1 2F 0 0 0
38 39 2 5 10F 0 0 0
46 19 2 4 8F 0 0 0
173 31 3 6 18F 0 0 0
12 18 3 8 24F 0 0 0
121 28 2 6 12F 0 0 0
38 15 2 2 4F 0 0 0
182 12 1 10 10F 0 0 0
32 40 3 5 15F 0 0 0
154 26 1 6 6F 0 0 0
42 45 3 4 12F 0 0 0
194 33 2 10 20F 0 0 0
11 7 1 8 8F 0 0 0
81 22 2 1 2F 0 0 0
197 1 2 9 18F 0 0 0
144 18 1 2 2F 0 0 0
41 46 2 2 4F 0 0 0
5 17 2 9 18F 0 0 0
164 18 3 7 21F 0 0 0
14 47 2 6 12F 0 0 0
105 42 1 7 7F 0 0 0
124 26 1 6 6F 0 0 0
128 0 3 1 3F 0 0 0
6 5 3 5 15F 0 0 0
34 18 2 5 10F 0 0 0
68 17 1 3 3F 0 0 0
153 20 3 1 3F 0 0 0
1 29 2 10 20F 0 0 0
102 43 3 8 24F 0 0 0
81 24 3 8 24F 0 0 0
140 23 1 5 5F 0 0 0
171 28 1 3 3F 0 0 0
129 37 2 7 14F 0 0 0
157 1 3 6 18F 0 0 0
97 39 1 9 9F 0 0 0
71 7 2 3 6F 0 0 0
170 34 3 3 9F 0 0 0
158 17 1 4 4F 0 0 0
185 46 2 2 4F 0 0 0
61 21 2 1 2F 0 0 0
169 19 2 1 2F 0 0 0
138 23 2 5 10F 0 0 0
174 25 3 3 9F 0 0 0
130 34 3 30 30F 0 0 0
71 18 2 1 2F 0 0 0
5 26 2 3 6F 0 0 0
139 14 2 6 12F 0 0 0
169 39 3 4 12F 0 0 0
197 41 1 4 4F 0 0 0
13 10 2 4 8F 0 0 0
29 22 3 3 9F 0 0 0
144 13 2 1 2F 0 0 0
60 12 3 9 27F 0 0 0
81 28 3 30 30F 0 0 0
24 29 1 9 9F 0 0 0
186 34 1 8 8F 0 0 0
146 30 3 2 6F 0 0 0
65 46 3 8 24F 0 0 0
24 47 3 2 6F 0 0 0
153 7 3 4 12F 0 0 0
99 41 3 30 30F 0 0 0
100 6 1 4 4F 0 0 0
89 19 2 4 8F 0 0 0
126 23 3 3 9F 0 0 0
130 26 3 4 12F 0 0 0
9 43 2 3 6F 0 0 0
115 21 2 6 12F 0 0 0
160 15 2 6 12F 0 0 0
177 47 3 8 24F 0 0 0
163 39 1 9 9F 0 0 0
92 12 3 1 3F 0 0 0
138 44 3 3 9F 0 0 0
119 22 1 10 10F 0 0 0
145 0 2 7 14F 0 0 0
10 6 1 6 6F 0 0 0
159 43 3 6 18F 0 0 0
182 47 3 7 21F 0 0 0
9 34 3 4 12F 0 0 0
92 10 1 5 5F 0 0 0
153 40 2 7 14F 0 0 0
43 35 3 5 15F 0 0 0
180 12 3 30 30F 0 0 0
85 27 3 3 9F 0 0 0
114 32 3 3 9F 0 0 0
124 30 3 4 12F 0 0 0
99 1 2 4 8F 0 0 0
24 39 2 3 6F 0 0 0
59 45 2 1 2F 0 0 0
47 11 3 30 30F 0 0 0
155 0 2 2 4F 0 0 0
18 47 3 1 3F 0 0 0
12 14 2 2 4F 0 0 0
90 9 3 3 9F 0 0 0
181 45 2 3 6F 0 0 0
169 16 3 8 24F 0 0 0
46 44 1 6 6F 0 0 0
59 43 2 1 2F 0 0 0
184 41 3 30 30F 0 0 0
153 34 2 3 6F 0 0 0
9 23 3 2 6F 0 0 0
34 46 2 3 6F 0 0 0
147 40 3 4 12F 0 0 0
143 21 3 30 30F 0 0 0
28 32 3 2 6F 0 0 0
87 24 2 10 20F 0 0 0
65 40 1 5 5F 0 0 0
103 41 2 1 2F 0 0 0
173 28 2 7 14F 0 0 0
82 35 1 2 2F 0 0 0
178 41 2 3 6F 0 0 0
184 12 2 2 4F 0 0 0
73 25 3 7 21F 0 0 0
181 21 2 7 14F 0 0 0
123 44 2 2 4F 0 0 0
18 46 1 10 10F 0 0 0
27 7 3 5 15F 0 0 0
120 32 1 3 3F 0 0 0
170 4 2 6 12F 0 0 0
34 3 2 9 18F 0 0 0
148 36 2 1 2F 0 0 0
72 6 2 7 14F 0 0 0
196 26 1 3 3F 0 0 0
158 10 1 5 5F 0 0 0
21 3 3 7 21F 0 0 0
85 13 1 3 3F 0 0 0
104 0 1 6 6F 0 0 0
183 2 2 6 12F 0 0 0
190 22 1 5 5F 0 0 0
163 33 2 6 12F 0 0 0
28 3 2 10 20F 0 0 0
178 24 2 10 20F 0 0 0
42 43 1 7 7F 0 0 0
170 7 2 7 14F 0 0 0
159 14 1 2 2F 0 0 0
162 43 3 3 9F 0 0 0
131 1 3 8 24F 0 0 0
138 46 1 2 2F 0 0 0
138 16 1 6 6F 0 0 0
123 12 3 1 3F 0 0 0
40 10 3 1 3F 0 0 0
39 44 3 2 6F 0 0 0
117 49 3 30 30F 0 0 0
182 15 2 9 18F 0 0 0
154 0 3 2 6F 0 0 0
8 18 2 3 6F 0 0 0
157 16 3 4 12F 0 0 0
124 45 1 7 7F 0 0 0
175 35 1 5 5F 0 0 0
118 49 2 9 18F 0 0 0
58 33 3 7 21F 0 0 0
50 25 2 3 6F 0 0 0
106 39 3 30 30F 0 0 0
179 40 3 9 27F 0 0 0
184 34 3 6 18F 0 0 0
4 37 1 4 4F 0 0 0
109 47 3 8 24F 0 0 0
42 49 1 3 3F 0 0 0
197 46 2 4 8F 0 0 0
190 8 3 9 27F 0 0 0
112 24 2 7 14F 0 0 0
53 32 2 9 18F 0 0 0
39 3 2 9 18F 0 0 0
101 27 1 7 7F 0 0 0
169 30 3 6 18F 0 0 0
72 37 3 2 6F 0 0 0
18 8 2 3 6F 0 0 0
68 3 3 30 30F 0 0 0
7 13 3 5 15F 0 0 0
32 8 2 4 8F 0 0 0
122 20 1 9 9F 0 0 0
39 36 3 6 18F 0 0 0
170 38 2 5 10F 0 0 0
44 30 3 8 24F 0 0 0
189 32 3 4 12F 0 0 0
173 43 1 7 7F 0 0 0
122 39 1 10 10F 0 0 0
159 13 2 5 10F 0 0 0
108 37 2 2 4F 0 0 0
38 19 3 2 6F 0 0 0
97 37 2 7 14F 0 0 0
107 31 2 1 2F 0 0 0
192 6 3 4 12F 0 0 0
71 33 3 7 21F 0 0 0
105 8 3 2 6F 0 0 0
139 28 3 6 18F 0 0 0
132 1 2 8 16F 0 0 0
182 33 3 5 15F 0 0 0
150 9 2 1 2F 0 0 0
33 26 1 8 8F 0 0 0
163 35 1 3 3F 0 0 0
125 25 2 2 4F 0 0 0
128 19 1 7 7F 0 0 0
18 20 1 5 5F 0 0 0
26 32 1 7 7F 0 0 0
168 6 1 5 5F 0 0 0
43 9 1 7 7F 0 0 0
27 29 2 9 18F 0 0 0
153 24 1 4 4F 0 0 0
177 11 3 3 9F 0 0 0
86 11 1 5 5F 0 0 0
133 16 3 6 18F 0 0 0
155 45 2 3 6F 0 0 0
42 36 3 6 18F 0 0 0
124 0 1 5 5F 0 0 0
74 24 3 2 6F 0 0 0
58 26 3 3 9F 0 0 0
32 12 2 5 10F 0 0 0
176 1 1 10 10F 0 0 0
104 33 1 5 5F 0 0 0
116 2 3 7 21F 0 0 0
118 4 1 8 8F 0 0 0
20 10 2 6 12F 0 0 0
69 26 1 5 5F 0 0 0
43 27 3 5 15F 0 0 0
185 1 3 1 3F 0 0 0
137 29 3 5 15F 0 0 0
117 18 1 5 5F 0 0 0
77 23 3 7 21F 0 0 0
199 0 2 10 20F 0 0 0
12 13 2 7 14F 0 0 0
107 10 1 7 7F 0 0 0
176 14 1 2 2F 0 0 0
15 43 1 4 4F 0 0 0
30 36 3 30 30F 0 0 0
92 48 3 3 9F 0 0 0
11 49 1 9 9F 0 0 0
136 17 3 3 9F 0 0 0
146 8 1 10 10F 0 0 0
6 7 3 6 18F 0 0 0
192 27 2 10 20F 0 0 0
182 22 3 3 9F 0 0 0
122 9 1 4 4F 0 0 0
189 11 2 8 16F 0 0 0
197 42 1 8 8F 0 0 0
10 5 2 10 20F 0 0 0
81 30 2 8 16F 0 0 0
117 21 3 3 9F 0 0 0
131 34 3 4 12F 0 0 0
9 5 1 6 6F 0 0 0
150 32 1 4 4F 0 0 0
4 39 3 7 21F 0 0 0
48 48 1 4 4F 0 0 0
27 41 1 4 4F 0 0 0
178 4 3 30 30F 0 0 0
198 47 2 1 2F 0 0 0
104 8 2 1 2F 0 0 0
22 37 1 4 4F 0 0 0
194 28 1 4 4F 0 0 0
63 47 3 6 18F 0 0 0
91 11 2 7 14F 0 0 0
9 8 2 1 2F 0 0 0
137 49 3 30 30F 0 0 0
14 33 3 5 15F 0 0 0
199 26 3 1 3F 0 0 0
120 12 3 7 21F 0 0 0
65 27 1 8 8F 0 0 0
139 22 2 4 8F 0 0 0
11 27 1 4 4F 0 0 0
186 46 1 5 5F 0 0 0
172 4 3 5 15F 0 0 0
150 7 1 9 9F 0 0 0
166 5 1 5 5F 0 0 0
55 8 2 10 20F 0 0 0
197 47 3 9 27F 0 0 0
143 26 2 2 4F 0 0 0
69 12 1 2 2F 0 0 0
197 20 1 4 4F 0 0 0
176 16 3 9 27F 0 0 0
181 13 1 4 4F 0 0 0
138 42 1 5 5F 0 0 0
80 7 1 10 10F 0 0 0
2 5 3 3 9F 0 0 0
59 40 3 30 30F 0 0 0
140 48 3 2 6F 0 0 0
149 6 2 4 8F 0 0 0
68 12 3 6 18F 0 0 0
151 30 2 9 18F 0 0 0
15 1 3 30 30F 0 0 0
125 15 3 9 27F 0 0 0
21 0 3 6 18F 0 0 0
76 23 2 10 20F 0 0 0
8 14 2 7 14F 0 0 0
150 49 1 7 7F 0 0 0
28 1 3 8 24F 0 0 0
78 1 3 7 21F 0 0 0
104 9 1 5 5F 0 0 0
173 27 2 6 12F 0 0 0
34 9 2 3 6F 0 0 0
38 35 2 10 20F 0 0 0
136 25 3 4 12F 0 0 0
144 41 1 5 5F 0 0 0
59 44 3 8 24F 0 0 0
75 44 2 1 2F 0 0 0
165 13 2 3 6F 0 0 0
117 2 2 4 8F 0 0 0
184 4 2 5 10F 0 0 0
106 26 3 8 24F 0 0 0
107 11 2 3 6F 0 0 0
47 40 1 5 5F 0 0 0
192 31 2 8 16F 0 0 0
89 14 3 1 3F 0 0 0
182 11 1 6 6F 0 0 0
191 3 2 8 16F 0 0 0
14 32 2 4 8F 0 0 0
134 49 1 9 9F 0 0 0
16 41 2 4 8F 0 0 0
20 49 3 30 30F 0 0 0
54 17 2 8 16F 0 0 0
77 21 1 10 10F 0 0 0
115 6 2 1 2F 0 0 0
166 46 3 9 27F 0 0 0
164 36 3 3 9F 0 0 0
100 28 1 9 9F 0 0 0
193 2 3 6 18F 0 0 0
15 3 3 7 21F 0 0 0
56 43 3 1 3F 0 0 0
60 26 3 2 6F 0 0 0
68 34 1 5 5F 0 0 0
181 18 2 3 6F 0 0 0
71 25 2 9 18F 0 0 0
51 5 2 2 4F 0 0 0
19 46 1 4 4F 0 0 0
87 30 3 3 9F 0 0 0
148 1 3 30 30F 0 0 0
162 41 1 9 9F 0 0 0
96 2 1 7 7F 0 0 0
135 8 1 10 10F 0 0 0
87 43 1 2 2F 0 0 0
93 0 2 4 8F 0 0 0
177 38 2 5 10F 0 0 0
61 34 3 3 9F 0 0 0
197 31 3 6 18F 0 0 0
138 19 2 6 12F 0 0 0
6 31 2 8 16F 0 0 0
42 35 2 10 20F 0 0 0
38 37 3 5 15F 0 0 0
58 30 2 4 8F 0 0 0
180 29 1 9 9F 0 0 0
117 46 2 8 16F 0 0 0
35 19 1 8 8F 0 0 0
31 39 1 6 6F 0 0 0
145 8 1 6 6F 0 0 0
137 40 2 6 12F 0 0 0
161 45 3 9 27F 0 0 0
107 20 2 8 16F 0 0 0
94 30 1 3 3F 0 0 0
89 35 1 6 6F 0 0 0
125 18 1 10 10F 0 0 0
140 24 2 5 10F 0 0 0
45 48 2 6 12F 0 0 0
35 20 2 8 16F 0 0 0
161 43 1 6 6F 0 0 0
122 46 1 9 9F 0 0 0
27 0 1 7 7F 0 0 0
101 22 2 10 20F 0 0 0
89 43 2 10 20F 0 0 0
30 46 3 5 15F 0 0 0
15 21 3 4 12F 0 0 0
69 7 3 6 18F 0 0 0
130 29 3 9 27F 0 0 0
191 34 1 6 6F 0 0 0
64 32 3 9 27F 0 0 0
40 37 2 6 12F 0 0 0
171 25 2 2 4F 0 0 0
111 32 3 3 9F 0 0 0
77 40 3 8 24F 0 0 0
102 38 3 1 3F 0 0 0
110 45 1 4 4F 0 0 0
125 34 3 30 30F 0 0 0
160 8 3 1 3F 0 0 0
104 17 2 9 18F 0 0 0
67 40 3 3 9F 0 0 0
117 36 3 3 9F 0 0 0
164 10 3 1 3F 0 0 0
28 47 2 5 10F 0 0 0
102 4 2 5 10F 0 0 0
199 6 1 9 9F 0 0 0
168 48 1 2 2F 0 0 0
88 34 1 10 10F 0 0 0
161 37 2 2 4F 0 0 0
189 12 2 1 2F 0 0 0
118 16 1 6 6F 0 0 0
123 24 1 10 10F 0 0 0
73 48 1 5 5F 0 0 0
160 47 2 3 6F 0 0 0
117 23 3 9 27F 0 0 0
138 18 2 6 12F 0 0 0
5 34 1 5 5F 0 0 0
85 5 2 2 4F 0 0 0
53 25 3 3 9F 0 0 0
183 11 3 4 12F 0 0 0
33 24 3 3 9F 0 0 0
39 30 1 8 8F 0 0 0
71 19 2 3 6F 0 0 0
89 8 1 8 8F 0 0 0
164 37 1 6 6F 0 0 0
52 23 2 9 18F 0 0 0
76 35 1 7 7F 0 0 0
31 32 2 9 18F 0 0 0
57 2 1 3 3F 0 0 0
60 27 3 9 27F 0 0 0
27 37 1 10 10F 0 0 0
50 48 2 3 6F 0 0 0
127 22 1 8 8F 0 0 0
7 35 2 9 18F 0 0 0
58 3 3 8 24F 0 0 0
98 10 3 6 18F 0 0 0
42 33 2 2 4F 0 0 0
157 3 2 2 4F 0 0 0
70 8 1 7 7F 0 0 0
80 4 1 7 7F 0 0 0
48 21 1 9 9F 0 0 0
26 8 3 7 21F 0 0 0
143 4 3 2 6F 0 0 0
90 15 3 3 9F 0 0 0
188 28 2 10 20F 0 0 0
103 1 2 4 8F 0 0 0
163 27 3 9 27F 0 0 0
129 27 3 5 15F 0 0 0
118 20 2 7 14F 0 0 0
185 33 1 4 4F 0 0 0
17 43 2 1 2F 0 0 0
170 27 2 6 12F 0 0 0
147 49 3 4 12F 0 0 0
100 49 2 1 2F 0 0 0
161 26 3 5 15F 0 0 0
116 43 3 5 15F 0 0 0
149 26 2 5 10F 0 0 0
91 42 2 1 2F 0 0 0
86 47 3 6 18F 0 0 0
19 18 3 30 30F 0 0 0
67 18 3 4 12F 0 0 0
87 4 3 2 6F 0 0 0
171 14 3 7 21F 0 0 0
57 11 2 3 6F 0 0 0
31 11 3 30 30F 0 0 0
55 47 3 7 21F 0 0 0
79 49 2 10 20F 0 0 0
3 36 3 30 30F 0 0 0
3 12 3 9 27F 0 0 0
7 46 3 5 15F 0 0 0
166 25 3 9 27F 0 0 0
109 16 2 8 16F 0 0 0
34 25 1 10 10F 0 0 0
36 31 2 2 4F 0 0 0
149 40 2 3 6F 0 0 0
191 32 2 10 20F 0 0 0
71 8 3 4 12F 0 0 0
180 14 2 8 16F 0 0 0
153 10 1 5 5F 0 0 0
117 1 2 1 2F 0 0 0
176 13 2 2 4F 0 0 0
146 44 2 5 10F 0 0 0
182 38 3 5 15F 0 0 0
32 4 3 1 3F 0 0 0
177 43 2 5 10F 0 0 0
195 26 3 8 24F 0 0 0
20 14 1 2 2F 0 0 0
74 28 3 5 15F 0 0 0
78 37 1 8 8F 0 0 0
149 46 2 7 14F 0 0 0
90 25 1 2 2F 0 0 0
120 37 1 9 9F 0 0 0
190 16 3 3 9F 0 0 0
190 3 2 9 18F 0 0 0
64 48 1 6 6F 0 0 0
169 41 2 4 8F 0 0 0
43 12 3 7 21F 0 0 0
37 38 2 5 10F 0 0 0
82 2 1 8 8F 0 0 0
157 14 3 1 3F 0 0 0
97 33 3 30 30F 0 0 0
4 19 2 8 16F 0 0 0
37 35 2 2 4F 0 0 0
150 8 2 1 2F 0 0 0
79 28 2 1 2F 0 0 0
12 35 2 3 6F 0 0 0
1 16 3 4 12F 0 0 0
51 10 2 4 8F 0 0 0
111 40 1 8 8F 0 0 0
186 19 2 6 12F 0 0 0
192 37 1 4 4F 0 0 0
159 33 2 7 14F 0 0 0
99 8 3 3 9F 0 0 0
66 3 1 4 4F 0 0 0
25 19 2 4 8F 0 0 0
152 48 1 4 4F 0 0 0
163 24 1 6 6F 0 0 0
56 45 1 3 3F 0 0 0
84 4 3 2 6F 0 0 0
79 42 1 2 2F 0 0 0
119 24 3 2 6F 0 0 0
185 47 3 8 24F 0 0 0
66 49 1 10 10F 0 0 0
49 11 3 9 27F 0 0 0
150 18 1 4 4F 0 0 0
27 24 1 2 2F 0 0 0
91 9 1 9 9F 0 0 0
4 45 2 4 8F 0 0 0
150 16 2 10 20F 0 0 0
142 37 2 8 16F 0 0 0
195 37 1 9 9F 0 0 0
17 36 2 6 12F 0 0 0
58 7 2 6 12F 0 0 0
11 40 2 10 20F 0 0 0
0 7 2 2 4F 0 0 0
137 39 2 7 14F 0 0 0
67 20 1 3 3F 0 0 0
0 5 3 2 6F 0 0 0
66 48 3 4 12F 0 0 0
118 3 1 6 6F 0 0 0
1 33 2 8 16F 0 0 0
176 31 3 7 21F 0 0 0
191 30 2 10 20F 0 0 0
54 30 2 10 20F 0 0 0
109 43 1 6 6F 0 0 0
106 19 2 7 14F 0 0 0
136 20 2 9 18F 0 0 0
44 45 1 4 4F 0 0 0
91 0 3 1 3F 0 0 0
83 1 3 3 9F 0 0 0
93 39 2 1 2F 0 0 0
124 34 1 8 8F 0 0 0
73 33 2 6 12F 0 0 0
16 39 2 3 6F 0 0 0
107 41 3 1 3F 0 0 0
122 30 2 5 10F 0 0 0
94 43 1 8 8F 0 0 0
167 48 3 7 21F 0 0 0
155 11 1 4 4F 0 0 0
132 21 2 8 16F 0 0 0
53 40 3 5 15F 0 0 0
133 19 2 5 10F 0 0 0
158 45 1 8 8F 0 0 0
37 1 3 4 12F 0 0 0
27 10 2 6 12F 0 0 0
9 33 3 8 24F 0 0 0
189 24 1 6 6F 0 0 0
156 36 1 9 9F 0 0 0
61 16 2 9 18F 0 0 0
91 15 1 4 4F 0 0 0
166 41 3 9 27F 0 0 0
125 31 2 6 12F 0 0 0
40 40 2 7 14F 0 0 0
34 6 1 9 9F 0 0 0
29 2 2 1 2F 0 0 0
80 3 1 4 4F 0 0 0
146 6 1 8 8F 0 0 0
26 33 2 4 8F 0 0 0
14 6 3 5 15F 0 0 0
142 33 3 1 3F 0 0 0
17 49 1 10 10F 0 0 0
176 2 3 9 27F 0 0 0
104 1 2 6 12F 0 0 0
110 37 2 9 18F 0 0 0
52 15 3 2 6F 0 0 0
74 45 3 4 12F 0 0 0
94 8 2 10 20F 0 0 0
168 46 1 7 7F 0 0 0
33 6 1 8 8F 0 0 0
151 2 1 5 5F 0 0 0
0 0 1 3 3F 0 0 0
137 36 2 2 4F 0 0 0
75 2 3 6 18F 0 0 0
189 31 1 9 9F 0 0 0
149 3 1 10 10F 0 0 0
199 1 3 9 27F 0 0 0
64 39 2 9 18F 0 0 0
180 2 2 10 20F 0 0 0
122 47 3 7 21F 0 0 0
22 47 3 6 18F 0 0 0
182 7 1 3 3F 0 0 0
125 11 2 4 8F 0 0 0
43 46 3 5 15F 0 0 0
47 47 3 1 3F 0 0 0
63 46 2 2 4F 0 0 0
62 15 3 5 15F 0 0 0
0 41 2 10 20F 0 0 0
177 17 1 8 8F 0 0 0
147 38 2 9 18F 0 0 0
135 23 2 2 4F 0 0 0
195 11 2 9 18F 0 0 0
106 14 2 6 12F 0 0 0
133 12 2 10 20F 0 0 0
117 39 3 3 9F 0 0 0
172 9 2 7 14F 0 0 0
88 25 1 4 4F 0 0 0
155 34 3 30 30F 0 0 0
34 0 2 6 12F 0 0 0
104 18 1 3 3F 0 0 0
118 42 3 30 30F 0 0 0
115 3 2 1 2F 0 0 0
46 49 1 5 5F 0 0 0
172 40 3 8 24F 0 0 0
183 47 3 5 15F 0 0 0
2 11 2 8 16F 0 0 0
62 35 1 9 9F 0 0 0
155 30 3 2 6F 0 0 0
47 0 1 9 9F 0 0 0
54 19 1 10 10F 0 0 0
195 12 1 4 4F 0 0 0
42 40 2 8 16F 0 0 0
35 7 2 9 18F 0 0 0
108 19 2 9 18F 0 0 0
123 13 2 4 8F 0 0 0
133 3 1 10 10F 0 0 0
129 47 1 3 3F 0 0 0
114 18 3 1 3F 0 0 0
152 3 3 7 21F 0 0 0
38 49 2 3 6F 0 0 0
6 6 2 10 20F 0 0 0
160 36 1 2 2F 0 0 0
80 37 2 3 6F 0 0 0
122 31 3 1 3F 0 0 0
166 13 1 2 2F 0 0 0
198 15 3 4 12F 0 0 0
53 44 1 5 5F 0 0 0
86 45 3 7 21F 0 0 0
168 21 2 7 14F 0 0 0
110 21 3 3 9F 0 0 0
32 47 1 3 3F 0 0 0
11 1 1 6 6F 0 0 0
33 34 3 7 21F 0 0 0
2 21 1 6 6F 0 0 0
176 48 1 9 9F 0 0 0
90 47 3 8 24F 0 0 0
13 20 3 9 27F 0 0 0
187 4 3 2 6F 0 0 0
177 21 1 10 10F 0 0 0
76 18 2 10 20F 0 0 0
146 19 1 2 2F 0 0 0
125 19 3 30 30F 0 0 0
71 9 2 10 20F 0 0 0
164 6 3 9 27F 0 0 0
170 18 3 4 12F 0 0 0
24 8 1 4 4F 0 0 0
10 13 3 8 24F 0 0 0
34 21 2 1 2F 0 0 0
179 31 2 3 6F 0 0 0
143 32 2 6 12F 0 0 0
107 1 1 6 6F 0 0 0
191 18 1 7 7F 0 0 0
97 13 2 5 10F 0 0 0
183 38 3 5 15F 0 0 0
20 5 1 2 2F 0 0 0
157 10 1 4 4F 0 0 0
158 48 1 9 9F 0 0 0
10 29 3 30 30F 0 0 0
140 11 1 7 7F 0 0 0
179 44 3 5 15F 0 0 0
160 17 3 5 15F 0 0 0
103 21 3 7 21F 0 0 0
79 19 1 7 7F 0 0 0
89 12 3 1 3F 0 0 0
78 15 3 1 3F 0 0 0
176 30 3 8 24F 0 0 0
90 29 2 4 8F 0 0 0
60 22 1 8 8F 0 0 0
155 5 2 5 10F 0 0 0
72 5 3 1 3F 0 0 0
51 8 2 9 18F 0 0 0
122 34 2 4 8F 0 0 0
30 15 3 7 21F 0 0 0
52 36 2 10 20F 0 0 0
70 20 2 7 14F 0 0 0
185 4 2 2 4F 0 0 0
146 35 1 8 8F 0 0 0
160 39 1 6 6F 0 0 0
180 8 3 3 9F 0 0 0
112 36 2 4 8F 0 0 0
32 26 3 4 12F 0 0 0
124 22 3 1 3F 0 0 0
57 24 2 10 20F 0 0 0
159 47 2 2 4F 0 0 0
24 34 2 8 16F 0 0 0
132 36 3 1 3F 0 0 0
177 5 2 5 10F 0 0 0
192 48 2 9 18F 0 0 0
167 41 2 3 6F 0 0 0
93 42 2 5 10F 0 0 0
67 30 2 4 8F 0 0 0
46 6 1 10 10F 0 0 0
34 11 3 5 15F 0 0 0
92 14 1 5 5F 0 0 0
16 11 2 6 12F 0 0 0
45 49 3 8 24F 0 0 0
76 11 2 5 10F 0 0 0
2 46 3 5 15F 0 0 0
199 34 3 2 6F 0 0 0
62 29 2 7 14F 0 0 0
152 38 2 3 6F 0 0 0
76 25 3 3 9F 0 0 0
47 4 3 7 21F 0 0 0
147 48 3 30 30F 0 0 0
186 26 2 4 8F 0 0 0
104 34 3 2 6F 0 0 0
190 35 2 4 8F 0 0 0
120 7 3 5 15F 0 0 0
155 18 2 3 6F 0 0 0
125 33 1 8 8F 0 0 0
92 32 3 8 24F 0 0 0
172 34 2 8 16F 0 0 0
176 35 2 6 12F 0 0 0
77 22 1 2 2F 0 0 0
97 25 2 1 2F 0 0 0
198 0 2 2 4F 0 0 0
71 1 3 8 24F 0 0 0
72 20 3 4 12F 0 0 0
83 40 2 9 18F 0 0 0
121 1 2 9 18F 0 0 0
23 44 3 1 3F 0 0 0
99 35 3 30 30F 0 0 0
69 35 2 3 6F 0 0 0
64 20 1 7 7F 0 0 0
180 37 1 7 7F 0 0 0
17 2 1 7 7F 0 0 0
9 16 3 8 24F 0 0 0
41 14 1 4 4F 0 0 0
113 38 1 9 9F 0 0 0
87 23 3 6 18F 0 0 0
19 16 1 9 9F 0 0 0
60 3 3 30 30F 0 0 0
34 49 2 4 8F 0 0 0
33 12 3 5 15F 0 0 0
124 7 2 6 12F 0 0 0
138 20 2 6 12F 0 0 0
126 9 1 8 8F 0 0 0
146 34 2 9 18F 0 0 0
83 14 2 1 2F 0 0 0
180 32 1 8 8F 0 0 0
112 4 1 10 10F 0 0 0
122 35 3 1 3F 0 0 0
129 43 3 9 27F 0 0 0
104 25 3 30 30F 0 0 0
146 16 2 5 10F 0 0 0
14 20 3 5 15F 0 0 0
198 13 2 5 10F 0 0 0
164 43 2 9 18F 0 0 0
162 6 2 1 2F 0 0 0
51 17 1 3 3F 0 0 0
29 15 2 5 10F 0 0 0
175 3 2 9 18F 0 0 0
114 0 3 1 3F 0 0 0
172 39 2 3 6F 0 0 0
141 34 3 2 6F 0 0 0
131 32 3 5 15F 0 0 0
179 13 3 9 27F 0 0 0
12 17 3 7 21F 0 0 0
129 15 2 3 6F 0 0 0
138 43 3 7 21F 0 0 0
166 1 3 1 3F 0 0 0
31 21 2 4 8F 0 0 0
43 41 2 6 12F 0 0 0
195 15 1 2 2F 0 0 0
118 13 3 6 18F 0 0 0
93 28 3 9 27F 0 0 0
2 40 3 7 21F 0 0 0
127 26 2 5 10F 0 0 0
34 14 2 10 20F 0 0 0
152 43 1 5 5F 0 0 0
141 38 2 5 10F 0 0 0
77 43 3 7 21F 0 0 0
95 18 2 3 6F 0 0 0
190 39 2 7 14F 0 0 0
181 35 3 8 24F 0 0 0
101 30 2 9 18F 0 0 0
23 1 2 7 14F 0 0 0
143 1 2 9 18F 0 0 0
41 41 3 1 3F 0 0 0
190 34 1 3 3F 0 0 0
195 36 1 5 5F 0 0 0
114 26 1 9 9F 0 0 0
103 3 1 7 7F 0 0 0
176 20 3 7 21F 0 0 0
99 22 1 7 7F 0 0 0
55 29 2 8 16F 0 0 0
10 41 2 2 4F 0 0 0
136 14 3 4 12F 0 0 0
128 46 2 5 10F 0 0 0
133 48 3 1 3F 0 0 0
32 16 1 10 10F 0 0 0
37 30 2 2 4F 0 0 0
114 1 3 5 15F 0 0 0
36 40 2 1 2F 0 0 0
148 0 3 4 12F 0 0 0
90 43 1 7 7F 0 0 0
12 29 1 7 7F 0 0 0
35 47 2 10 20F 0 0 0
167 15 3 1 3F 0 0 0
102 14 3 9 27F 0 0 0
70 26 1 5 5F 0 0 0
130 11 1 9 9F 0 0 0
