1000
9 43 1 7 7F 0 0 0
75 42 3 7 21F 0 0 0
85 28 3 30 30F 0 0 0
33 43 3 9 27F 0 0 0
109 7 3 5 15F 0 0 0
67 12 3 4 12F 0 0 0
44 20 2 5 10F 0 0 0
110 30 2 7 14F 0 0 0
36 45 3 8 24F 0 0 0
41 34 3 30 30F 0 0 0
142 22 3 5 15F 0 0 0
115 29 3 1 3F 0 0 0
79 2 1 2 2F 0 0 0
95 8 3 7 21F 0 0 0
103 44 1 3 3F 0 0 0
18 9 1 3 3F 0 0 0
183 12 2 1 2F 0 0 0
112 32 1 5 5F 0 0 0
157 30 2 8 16F 0 0 0
134 43 2 10 20F 0 0 0
164 13 2 9 18F 0 0 0
167 4 1 5 5F 0 0 0
27 12 1 3 3F 0 0 0
193 41 3 2 6F 0 0 0
71 35 3 5 15F 0 0 0
118 25 1 6 6F 0 0 0
190 49 3 30 30F 0 0 0
46 2 1 9 9F 0 0 0
28 1 1 2 2F 0 0 0
19 29 2 1 2F 0 0 0
94 19 1 7 7F 0 0 0
173 21 2 7 14F 0 0 0
27 15 2 2 4F 0 0 0
166 4 3 1 3F 0 0 0
79 20 2 2 4F 0 0 0
33 31 3 6 18F 0 0 0
80 2 3 2 6F 0 0 0
113 13 2 10 20F 0 0 0
28 10 2 5 10F 0 0 0
96 23 2 6 12F 0 0 0
152 10 2 4 8F 0 0 0
187 38 3 1 3F 0 0 0
14 47 3 4 12F 0 0 0
95 38 2 6 12F 0 0 0
23 44 2 3 6F 0 0 0
1 41 1 5 5F 0 0 0
0 36 1 10 10F 0 0 0
61 2 3 8 24F 0 0 0
149 20 1 8 8F 0 0 0
119 35 1 2 2F 0 0 0
34 3 3 1 3F 0 0 0
61 26 2 3 6F 0 0 0
65 0 1 5 5F 0 0 0
193 45 1 8 8F 0 0 0
110 24 2 8 16F 0 0 0
4 0 3 2 6F 0 0 0
128 4 3 30 30F 0 0 0
8 15 3 6 18F 0 0 0
186 44 2 2 4F 0 0 0
101 35 3 6 18F 0 0 0
24 33 2 4 8F 0 0 0
80 26 3 3 9F 0 0 0
118 48 1 6 6F 0 0 0
3 20 3 30 30F 0 0 0
36 12 3 7 21F 0 0 0
184 26 1 9 9F 0 0 0
124 10 3 7 21F 0 0 0
135 39 2 7 14F 0 0 0
28 28 2 6 12F 0 0 0
60 37 3 3 9F 0 0 0
10 32 1 3 3F 0 0 0
23 31 1 7 7F 0 0 0
50 14 3 7 21F 0 0 0
96 48 3 1 3F 0 0 0
160 16 1 2 2F 0 0 0
110 5 1 6 6F 0 0 0
126 0 3 1 3F 0 0 0
100 38 1 8 8F 0 0 0
63 41 3 8 24F 0 0 0
106 44 2 5 10F 0 0 0
77 3 1 8 8F 0 0 0
67 2 2 3 6F 0 0 0
64 19 2 5 10F 0 0 0
32 30 1 10 10F 0 0 0
41 43 2 2 4F 0 0 0
199 38 3 4 12F 0 0 0
107 2 2 4 8F 0 0 0
114 42 1 8 8F 0 0 0
190 43 3 4 12F 0 0 0
50 32 1 2 2F 0 0 0
128 46 3 9 27F 0 0 0
45 24 1 9 9F 0 0 0
54 28 2 3 6F 0 0 0
81 48 1 5 5F 0 0 0
138 13 2 2 4F 0 0 0
138 32 2 1 2F 0 0 0
61 43 1 6 6F 0 0 0
145 41 1 3 3F 0 0 0
79 1 1 5 5F 0 0 0
124 31 1 5 5F 0 0 0
157 6 1 2 2F 0 0 0
81 44 2 2 4F 0 0 0
79 36 1 4 4F 0 0 0
174 34 3 3 9F 0 0 0
97 41 3 8 24F 0 0 0
62 37 1 5 5F 0 0 0
56 11 3 1 3F 0 0 0
188 44 2 2 4F 0 0 0
177 30 3 8 24F 0 0 0
46 33 3 8 24F 0 0 0
153 11 3 30 30F 0 0 0
84 34 1 6 6F 0 0 0
62 5 1 2 2F 0 0 0
179 47 3 8 24F 0 0 0
142 40 2 5 10F 0 0 0
85 7 3 4 12F 0 0 0
84 43 3 6 18F 0 0 0
130 2 2 5 10F 0 0 0
156 24 3 4 12F 0 0 0
145 5 3 5 15F 0 0 0
181 13 3 9 27F 0 0 0
101 10 1 2 2F 0 0 0
174 16 1 3 3F 0 0 0
176 19 1 6 6F 0 0 0
120 14 3 2 6F 0 0 0
194 13 2 1 2F 0 0 0
191 19 2 2 4F 0 0 0
93 42 1 2 2F 0 0 0
2 33 3 6 18F 0 0 0
45 7 1 3 3F 0 0 0
8 29 1 7 7F 0 0 0
52 22 1 2 2F 0 0 0
19 35 2 2 4F 0 0 0
185 3 1 10 10F 0 0 0
68 32 2 3 6F 0 0 0
72 43 3 5 15F 0 0 0
132 13 2 2 4F 0 0 0
72 47 2 10 20F 0 0 0
54 12 1 2 2F 0 0 0
12 35 1 5 5F 0 0 0
92 9 2 5 10F 0 0 0
125 25 3 2 6F 0 0 0
11 9 2 5 10F 0 0 0
109 2 2 8 16F 0 0 0
0 3 2 5 10F 0 0 0
194 48 2 1 2F 0 0 0
189 41 2 3 6F 0 0 0
154 45 3 3 9F 0 0 0
133 45 3 8 24F 0 0 0
161 7 2 5 10F 0 0 0
187 44 3 9 27F 0 0 0
192 27 3 9 27F 0 0 0
74 7 1 7 7F 0 0 0
56 7 2 7 14F 0 0 0
139 45 1 3 3F 0 0 0
184 13 2 1 2F 0 0 0
12 25 3 9 27F 0 0 0
19 7 2 9 18F 0 0 0
3 45 3 30 30F 0 0 0
101 22 1 6 6F 0 0 0
196 6 1 8 8F 0 0 0
144 21 3 5 15F 0 0 0
135 25 3 2 6F 0 0 0
106 19 1 5 5F 0 0 0
24 29 3 5 15F 0 0 0
16 1 3 7 21F 0 0 0
167 34 3 2 6F 0 0 0
162 12 2 4 8F 0 0 0
140 29 2 5 10F 0 0 0
115 33 2 2 4F 0 0 0
56 12 3 9 27F 0 0 0
3 5 2 9 18F 0 0 0
150 19 3 1 3F 0 0 0
62 11 1 6 6F 0 0 0
184 48 3 2 6F 0 0 0
165 45 2 4 8F 0 0 0
168 42 2 3 6F 0 0 0
85 32 3 1 3F 0 0 0
140 30 2 1 2F 0 0 0
161 14 3 3 9F 0 0 0
13 32 1 5 5F 0 0 0
116 37 2 8 16F 0 0 0
169 47 1 6 6F 0 0 0
126 9 3 7 21F 0 0 0
193 44 3 3 9F 0 0 0
184 15 1 2 2F 0 0 0
191 26 3 9 27F 0 0 0
53 23 1 3 3F 0 0 0
166 2 2 2 4F 0 0 0
23 27 3 6 18F 0 0 0
140 5 3 30 30F 0 0 0
30 19 1 7 7F 0 0 0
20 29 2 5 10F 0 0 0
118 6 3 5 15F 0 0 0
63 47 1 3 3F 0 0 0
132 37 1 8 8F 0 0 0
9 14 1 4 4F 0 0 0
98 12 1 9 9F 0 0 0
194 11 2 5 10F 0 0 0
127 7 3 2 6F 0 0 0
169 15 2 7 14F 0 0 0
131 22 2 2 4F 0 0 0
36 1 3 1 3F 0 0 0
51 8 3 7 21F 0 0 0
66 49 2 7 14F 0 0 0
84 37 1 4 4F 0 0 0
11 2 3 30 30F 0 0 0
42 28 2 2 4F 0 0 0
59 37 3 5 15F 0 0 0
22 3 2 7 14F 0 0 0
178 34 1 3 3F 0 0 0
167 35 2 7 14F 0 0 0
24 23 1 9 9F 0 0 0
143 18 3 1 3F 0 0 0
199 6 3 8 24F 0 0 0
143 42 2 7 14F 0 0 0
155 23 3 6 18F 0 0 0
99 18 3 9 27F 0 0 0
5 44 2 5 10F 0 0 0
24 28 3 5 15F 0 0 0
158 48 2 8 16F 0 0 0
20 34 3 30 30F 0 0 0
20 1 2 6 12F 0 0 0
141 20 1 8 8F 0 0 0
152 21 2 9 18F 0 0 0
39 2 3 8 24F 0 0 0
30 14 3 4 12F 0 0 0
0 9 3 3 9F 0 0 0
49 35 3 6 18F 0 0 0
135 35 3 8 24F 0 0 0
113 9 1 7 7F 0 0 0
74 45 2 1 2F 0 0 0
103 34 2 7 14F 0 0 0
18 42 1 2 2F 0 0 0
17 10 3 7 21F 0 0 0
97 24 2 6 12F 0 0 0
29 11 3 8 24F 0 0 0
48 12 2 7 14F 0 0 0
44 31 3 9 27F 0 0 0
40 16 3 5 15F 0 0 0
0 48 1 2 2F 0 0 0
137 6 3 7 21F 0 0 0
125 39 1 5 5F 0 0 0
155 46 3 8 24F 0 0 0
41 9 1 4 4F 0 0 0
71 11 1 4 4F 0 0 0
37 40 1 3 3F 0 0 0
198 17 3 4 12F 0 0 0
148 49 2 9 18F 0 0 0
124 39 2 6 12F 0 0 0
21 49 2 7 14F 0 0 0
183 15 3 7 21F 0 0 0
177 27 2 6 12F 0 0 0
165 40 1 6 6F 0 0 0
69 26 1 8 8F 0 0 0
64 20 2 5 10F 0 0 0
44 6 2 5 10F 0 0 0
28 5 1 10 10F 0 0 0
88 6 2 8 16F 0 0 0
83 31 2 10 20F 0 0 0
81 38 3 1 3F 0 0 0
108 49 2 4 8F 0 0 0
192 38 3 2 6F 0 0 0
123 21 1 8 8F 0 0 0
46 21 3 30 30F 0 0 0
6 23 1 8 8F 0 0 0
84 31 2 5 10F 0 0 0
168 33 2 7 14F 0 0 0
98 7 3 5 15F 0 0 0
139 9 1 8 8F 0 0 0
13 28 1 3 3F 0 0 0
66 17 2 1 2F 0 0 0
25 2 2 2 4F 0 0 0
89 11 2 5 10F 0 0 0
136 9 2 8 16F 0 0 0
42 38 1 3 3F 0 0 0
138 43 3 3 9F 0 0 0
99 4 2 4 8F 0 0 0
186 46 3 7 21F 0 0 0
48 39 2 9 18F 0 0 0
96 5 3 7 21F 0 0 0
167 29 3 9 27F 0 0 0
4 40 1 9 9F 0 0 0
129 35 2 1 2F 0 0 0
26 44 2 5 10F 0 0 0
22 42 2 2 4F 0 0 0
55 0 2 1 2F 0 0 0
129 47 2 9 18F 0 0 0
118 28 3 1 3F 0 0 0
68 21 1 8 8F 0 0 0
143 32 1 7 7F 0 0 0
81 39 2 8 16F 0 0 0
193 49 1 10 10F 0 0 0
162 9 1 6 6F 0 0 0
153 25 3 8 24F 0 0 0
50 23 3 4 12F 0 0 0
108 16 2 6 12F 0 0 0
156 31 1 8 8F 0 0 0
138 14 2 3 6F 0 0 0
157 20 2 6 12F 0 0 0
152 8 1 5 5F 0 0 0
194 38 2 10 20F 0 0 0
147 23 3 1 3F 0 0 0
119 4 2 7 14F 0 0 0
104 39 3 6 18F 0 0 0
107 18 1 3 3F 0 0 0
187 32 3 9 27F 0 0 0
2 37 2 9 18F 0 0 0
181 11 1 8 8F 0 0 0
162 42 2 3 6F 0 0 0
149 46 3 3 9F 0 0 0
113 0 2 2 4F 0 0 0
43 0 2 5 10F 0 0 0
40 49 1 7 7F 0 0 0
49 11 1 8 8F 0 0 0
156 45 3 1 3F 0 0 0
107 33 2 7 14F 0 0 0
158 28 1 9 9F 0 0 0
131 44 2 7 14F 0 0 0
63 3 3 2 6F 0 0 0
189 1 2 2 4F 0 0 0
110 32 3 4 12F 0 0 0
171 40 3 8 24F 0 0 0
129 18 2 8 16F 0 0 0
91 2 2 10 20F 0 0 0
32 43 1 10 10F 0 0 0
114 5 3 1 3F 0 0 0
111 2 2 6 12F 0 0 0
152 24 2 9 18F 0 0 0
12 34 3 5 15F 0 0 0
9 12 1 6 6F 0 0 0
47 34 3 7 21F 0 0 0
143 3 2 7 14F 0 0 0
192 32 2 2 4F 0 0 0
125 48 2 1 2F 0 0 0
150 22 2 9 18F 0 0 0
71 42 1 4 4F 0 0 0
138 49 3 7 21F 0 0 0
100 28 1 10 10F 0 0 0
132 47 3 1 3F 0 0 0
157 5 3 5 15F 0 0 0
4 11 2 9 18F 0 0 0
50 41 3 5 15F 0 0 0
140 34 2 1 2F 0 0 0
37 44 2 7 14F 0 0 0
151 7 3 6 18F 0 0 0
68 11 2 2 4F 0 0 0
41 15 1 3 3F 0 0 0
115 37 3 5 15F 0 0 0
62 7 1 6 6F 0 0 0
1 45 3 8 24F 0 0 0
180 22 2 6 12F 0 0 0
190 39 2 7 14F 0 0 0
71 5 3 30 30F 0 0 0
45 28 1 5 5F 0 0 0
186 43 2 4 8F 0 0 0
16 11 2 7 14F 0 0 0
125 10 2 1 2F 0 0 0
197 32 3 3 9F 0 0 0
40 43 2 8 16F 0 0 0
121 22 2 3 6F 0 0 0
124 26 2 9 18F 0 0 0
57 16 2 8 16F 0 0 0
83 28 2 2 4F 0 0 0
5 8 2 6 12F 0 0 0
4 17 2 6 12F 0 0 0
103 28 3 2 6F 0 0 0
134 3 1 3 3F 0 0 0
135 48 2 10 20F 0 0 0
49 15 1 10 10F 0 0 0
140 13 3 9 27F 0 0 0
17 22 3 9 27F 0 0 0
185 17 3 5 15F 0 0 0
101 9 2 1 2F 0 0 0
17 1 3 9 27F 0 0 0
185 42 1 9 9F 0 0 0
158 31 2 8 16F 0 0 0
134 12 2 3 6F 0 0 0
126 43 2 10 20F 0 0 0
69 32 2 9 18F 0 0 0
123 32 1 2 2F 0 0 0
55 1 2 8 16F 0 0 0
56 24 2 4 8F 0 0 0
18 22 2 10 20F 0 0 0
184 32 2 4 8F 0 0 0
21 13 1 9 9F 0 0 0
153 45 1 2 2F 0 0 0
28 16 2 9 18F 0 0 0
58 20 3 1 3F 0 0 0
96 14 2 3 6F 0 0 0
58 49 3 5 15F 0 0 0
180 42 3 8 24F 0 0 0
75 5 3 1 3F 0 0 0
91 29 3 2 6F 0 0 0
163 37 2 1 2F 0 0 0
158 45 2 10 20F 0 0 0
25 27 2 8 16F 0 0 0
109 30 2 5 10F 0 0 0
53 48 1 6 6F 0 0 0
153 42 2 4 8F 0 0 0
167 46 2 2 4F 0 0 0
152 22 3 2 6F 0 0 0
69 19 2 10 20F 0 0 0
177 5 1 6 6F 0 0 0
183 47 1 5 5F 0 0 0
195 15 2 8 16F 0 0 0
139 22 3 7 21F 0 0 0
83 20 2 10 20F 0 0 0
43 49 2 7 14F 0 0 0
89 45 3 2 6F 0 0 0
73 14 2 10 20F 0 0 0
89 4 3 9 27F 0 0 0
155 21 3 30 30F 0 0 0
170 35 1 4 4F 0 0 0
198 35 2 9 18F 0 0 0
20 21 3 4 12F 0 0 0
46 7 2 6 12F 0 0 0
140 38 2 9 18F 0 0 0
137 23 3 8 24F 0 0 0
164 22 1 4 4F 0 0 0
80 37 2 8 16F 0 0 0
78 38 2 4 8F 0 0 0
53 47 3 4 12F 0 0 0
60 7 2 2 4F 0 0 0
15 37 1 6 6F 0 0 0
14 26 3 2 6F 0 0 0
124 4 2 1 2F 0 0 0
137 14 2 1 2F 0 0 0
122 8 3 1 3F 0 0 0
147 48 2 3 6F 0 0 0
188 20 1 8 8F 0 0 0
12 27 1 8 8F 0 0 0
140 15 2 10 20F 0 0 0
135 33 2 3 6F 0 0 0
191 10 2 10 20F 0 0 0
142 24 2 10 20F 0 0 0
11 17 3 3 9F 0 0 0
174 7 3 8 24F 0 0 0
125 8 1 10 10F 0 0 0
76 5 2 9 18F 0 0 0
125 33 1 9 9F 0 0 0
44 49 3 30 30F 0 0 0
28 44 2 4 8F 0 0 0
60 40 1 8 8F 0 0 0
30 42 2 3 6F 0 0 0
119 18 2 8 16F 0 0 0
1 10 1 10 10F 0 0 0
178 22 3 4 12F 0 0 0
0 43 3 2 6F 0 0 0
67 25 2 6 12F 0 0 0
124 43 3 30 30F 0 0 0
87 28 3 7 21F 0 0 0
65 40 3 5 15F 0 0 0
112 18 1 6 6F 0 0 0
190 4 2 2 4F 0 0 0
110 15 2 3 6F 0 0 0
133 48 1 6 6F 0 0 0
1 20 1 3 3F 0 0 0
44 33 3 6 18F 0 0 0
171 16 2 9 18F 0 0 0
185 12 2 5 10F 0 0 0
167 37 1 5 5F 0 0 0
147 17 3 6 18F 0 0 0
33 24 1 6 6F 0 0 0
34 20 1 4 4F 0 0 0
170 39 3 6 18F 0 0 0
111 34 3 5 15F 0 0 0
54 10 2 9 18F 0 0 0
36 16 1 10 10F 0 0 0
107 43 2 1 2F 0 0 0
135 8 3 4 12F 0 0 0
9 37 3 8 24F 0 0 0
164 15 2 9 18F 0 0 0
178 47 3 7 21F 0 0 0
161 47 3 5 15F 0 0 0
15 19 1 3 3F 0 0 0
15 25 1 9 9F 0 0 0
31 38 1 3 3F 0 0 0
64 3 2 2 4F 0 0 0
63 31 2 6 12F 0 0 0
135 6 2 8 16F 0 0 0
114 37 2 6 12F 0 0 0
94 8 2 1 2F 0 0 0
71 48 3 7 21F 0 0 0
6 25 3 1 3F 0 0 0
151 28 3 7 21F 0 0 0
13 44 3 3 9F 0 0 0
78 34 3 30 30F 0 0 0
161 32 3 8 24F 0 0 0
171 25 1 7 7F 0 0 0
72 13 3 4 12F 0 0 0
40 36 3 6 18F 0 0 0
60 17 2 2 4F 0 0 0
164 6 3 6 18F 0 0 0
153 12 2 10 20F 0 0 0
138 20 3 3 9F 0 0 0
70 29 1 7 7F 0 0 0
0 2 1 9 9F 0 0 0
82 25 1 10 10F 0 0 0
155 48 3 9 27F 0 0 0
169 33 3 5 15F 0 0 0
115 42 3 5 15F 0 0 0
61 39 2 9 18F 0 0 0
108 37 1 9 9F 0 0 0
124 13 2 4 8F 0 0 0
36 10 1 9 9F 0 0 0
37 41 1 5 5F 0 0 0
29 33 1 7 7F 0 0 0
73 47 3 5 15F 0 0 0
112 16 3 5 15F 0 0 0
23 28 2 4 8F 0 0 0
136 22 2 1 2F 0 0 0
81 9 2 10 20F 0 0 0
167 19 1 5 5F 0 0 0
51 32 1 2 2F 0 0 0
86 41 1 4 4F 0 0 0
139 32 2 9 18F 0 0 0
132 46 1 2 2F 0 0 0
31 4 3 4 12F 0 0 0
82 3 2 4 8F 0 0 0
27 17 3 1 3F 0 0 0
68 2 1 2 2F 0 0 0
130 49 2 8 16F 0 0 0
138 5 2 2 4F 0 0 0
64 49 1 2 2F 0 0 0
100 9 1 2 2F 0 0 0
71 20 2 3 6F 0 0 0
110 8 3 1 3F 0 0 0
39 30 2 4 8F 0 0 0
55 2 2 10 20F 0 0 0
97 20 1 9 9F 0 0 0
66 34 1 2 2F 0 0 0
116 2 1 5 5F 0 0 0
82 27 1 3 3F 0 0 0
144 20 2 1 2F 0 0 0
137 39 3 3 9F 0 0 0
76 44 3 3 9F 0 0 0
93 29 2 6 12F 0 0 0
151 45 1 3 3F 0 0 0
128 27 1 8 8F 0 0 0
56 23 2 5 10F 0 0 0
146 23 2 4 8F 0 0 0
55 26 2 1 2F 0 0 0
77 2 2 1 2F 0 0 0
136 7 2 8 16F 0 0 0
103 4 2 3 6F 0 0 0
178 18 1 10 10F 0 0 0
181 40 3 30 30F 0 0 0
123 36 1 3 3F 0 0 0
43 8 3 8 24F 0 0 0
174 14 2 9 18F 0 0 0
66 22 2 1 2F 0 0 0
142 19 1 6 6F 0 0 0
165 3 3 4 12F 0 0 0
32 45 3 5 15F 0 0 0
127 25 1 7 7F 0 0 0
172 9 1 9 9F 0 0 0
51 16 2 3 6F 0 0 0
135 41 3 6 18F 0 0 0
40 3 3 6 18F 0 0 0
116 14 1 9 9F 0 0 0
73 21 3 9 27F 0 0 0
145 6 3 1 3F 0 0 0
150 38 1 2 2F 0 0 0
59 18 2 4 8F 0 0 0
118 4 3 8 24F 0 0 0
116 34 2 2 4F 0 0 0
198 10 1 7 7F 0 0 0
89 18 2 7 14F 0 0 0
82 17 2 9 18F 0 0 0
162 32 2 8 16F 0 0 0
30 38 3 6 18F 0 0 0
198 31 1 7 7F 0 0 0
16 42 2 9 18F 0 0 0
74 25 1 7 7F 0 0 0
198 11 1 9 9F 0 0 0
75 3 1 2 2F 0 0 0
152 47 2 1 2F 0 0 0
23 36 2 9 18F 0 0 0
114 26 3 2 6F 0 0 0
23 7 1 10 10F 0 0 0
78 21 2 5 10F 0 0 0
66 39 1 3 3F 0 0 0
145 24 1 10 10F 0 0 0
149 10 3 6 18F 0 0 0
65 34 3 1 3F 0 0 0
59 7 2 9 18F 0 0 0
196 23 2 3 6F 0 0 0
146 22 3 9 27F 0 0 0
181 45 1 5 5F 0 0 0
83 45 1 8 8F 0 0 0
71 9 2 3 6F 0 0 0
187 4 2 5 10F 0 0 0
74 38 3 1 3F 0 0 0
15 18 3 6 18F 0 0 0
143 49 2 8 16F 0 0 0
16 37 1 4 4F 0 0 0
109 19 1 3 3F 0 0 0
29 49 3 9 27F 0 0 0
70 26 3 4 12F 0 0 0
1 13 2 9 18F 0 0 0
41 17 3 30 30F 0 0 0
176 14 1 7 7F 0 0 0
96 35 1 6 6F 0 0 0
65 45 3 7 21F 0 0 0
108 35 1 9 9F 0 0 0
160 14 2 5 10F 0 0 0
79 19 2 6 12F 0 0 0
185 21 3 7 21F 0 0 0
31 26 3 5 15F 0 0 0
32 9 2 4 8F 0 0 0
72 0 2 9 18F 0 0 0
38 10 2 4 8F 0 0 0
105 39 2 9 18F 0 0 0
41 28 1 9 9F 0 0 0
48 4 3 8 24F 0 0 0
177 44 3 1 3F 0 0 0
70 20 2 1 2F 0 0 0
77 44 1 6 6F 0 0 0
13 46 1 10 10F 0 0 0
95 37 3 8 24F 0 0 0
193 39 2 2 4F 0 0 0
2 6 2 9 18F 0 0 0
192 41 1 5 5F 0 0 0
185 32 1 8 8F 0 0 0
147 37 2 10 20F 0 0 0
22 17 2 8 16F 0 0 0
76 10 3 30 30F 0 0 0
199 14 3 9 27F 0 0 0
139 0 1 10 10F 0 0 0
3 38 3 5 15F 0 0 0
55 48 1 9 9F 0 0 0
82 32 2 1 2F 0 0 0
37 27 3 7 21F 0 0 0
12 33 3 6 18F 0 0 0
124 3 2 3 6F 0 0 0
97 29 3 1 3F 0 0 0
154 5 2 2 4F 0 0 0
119 14 2 7 14F 0 0 0
177 34 2 4 8F 0 0 0
193 9 1 7 7F 0 0 0
161 4 3 6 18F 0 0 0
91 11 1 6 6F 0 0 0
1 3 2 9 18F 0 0 0
91 7 1 2 2F 0 0 0
99 39 3 3 9F 0 0 0
68 47 3 6 18F 0 0 0
8 21 1 10 10F 0 0 0
99 22 3 9 27F 0 0 0
135 4 3 3 9F 0 0 0
77 20 2 2 4F 0 0 0
80 15 3 5 15F 0 0 0
193 48 3 9 27F 0 0 0
10 41 2 1 2F 0 0 0
174 41 1 2 2F 0 0 0
179 37 3 8 24F 0 0 0
3 18 3 4 12F 0 0 0
156 32 3 30 30F 0 0 0
89 5 2 9 18F 0 0 0
71 18 2 6 12F 0 0 0
62 10 1 5 5F 0 0 0
139 20 3 1 3F 0 0 0
68 13 1 2 2F 0 0 0
125 32 3 7 21F 0 0 0
145 30 3 9 27F 0 0 0
67 1 1 10 10F 0 0 0
117 25 2 8 16F 0 0 0
26 15 2 7 14F 0 0 0
63 38 2 9 18F 0 0 0
100 34 1 10 10F 0 0 0
164 11 3 5 15F 0 0 0
121 42 1 3 3F 0 0 0
192 2 2 3 6F 0 0 0
32 41 1 7 7F 0 0 0
160 49 2 5 10F 0 0 0
123 34 1 2 2F 0 0 0
120 12 1 5 5F 0 0 0
114 27 1 9 9F 0 0 0
166 49 2 9 18F 0 0 0
133 47 2 3 6F 0 0 0
34 47 1 9 9F 0 0 0
20 7 2 5 10F 0 0 0
126 31 3 30 30F 0 0 0
165 21 2 10 20F 0 0 0
145 3 2 6 12F 0 0 0
61 31 1 7 7F 0 0 0
180 33 2 7 14F 0 0 0
52 27 2 8 16F 0 0 0
196 42 3 5 15F 0 0 0
116 21 2 7 14F 0 0 0
68 39 3 3 9F 0 0 0
0 26 2 5 10F 0 0 0
110 1 2 4 8F 0 0 0
45 36 3 1 3F 0 0 0
155 30 3 2 6F 0 0 0
142 32 2 3 6F 0 0 0
1 31 1 7 7F 0 0 0
41 1 2 4 8F 0 0 0
133 14 1 3 3F 0 0 0
179 9 2 9 18F 0 0 0
129 11 1 4 4F 0 0 0
172 45 3 7 21F 0 0 0
159 15 2 5 10F 0 0 0
37 16 3 9 27F 0 0 0
198 9 1 6 6F 0 0 0
148 5 1 2 2F 0 0 0
7 41 3 8 24F 0 0 0
179 40 2 8 16F 0 0 0
38 6 2 6 12F 0 0 0
100 19 1 9 9F 0 0 0
0 34 3 9 27F 0 0 0
113 10 1 5 5F 0 0 0
62 22 3 8 24F 0 0 0
84 40 2 4 8F 0 0 0
164 43 3 4 12F 0 0 0
96 45 2 4 8F 0 0 0
39 5 2 9 18F 0 0 0
35 19 1 2 2F 0 0 0
118 26 3 6 18F 0 0 0
124 47 1 10 10F 0 0 0
93 25 2 8 16F 0 0 0
117 6 1 8 8F 0 0 0
131 29 2 8 16F 0 0 0
94 14 3 1 3F 0 0 0
85 43 2 6 12F 0 0 0
5 28 1 8 8F 0 0 0
153 20 2 5 10F 0 0 0
184 47 3 4 12F 0 0 0
101 18 1 8 8F 0 0 0
103 3 3 5 15F 0 0 0
104 41 2 3 6F 0 0 0
127 36 2 3 6F 0 0 0
5 4 2 4 8F 0 0 0
71 4 3 9 27F 0 0 0
9 26 2 6 12F 0 0 0
3 31 3 1 3F 0 0 0
177 47 1 7 7F 0 0 0
78 36 1 2 2F 0 0 0
171 17 2 1 2F 0 0 0
35 32 2 3 6F 0 0 0
134 22 3 6 18F 0 0 0
34 18 3 3 9F 0 0 0
12 36 3 5 15F 0 0 0
58 35 1 7 7F 0 0 0
23 14 3 8 24F 0 0 0
159 28 1 2 2F 0 0 0
187 28 2 4 8F 0 0 0
35 15 2 10 20F 0 0 0
81 35 2 6 12F 0 0 0
64 14 3 1 3F 0 0 0
98 34 2 4 8F 0 0 0
4 22 1 7 7F 0 0 0
197 17 3 9 27F 0 0 0
109 23 3 1 3F 0 0 0
94 49 1 2 2F 0 0 0
0 28 3 5 15F 0 0 0
163 28 2 5 10F 0 0 0
50 28 3 2 6F 0 0 0
78 47 3 8 24F 0 0 0
123 22 2 1 2F 0 0 0
166 45 2 10 20F 0 0 0
185 37 1 3 3F 0 0 0
144 36 3 5 15F 0 0 0
144 5 1 3 3F 0 0 0
50 34 2 7 14F 0 0 0
126 47 3 4 12F 0 0 0
45 2 3 9 27F 0 0 0
74 34 1 5 5F 0 0 0
7 15 2 1 2F 0 0 0
155 18 3 1 3F 0 0 0
124 9 1 4 4F 0 0 0
13 39 2 6 12F 0 0 0
58 25 3 30 30F 0 0 0
53 10 3 4 12F 0 0 0
57 47 3 2 6F 0 0 0
49 40 3 9 27F 0 0 0
151 42 2 1 2F 0 0 0
190 48 2 9 18F 0 0 0
100 23 3 7 21F 0 0 0
108 34 1 7 7F 0 0 0
149 3 3 7 21F 0 0 0
155 17 2 3 6F 0 0 0
34 25 1 2 2F 0 0 0
80 24 3 30 30F 0 0 0
50 3 2 10 20F 0 0 0
24 38 1 4 4F 0 0 0
12 20 2 7 14F 0 0 0
194 19 3 5 15F 0 0 0
169 6 3 1 3F 0 0 0
142 37 2 1 2F 0 0 0
138 11 3 30 30F 0 0 0
186 0 3 5 15F 0 0 0
131 30 1 6 6F 0 0 0
61 35 3 30 30F 0 0 0
8 26 3 9 27F 0 0 0
199 24 2 3 6F 0 0 0
40 44 3 2 6F 0 0 0
108 9 3 7 21F 0 0 0
115 49 2 7 14F 0 0 0
144 43 2 10 20F 0 0 0
4 36 2 10 20F 0 0 0
67 38 1 3 3F 0 0 0
147 0 1 10 10F 0 0 0
79 9 2 4 8F 0 0 0
191 13 1 5 5F 0 0 0
199 0 1 4 4F 0 0 0
7 12 1 8 8F 0 0 0
170 16 1 6 6F 0 0 0
110 19 2 8 16F 0 0 0
171 13 3 8 24F 0 0 0
127 39 2 10 20F 0 0 0
188 49 2 1 2F 0 0 0
92 39 2 8 16F 0 0 0
6 14 1 9 9F 0 0 0
184 19 2 7 14F 0 0 0
181 23 3 3 9F 0 0 0
24 47 2 6 12F 0 0 0
9 16 2 2 4F 0 0 0
171 42 3 5 15F 0 0 0
101 45 1 3 3F 0 0 0
144 24 1 9 9F 0 0 0
44 12 2 7 14F 0 0 0
15 5 1 10 10F 0 0 0
191 25 3 4 12F 0 0 0
90 26 2 2 4F 0 0 0
22 37 3 5 15F 0 0 0
131 47 3 5 15F 0 0 0
38 33 2 4 8F 0 0 0
173 2 1 6 6F 0 0 0
82 22 1 7 7F 0 0 0
60 41 2 10 20F 0 0 0
169 49 2 4 8F 0 0 0
74 5 1 7 7F 0 0 0
24 5 2 8 16F 0 0 0
152 49 1 3 3F 0 0 0
96 21 3 4 12F 0 0 0
40 22 2 6 12F 0 0 0
189 37 2 7 14F 0 0 0
58 21 2 3 6F 0 0 0
101 31 2 1 2F 0 0 0
140 19 1 4 4F 0 0 0
47 8 1 6 6F 0 0 0
133 24 1 5 5F 0 0 0
121 16 3 2 6F 0 0 0
57 34 2 1 2F 0 0 0
198 22 2 5 10F 0 0 0
181 19 3 9 27F 0 0 0
56 37 1 6 6F 0 0 0
119 30 1 8 8F 0 0 0
139 10 2 6 12F 0 0 0
104 10 3 1 3F 0 0 0
27 49 2 8 16F 0 0 0
100 40 3 5 15F 0 0 0
55 29 2 6 12F 0 0 0
190 8 3 5 15F 0 0 0
51 31 3 30 30F 0 0 0
47 26 2 10 20F 0 0 0
175 40 3 9 27F 0 0 0
69 20 1 7 7F 0 0 0
52 25 3 7 21F 0 0 0
118 33 3 1 3F 0 0 0
168 43 1 3 3F 0 0 0
59 24 3 6 18F 0 0 0
74 40 2 9 18F 0 0 0
6 34 1 5 5F 0 0 0
39 26 2 10 20F 0 0 0
2 15 3 8 24F 0 0 0
190 18 3 5 15F 0 0 0
140 43 2 3 6F 0 0 0
95 3 2 9 18F 0 0 0
23 9 3 8 24F 0 0 0
114 19 2 2 4F 0 0 0
53 40 3 30 30F 0 0 0
147 38 1 8 8F 0 0 0
136 16 3 6 18F 0 0 0
22 25 3 5 15F 0 0 0
164 40 1 4 4F 0 0 0
178 35 3 30 30F 0 0 0
90 23 2 2 4F 0 0 0
173 44 3 1 3F 0 0 0
189 16 3 5 15F 0 0 0
92 16 3 9 27F 0 0 0
119 12 3 7 21F 0 0 0
161 10 3 2 6F 0 0 0
197 34 2 5 10F 0 0 0
30 45 2 10 20F 0 0 0
78 19 3 3 9F 0 0 0
2 0 1 2 2F 0 0 0
106 23 3 8 24F 0 0 0
157 17 2 2 4F 0 0 0
126 8 1 5 5F 0 0 0
69 44 2 2 4F 0 0 0
168 16 2 1 2F 0 0 0
7 19 1 6 6F 0 0 0
23 17 2 3 6F 0 0 0
154 30 2 8 16F 0 0 0
124 32 1 6 6F 0 0 0
91 9 2 5 10F 0 0 0
183 40 1 7 7F 0 0 0
114 21 3 3 9F 0 0 0
80 8 1 7 7F 0 0 0
57 40 1 6 6F 0 0 0
188 43 3 1 3F 0 0 0
81 1 1 3 3F 0 0 0
95 0 2 9 18F 0 0 0
88 29 2 4 8F 0 0 0
84 7 3 1 3F 0 0 0
60 15 1 8 8F 0 0 0
84 24 3 2 6F 0 0 0
16 27 3 6 18F 0 0 0
37 21 2 7 14F 0 0 0
161 19 3 30 30F 0 0 0
64 1 3 2 6F 0 0 0
8 8 3 4 12F 0 0 0
118 38 3 30 30F 0 0 0
65 8 3 4 12F 0 0 0
82 42 2 4 8F 0 0 0
52 23 1 5 5F 0 0 0
70 10 3 7 21F 0 0 0
177 42 1 3 3F 0 0 0
191 43 1 4 4F 0 0 0
18 1 3 30 30F 0 0 0
144 6 2 4 8F 0 0 0
180 23 2 6 12F 0 0 0
27 34 1 3 3F 0 0 0
151 30 1 9 9F 0 0 0
162 18 3 3 9F 0 0 0
63 15 3 3 9F 0 0 0
182 47 3 6 18F 0 0 0
70 43 3 9 27F 0 0 0
159 19 2 7 14F 0 0 0
110 33 2 9 18F 0 0 0
4 35 3 6 18F 0 0 0
170 18 1 10 10F 0 0 0
153 24 2 4 8F 0 0 0
189 10 1 7 7F 0 0 0
190 34 3 1 3F 0 0 0
121 27 1 4 4F 0 0 0
80 1 3 6 18F 0 0 0
153 40 3 2 6F 0 0 0
183 21 1 5 5F 0 0 0
150 49 3 4 12F 0 0 0
156 15 2 6 12F 0 0 0
53 4 1 9 9F 0 0 0
49 41 1 9 9F 0 0 0
133 5 1 8 8F 0 0 0
126 30 1 10 10F 0 0 0
54 8 3 4 12F 0 0 0
88 8 1 2 2F 0 0 0
128 16 2 7 14F 0 0 0
93 36 3 4 12F 0 0 0
111 27 2 5 10F 0 0 0
51 10 2 8 16F 0 0 0
94 28 1 5 5F 0 0 0
190 41 2 6 12F 0 0 0
172 10 1 9 9F 0 0 0
157 11 2 7 14F 0 0 0
38 16 2 1 2F 0 0 0
26 4 2 5 10F 0 0 0
43 16 1 4 4F 0 0 0
130 45 1 7 7F 0 0 0
173 48 3 8 24F 0 0 0
12 31 2 4 8F 0 0 0
89 22 1 9 9F 0 0 0
9 32 2 6 12F 0 0 0
90 16 2 4 8F 0 0 0
153 22 2 1 2F 0 0 0
172 3 3 30 30F 0 0 0
26 18 2 3 6F 0 0 0
31 15 3 8 24F 0 0 0
196 3 1 2 2F 0 0 0
60 0 3 1 3F 0 0 0
90 34 3 8 24F 0 0 0
49 49 3 30 30F 0 0 0
36 46 2 4 8F 0 0 0
45 47 2 2 4F 0 0 0
135 14 3 8 24F 0 0 0
93 20 2 4 8F 0 0 0
152 9 2 8 16F 0 0 0
168 5 1 10 10F 0 0 0
148 27 3 6 18F 0 0 0
63 18 3 1 3F 0 0 0
161 35 3 6 18F 0 0 0
170 5 1 10 10F 0 0 0
150 42 3 2 6F 0 0 0
133 44 1 2 2F 0 0 0
1 44 1 9 9F 0 0 0
13 15 1 5 5F 0 0 0
73 26 1 4 4F 0 0 0
178 42 2 9 18F 0 0 0
124 16 2 7 14F 0 0 0
98 8 1 7 7F 0 0 0
171 23 3 5 15F 0 0 0
12 11 1 4 4F 0 0 0
82 41 2 8 16F 0 0 0
162 30 2 7 14F 0 0 0
176 15 2 10 20F 0 0 0
93 16 2 2 4F 0 0 0
48 2 1 8 8F 0 0 0
7 39 2 1 2F 0 0 0
