1000
9 42 3 7 21F 0 0 0
48 23 3 7 21F 0 0 0
101 21 3 7 21F 0 0 0
42 14 2 3 6F 0 0 0
150 24 3 9 27F 0 0 0
40 10 1 10 10F 0 0 0
2 41 3 4 12F 0 0 0
97 9 2 1 2F 0 0 0
189 14 2 5 10F 0 0 0
8 45 3 8 24F 0 0 0
119 27 2 9 18F 0 0 0
155 20 1 6 6F 0 0 0
84 16 1 2 2F 0 0 0
171 3 2 3 6F 0 0 0
175 5 2 7 14F 0 0 0
98 26 2 9 18F 0 0 0
147 13 2 4 8F 0 0 0
156 0 2 7 14F 0 0 0
195 30 2 5 10F 0 0 0
31 47 3 1 3F 0 0 0
134 37 1 2 2F 0 0 0
30 17 1 6 6F 0 0 0
122 27 2 5 10F 0 0 0
100 16 1 8 8F 0 0 0
48 1 3 30 30F 0 0 0
114 18 1 5 5F 0 0 0
77 21 2 8 16F 0 0 0
66 22 1 8 8F 0 0 0
110 22 1 10 10F 0 0 0
111 35 2 3 6F 0 0 0
17 14 3 1 3F 0 0 0
188 14 3 4 12F 0 0 0
25 23 1 4 4F 0 0 0
186 45 3 3 9F 0 0 0
73 34 1 2 2F 0 0 0
149 5 1 9 9F 0 0 0
85 39 2 5 10F 0 0 0
181 1 1 2 2F 0 0 0
26 13 1 6 6F 0 0 0
115 10 3 7 21F 0 0 0
92 2 3 30 30F 0 0 0
131 14 1 5 5F 0 0 0
129 47 3 30 30F 0 0 0
75 9 1 8 8F 0 0 0
116 23 1 6 6F 0 0 0
72 40 2 5 10F 0 0 0
33 44 2 10 20F 0 0 0
61 2 3 8 24F 0 0 0
100 44 3 3 9F 0 0 0
2 39 1 7 7F 0 0 0
98 6 2 6 12F 0 0 0
1 25 2 2 4F 0 0 0
153 46 1 4 4F 0 0 0
2 30 3 6 18F 0 0 0
134 16 1 2 2F 0 0 0
70 49 2 6 12F 0 0 0
180 37 1 4 4F 0 0 0
25 38 2 4 8F 0 0 0
106 23 1 10 10F 0 0 0
82 1 3 4 12F 0 0 0
80 25 2 6 12F 0 0 0
133 14 3 8 24F 0 0 0
107 25 3 7 21F 0 0 0
34 47 1 6 6F 0 0 0
150 26 2 9 18F 0 0 0
166 46 3 8 24F 0 0 0
151 3 3 9 27F 0 0 0
90 22 3 7 21F 0 0 0
119 33 2 9 18F 0 0 0
120 47 3 5 15F 0 0 0
137 28 1 8 8F 0 0 0
158 3 3 2 6F 0 0 0
13 28 1 6 6F 0 0 0
75 46 2 1 2F 0 0 0
129 46 1 10 10F 0 0 0
62 28 1 8 8F 0 0 0
22 13 2 5 10F 0 0 0
67 30 3 1 3F 0 0 0
106 28 3 1 3F 0 0 0
71 34 1 9 9F 0 0 0
126 16 1 10 10F 0 0 0
125 2 3 3 9F 0 0 0
129 29 1 5 5F 0 0 0
84 18 2 3 6F 0 0 0
175 10 3 2 6F 0 0 0
165 9 1 7 7F 0 0 0
20 5 1 10 10F 0 0 0
16 9 3 8 24F 0 0 0
85 47 2 7 14F 0 0 0
157 2 1 3 3F 0 0 0
97 34 3 9 27F 0 0 0
154 12 2 7 14F 0 0 0
173 5 3 6 18F 0 0 0
95 14 2 3 6F 0 0 0
188 26 3 5 15F 0 0 0
185 3 1 7 7F 0 0 0
178 19 2 1 2F 0 0 0
150 20 3 9 27F 0 0 0
2 47 1 2 2F 0 0 0
118 5 1 5 5F 0 0 0
52 48 3 30 30F 0 0 0
185 40 1 6 6F 0 0 0
25 11 3 4 12F 0 0 0
125 6 1 6 6F 0 0 0
166 44 2 7 14F 0 0 0
114 32 1 5 5F 0 0 0
101 22 3 8 24F 0 0 0
145 46 3 30 30F 0 0 0
52 36 2 5 10F 0 0 0
123 23 2 3 6F 0 0 0
192 15 3 5 15F 0 0 0
198 26 2 8 16F 0 0 0
159 35 1 9 9F 0 0 0
129 3 1 4 4F 0 0 0
149 3 2 2 4F 0 0 0
25 1 1 3 3F 0 0 0
9 17 2 7 14F 0 0 0
77 32 1 8 8F 0 0 0
51 6 1 3 3F 0 0 0
107 4 3 4 12F 0 0 0
9 31 1 3 3F 0 0 0
135 30 2 8 16F 0 0 0
43 40 2 6 12F 0 0 0
39 21 1 7 7F 0 0 0
132 41 3 9 27F 0 0 0
153 10 2 10 20F 0 0 0
33 9 2 10 20F 0 0 0
166 13 3 8 24F 0 0 0
119 45 3 7 21F 0 0 0
94 25 2 7 14F 0 0 0
45 0 1 2 2F 0 0 0
14 31 2 10 20F 0 0 0
172 8 2 9 18F 0 0 0
140 14 1 8 8F 0 0 0
10 38 3 2 6F 0 0 0
45 22 2 3 6F 0 0 0
187 4 2 3 6F 0 0 0
20 24 2 3 6F 0 0 0
179 43 2 8 16F 0 0 0
199 4 2 10 20F 0 0 0
31 18 1 6 6F 0 0 0
157 45 2 7 14F 0 0 0
175 31 1 4 4F 0 0 0
156 28 3 3 9F 0 0 0
63 8 2 3 6F 0 0 0
7 23 3 3 9F 0 0 0
32 31 1 4 4F 0 0 0
69 1 2 1 2F 0 0 0
132 32 1 2 2F 0 0 0
61 16 1 7 7F 0 0 0
4 28 3 5 15F 0 0 0
105 17 3 9 27F 0 0 0
163 24 2 8 16F 0 0 0
52 24 3 3 9F 0 0 0
77 28 3 3 9F 0 0 0
195 9 3 2 6F 0 0 0
87 45 1 4 4F 0 0 0
134 13 3 3 9F 0 0 0
108 30 2 1 2F 0 0 0
92 24 3 4 12F 0 0 0
99 13 3 1 3F 0 0 0
92 10 1 9 9F 0 0 0
37 20 1 7 7F 0 0 0
198 1 2 10 20F 0 0 0
86 44 1 9 9F 0 0 0
7 7 2 7 14F 0 0 0
61 13 3 2 6F 0 0 0
171 30 2 10 20F 0 0 0
84 28 1 8 8F 0 0 0
164 41 3 1 3F 0 0 0
92 48 2 9 18F 0 0 0
16 18 1 6 6F 0 0 0
49 21 3 1 3F 0 0 0
31 29 3 6 18F 0 0 0
104 47 2 3 6F 0 0 0
156 43 2 6 12F 0 0 0
59 2 3 30 30F 0 0 0
7 34 3 7 21F 0 0 0
176 7 2 2 4F 0 0 0
1 4 1 9 9F 0 0 0
47 49 2 10 20F 0 0 0
157 18 2 5 10F 0 0 0
103 31 1 2 2F 0 0 0
189 25 2 4 8F 0 0 0
5 3 2 7 14F 0 0 0
100 45 2 1 2F 0 0 0
52 17 1 5 5F 0 0 0
180 0 1 7 7F 0 0 0
167 13 2 8 16F 0 0 0
43 29 1 3 3F 0 0 0
176 8 3 8 24F 0 0 0
49 36 1 10 10F 0 0 0
99 34 2 5 10F 0 0 0
174 21 1 5 5F 0 0 0
108 10 1 8 8F 0 0 0
89 33 2 10 20F 0 0 0
193 32 1 4 4F 0 0 0
143 47 2 5 10F 0 0 0
58 11 3 8 24F 0 0 0
122 38 1 8 8F 0 0 0
46 40 2 7 14F 0 0 0
80 28 3 5 15F 0 0 0
67 10 1 10 10F 0 0 0
27 31 3 8 24F 0 0 0
190 28 1 9 9F 0 0 0
186 16 2 9 18F 0 0 0
120 11 2 6 12F 0 0 0
13 43 2 9 18F 0 0 0
185 24 3 2 6F 0 0 0
151 18 3 30 30F 0 0 0
63 17 2 4 8F 0 0 0
28 35 2 6 12F 0 0 0
79 15 3 8 24F 0 0 0
123 47 1 2 2F 0 0 0
13 5 2 8 16F 0 0 0
15 31 2 4 8F 0 0 0
171 0 1 9 9F 0 0 0
55 15 2 5 10F 0 0 0
154 3 3 4 12F 0 0 0
96 3 2 1 2F 0 0 0
162 38 1 5 5F 0 0 0
152 42 2 2 4F 0 0 0
100 29 1 2 2F 0 0 0
149 36 2 8 16F 0 0 0
2 37 1 4 4F 0 0 0
196 10 1 6 6F 0 0 0
163 29 2 2 4F 0 0 0
154 1 3 9 27F 0 0 0
81 42 3 6 18F 0 0 0
97 27 3 1 3F 0 0 0
18 18 3 9 27F 0 0 0
82 25 1 10 10F 0 0 0
151 16 2 10 20F 0 0 0
173 42 1 8 8F 0 0 0
167 32 3 7 21F 0 0 0
128 22 3 1 3F 0 0 0
25 10 1 7 7F 0 0 0
164 24 2 6 12F 0 0 0
4 2 1 5 5F 0 0 0
10 5 1 3 3F 0 0 0
60 25 2 1 2F 0 0 0
29 30 2 9 18F 0 0 0
174 46 1 5 5F 0 0 0
44 2 2 4 8F 0 0 0
132 3 2 3 6F 0 0 0
28 19 1 7 7F 0 0 0
61 20 1 10 10F 0 0 0
134 24 1 2 2F 0 0 0
60 9 3 7 21F 0 0 0
51 47 2 5 10F 0 0 0
68 3 1 7 7F 0 0 0
102 42 1 3 3F 0 0 0
23 15 1 2 2F 0 0 0
145 2 1 10 10F 0 0 0
137 8 3 6 18F 0 0 0
189 3 2 7 14F 0 0 0
118 28 1 3 3F 0 0 0
93 12 3 9 27F 0 0 0
155 4 2 10 20F 0 0 0
93 46 3 2 6F 0 0 0
119 11 2 9 18F 0 0 0
105 41 3 30 30F 0 0 0
103 4 1 4 4F 0 0 0
122 35 1 9 9F 0 0 0
142 12 2 7 14F 0 0 0
112 35 2 1 2F 0 0 0
171 26 3 5 15F 0 0 0
157 19 1 2 2F 0 0 0
134 21 3 5 15F 0 0 0
144 16 3 2 6F 0 0 0
128 47 1 10 10F 0 0 0
157 7 2 9 18F 0 0 0
84 35 2 7 14F 0 0 0
40 29 3 8 24F 0 0 0
22 46 1 10 10F 0 0 0
177 28 1 8 8F 0 0 0
71 42 1 3 3F 0 0 0
18 22 2 3 6F 0 0 0
148 33 1 8 8F 0 0 0
166 17 3 2 6F 0 0 0
30 5 1 8 8F 0 0 0
172 15 2 7 14F 0 0 0
98 37 1 7 7F 0 0 0
114 28 1 4 4F 0 0 0
105 39 3 4 12F 0 0 0
45 40 2 9 18F 0 0 0
70 47 2 7 14F 0 0 0
144 24 1 10 10F 0 0 0
169 10 1 10 10F 0 0 0
175 4 1 10 10F 0 0 0
84 32 1 2 2F 0 0 0
191 3 1 3 3F 0 0 0
190 9 1 8 8F 0 0 0
166 6 3 6 18F 0 0 0
69 2 3 8 24F 0 0 0
93 13 1 5 5F 0 0 0
59 36 3 7 21F 0 0 0
177 3 3 3 9F 0 0 0
98 38 2 10 20F 0 0 0
110 46 2 10 20F 0 0 0
190 46 3 5 15F 0 0 0
99 0 1 8 8F 0 0 0
115 23 1 2 2F 0 0 0
50 7 1 3 3F 0 0 0
165 38 3 30 30F 0 0 0
115 36 2 7 14F 0 0 0
14 0 1 10 10F 0 0 0
149 8 3 6 18F 0 0 0
177 33 1 8 8F 0 0 0
196 47 3 5 15F 0 0 0
107 44 2 2 4F 0 0 0
118 46 1 3 3F 0 0 0
137 20 2 2 4F 0 0 0
18 47 3 1 3F 0 0 0
39 1 1 6 6F 0 0 0
62 9 3 9 27F 0 0 0
110 6 3 30 30F 0 0 0
126 23 3 5 15F 0 0 0
173 46 2 4 8F 0 0 0
196 17 2 9 18F 0 0 0
73 28 3 8 24F 0 0 0
127 46 2 4 8F 0 0 0
57 44 3 2 6F 0 0 0
152 28 2 3 6F 0 0 0
125 19 2 10 20F 0 0 0
66 6 1 4 4F 0 0 0
93 34 3 6 18F 0 0 0
6 0 2 5 10F 0 0 0
56 11 3 9 27F 0 0 0
30 48 2 9 18F 0 0 0
182 3 1 4 4F 0 0 0
53 26 1 4 4F 0 0 0
116 8 3 3 9F 0 0 0
153 49 1 3 3F 0 0 0
46 32 3 8 24F 0 0 0
99 12 3 3 9F 0 0 0
195 13 2 2 4F 0 0 0
32 35 1 8 8F 0 0 0
0 37 2 2 4F 0 0 0
48 25 1 9 9F 0 0 0
152 24 3 3 9F 0 0 0
158 28 1 8 8F 0 0 0
113 45 3 3 9F 0 0 0
140 30 3 8 24F 0 0 0
19 48 3 6 18F 0 0 0
158 9 1 10 10F 0 0 0
168 14 1 9 9F 0 0 0
67 35 3 7 21F 0 0 0
45 6 1 2 2F 0 0 0
191 47 1 3 3F 0 0 0
156 48 3 6 18F 0 0 0
175 15 1 2 2F 0 0 0
56 16 2 9 18F 0 0 0
35 20 2 10 20F 0 0 0
59 16 3 2 6F 0 0 0
52 23 3 5 15F 0 0 0
22 20 1 3 3F 0 0 0
33 21 3 7 21F 0 0 0
30 6 1 6 6F 0 0 0
110 14 2 1 2F 0 0 0
143 13 2 6 12F 0 0 0
193 33 3 5 15F 0 0 0
188 24 2 10 20F 0 0 0
90 17 3 8 24F 0 0 0
37 23 3 8 24F 0 0 0
17 1 2 1 2F 0 0 0
189 48 1 5 5F 0 0 0
30 35 2 6 12F 0 0 0
21 27 1 8 8F 0 0 0
46 26 3 30 30F 0 0 0
189 43 2 4 8F 0 0 0
50 2 1 2 2F 0 0 0
166 15 2 8 16F 0 0 0
26 31 3 4 12F 0 0 0
78 45 1 5 5F 0 0 0
116 43 2 7 14F 0 0 0
32 9 2 3 6F 0 0 0
153 29 2 3 6F 0 0 0
150 45 3 30 30F 0 0 0
163 15 1 8 8F 0 0 0
129 13 3 6 18F 0 0 0
147 46 2 3 6F 0 0 0
134 36 1 10 10F 0 0 0
157 16 2 6 12F 0 0 0
19 29 3 30 30F 0 0 0
143 31 2 10 20F 0 0 0
156 45 3 3 9F 0 0 0
89 5 3 8 24F 0 0 0
64 6 1 6 6F 0 0 0
182 16 3 9 27F 0 0 0
166 30 3 3 9F 0 0 0
40 0 3 7 21F 0 0 0
109 48 2 4 8F 0 0 0
3 1 3 1 3F 0 0 0
20 7 3 7 21F 0 0 0
93 11 3 30 30F 0 0 0
39 27 2 5 10F 0 0 0
111 33 1 3 3F 0 0 0
102 43 1 2 2F 0 0 0
127 26 2 1 2F 0 0 0
19 41 1 5 5F 0 0 0
118 18 2 8 16F 0 0 0
80 46 1 2 2F 0 0 0
69 29 2 2 4F 0 0 0
92 5 1 2 2F 0 0 0
121 1 1 8 8F 0 0 0
31 9 3 1 3F 0 0 0
88 20 2 2 4F 0 0 0
38 19 1 6 6F 0 0 0
152 12 3 2 6F 0 0 0
67 5 3 7 21F 0 0 0
80 10 3 1 3F 0 0 0
63 42 1 7 7F 0 0 0
61 21 3 30 30F 0 0 0
37 44 2 8 16F 0 0 0
187 25 3 6 18F 0 0 0
31 37 3 2 6F 0 0 0
172 25 2 5 10F 0 0 0
54 34 3 9 27F 0 0 0
175 43 1 6 6F 0 0 0
130 12 1 6 6F 0 0 0
78 0 1 9 9F 0 0 0
117 2 1 3 3F 0 0 0
18 5 2 1 2F 0 0 0
65 10 3 7 21F 0 0 0
124 43 1 8 8F 0 0 0
182 0 2 9 18F 0 0 0
36 29 1 10 10F 0 0 0
52 7 1 9 9F 0 0 0
128 26 1 6 6F 0 0 0
82 35 3 9 27F 0 0 0
30 31 1 7 7F 0 0 0
78 20 3 6 18F 0 0 0
163 3 2 9 18F 0 0 0
26 1 1 6 6F 0 0 0
20 19 1 6 6F 0 0 0
9 24 2 6 12F 0 0 0
84 39 3 4 12F 0 0 0
2 44 3 8 24F 0 0 0
8 39 2 1 2F 0 0 0
19 2 3 8 24F 0 0 0
0 12 1 2 2F 0 0 0
5 6 3 4 12F 0 0 0
81 4 3 4 12F 0 0 0
121 29 2 3 6F 0 0 0
80 12 1 7 7F 0 0 0
14 41 3 1 3F 0 0 0
167 0 1 8 8F 0 0 0
98 18 1 6 6F 0 0 0
115 39 1 9 9F 0 0 0
54 32 1 3 3F 0 0 0
168 22 2 10 20F 0 0 0
194 43 3 30 30F 0 0 0
20 1 1 5 5F 0 0 0
125 22 2 6 12F 0 0 0
1 12 1 3 3F 0 0 0
54 14 3 2 6F 0 0 0
148 17 1 3 3F 0 0 0
1 39 3 3 9F 0 0 0
82 41 2 10 20F 0 0 0
3 48 2 2 4F 0 0 0
198 14 3 5 15F 0 0 0
193 19 1 7 7F 0 0 0
24 4 2 4 8F 0 0 0
5 26 1 5 5F 0 0 0
69 23 3 6 18F 0 0 0
89 28 2 5 10F 0 0 0
194 35 3 5 15F 0 0 0
181 9 2 9 18F 0 0 0
87 21 3 30 30F 0 0 0
192 26 2 9 18F 0 0 0
75 36 3 1 3F 0 0 0
88 48 2 9 18F 0 0 0
107 0 2 10 20F 0 0 0
171 21 3 2 6F 0 0 0
47 34 3 3 9F 0 0 0
13 24 1 9 9F 0 0 0
60 13 1 7 7F 0 0 0
90 27 1 8 8F 0 0 0
77 27 2 7 14F 0 0 0
24 6 1 7 7F 0 0 0
25 44 3 8 24F 0 0 0
130 30 2 8 16F 0 0 0
4 31 2 9 18F 0 0 0
183 19 1 5 5F 0 0 0
95 41 2 3 6F 0 0 0
118 39 1 10 10F 0 0 0
121 44 3 7 21F 0 0 0
157 46 2 6 12F 0 0 0
91 1 2 7 14F 0 0 0
161 21 2 7 14F 0 0 0
196 7 2 1 2F 0 0 0
140 25 1 6 6F 0 0 0
60 45 2 7 14F 0 0 0
183 36 3 1 3F 0 0 0
57 8 2 10 20F 0 0 0
4 48 1 10 10F 0 0 0
179 33 1 8 8F 0 0 0
135 26 2 1 2F 0 0 0
67 37 3 1 3F 0 0 0
199 47 2 4 8F 0 0 0
157 29 1 3 3F 0 0 0
13 17 1 6 6F 0 0 0
42 16 3 3 9F 0 0 0
112 49 3 2 6F 0 0 0
145 24 2 10 20F 0 0 0
105 46 3 6 18F 0 0 0
35 16 3 3 9F 0 0 0
72 36 3 30 30F 0 0 0
40 9 1 8 8F 0 0 0
107 35 2 7 14F 0 0 0
3 19 2 2 4F 0 0 0
17 4 3 1 3F 0 0 0
37 43 2 7 14F 0 0 0
177 32 1 9 9F 0 0 0
199 12 2 4 8F 0 0 0
123 33 3 8 24F 0 0 0
140 42 2 8 16F 0 0 0
158 1 3 2 6F 0 0 0
76 6 3 5 15F 0 0 0
41 38 1 8 8F 0 0 0
67 12 1 10 10F 0 0 0
47 38 3 8 24F 0 0 0
83 35 2 10 20F 0 0 0
0 3 2 6 12F 0 0 0
2 18 3 3 9F 0 0 0
89 13 1 10 10F 0 0 0
120 1 2 3 6F 0 0 0
15 16 2 3 6F 0 0 0
104 49 1 4 4F 0 0 0
34 46 3 9 27F 0 0 0
121 48 2 7 14F 0 0 0
109 5 1 2 2F 0 0 0
104 40 1 6 6F 0 0 0
148 12 3 5 15F 0 0 0
111 22 3 6 18F 0 0 0
198 23 2 4 8F 0 0 0
50 3 2 2 4F 0 0 0
82 38 3 9 27F 0 0 0
7 12 1 3 3F 0 0 0
3 21 3 9 27F 0 0 0
40 31 1 6 6F 0 0 0
75 35 3 30 30F 0 0 0
93 48 2 2 4F 0 0 0
102 39 3 9 27F 0 0 0
179 9 2 8 16F 0 0 0
42 31 3 1 3F 0 0 0
2 40 1 3 3F 0 0 0
90 11 1 5 5F 0 0 0
86 45 3 5 15F 0 0 0
181 29 3 6 18F 0 0 0
15 43 1 6 6F 0 0 0
121 16 2 9 18F 0 0 0
66 17 2 9 18F 0 0 0
58 40 3 1 3F 0 0 0
43 42 3 30 30F 0 0 0
29 36 1 2 2F 0 0 0
14 18 3 8 24F 0 0 0
76 11 1 10 10F 0 0 0
0 35 3 8 24F 0 0 0
30 12 2 3 6F 0 0 0
186 33 3 8 24F 0 0 0
99 35 1 5 5F 0 0 0
148 28 1 10 10F 0 0 0
157 40 1 5 5F 0 0 0
120 30 2 2 4F 0 0 0
40 49 2 10 20F 0 0 0
117 12 1 10 10F 0 0 0
3 36 1 6 6F 0 0 0
98 9 3 3 9F 0 0 0
8 37 1 3 3F 0 0 0
66 43 2 3 6F 0 0 0
2 29 3 6 18F 0 0 0
142 5 1 6 6F 0 0 0
90 14 2 6 12F 0 0 0
170 25 1 9 9F 0 0 0
164 38 3 2 6F 0 0 0
161 34 2 3 6F 0 0 0
90 20 2 9 18F 0 0 0
34 1 2 6 12F 0 0 0
124 31 1 5 5F 0 0 0
157 15 2 4 8F 0 0 0
29 0 3 8 24F 0 0 0
144 8 2 9 18F 0 0 0
133 47 1 10 10F 0 0 0
187 45 3 3 9F 0 0 0
83 46 2 9 18F 0 0 0
88 17 1 9 9F 0 0 0
31 16 3 1 3F 0 0 0
49 20 3 5 15F 0 0 0
69 15 2 8 16F 0 0 0
30 27 1 5 5F 0 0 0
107 2 1 4 4F 0 0 0
24 1 2 5 10F 0 0 0
164 45 2 9 18F 0 0 0
49 3 3 4 12F 0 0 0
154 15 3 4 12F 0 0 0
87 33 1 6 6F 0 0 0
30 30 1 7 7F 0 0 0
117 43 2 9 18F 0 0 0
148 3 3 30 30F 0 0 0
77 24 2 10 20F 0 0 0
131 37 1 2 2F 0 0 0
9 0 1 6 6F 0 0 0
130 44 3 30 30F 0 0 0
50 34 2 1 2F 0 0 0
3 9 1 3 3F 0 0 0
91 24 2 7 14F 0 0 0
133 20 3 6 18F 0 0 0
90 25 2 1 2F 0 0 0
38 26 2 9 18F 0 0 0
79 0 2 6 12F 0 0 0
0 41 1 10 10F 0 0 0
85 23 2 3 6F 0 0 0
79 42 3 2 6F 0 0 0
42 18 1 8 8F 0 0 0
19 7 2 8 16F 0 0 0
165 36 3 9 27F 0 0 0
109 12 3 8 24F 0 0 0
39 8 3 1 3F 0 0 0
163 36 1 9 9F 0 0 0
70 24 2 2 4F 0 0 0
92 30 3 30 30F 0 0 0
100 42 1 10 10F 0 0 0
98 4 3 30 30F 0 0 0
147 36 3 6 18F 0 0 0
25 22 3 3 9F 0 0 0
37 42 1 3 3F 0 0 0
97 32 2 3 6F 0 0 0
126 40 3 7 21F 0 0 0
51 22 1 4 4F 0 0 0
185 42 2 5 10F 0 0 0
125 9 1 9 9F 0 0 0
158 36 1 3 3F 0 0 0
40 36 1 10 10F 0 0 0
20 25 3 1 3F 0 0 0
137 45 3 8 24F 0 0 0
126 25 1 5 5F 0 0 0
36 48 2 9 18F 0 0 0
121 23 3 30 30F 0 0 0
156 5 2 9 18F 0 0 0
69 16 1 3 3F 0 0 0
125 23 1 9 9F 0 0 0
61 32 3 8 24F 0 0 0
42 2 2 5 10F 0 0 0
159 25 1 9 9F 0 0 0
32 1 3 8 24F 0 0 0
32 23 1 9 9F 0 0 0
2 46 1 8 8F 0 0 0
9 36 2 1 2F 0 0 0
122 9 1 2 2F 0 0 0
16 44 3 30 30F 0 0 0
193 36 2 6 12F 0 0 0
163 46 3 6 18F 0 0 0
11 42 1 8 8F 0 0 0
196 8 1 7 7F 0 0 0
107 6 3 9 27F 0 0 0
149 40 1 5 5F 0 0 0
139 8 2 1 2F 0 0 0
143 35 1 5 5F 0 0 0
194 46 1 8 8F 0 0 0
50 10 1 5 5F 0 0 0
150 47 1 5 5F 0 0 0
59 11 2 10 20F 0 0 0
180 44 1 2 2F 0 0 0
89 39 1 5 5F 0 0 0
190 13 2 10 20F 0 0 0
40 12 2 5 10F 0 0 0
188 46 1 2 2F 0 0 0
104 6 2 5 10F 0 0 0
183 45 3 8 24F 0 0 0
103 39 1 6 6F 0 0 0
100 2 3 1 3F 0 0 0
194 45 1 6 6F 0 0 0
137 19 3 9 27F 0 0 0
54 6 2 3 6F 0 0 0
40 33 1 8 8F 0 0 0
141 37 3 1 3F 0 0 0
30 28 1 4 4F 0 0 0
41 5 2 8 16F 0 0 0
76 1 2 9 18F 0 0 0
15 17 3 1 3F 0 0 0
11 26 1 8 8F 0 0 0
9 12 2 9 18F 0 0 0
186 11 3 7 21F 0 0 0
25 41 1 5 5F 0 0 0
92 36 3 1 3F 0 0 0
56 38 3 1 3F 0 0 0
178 49 2 4 8F 0 0 0
118 31 3 8 24F 0 0 0
80 43 1 7 7F 0 0 0
188 28 3 3 9F 0 0 0
41 39 3 30 30F 0 0 0
4 40 1 8 8F 0 0 0
63 24 3 30 30F 0 0 0
153 31 2 9 18F 0 0 0
104 7 1 3 3F 0 0 0
110 3 2 10 20F 0 0 0
49 39 1 5 5F 0 0 0
84 27 1 5 5F 0 0 0
165 12 1 7 7F 0 0 0
51 10 1 8 8F 0 0 0
55 9 3 9 27F 0 0 0
165 48 2 10 20F 0 0 0
58 14 3 7 21F 0 0 0
141 9 1 5 5F 0 0 0
11 5 1 4 4F 0 0 0
40 2 1 9 9F 0 0 0
36 21 2 5 10F 0 0 0
120 3 1 6 6F 0 0 0
84 2 3 30 30F 0 0 0
60 21 2 7 14F 0 0 0
128 30 1 6 6F 0 0 0
181 46 2 9 18F 0 0 0
7 26 1 6 6F 0 0 0
135 41 2 3 6F 0 0 0
178 2 2 7 14F 0 0 0
28 46 2 9 18F 0 0 0
194 34 2 7 14F 0 0 0
158 30 3 4 12F 0 0 0
46 46 3 30 30F 0 0 0
14 5 3 7 21F 0 0 0
117 27 3 3 9F 0 0 0
84 33 3 7 21F 0 0 0
158 35 1 3 3F 0 0 0
22 33 3 7 21F 0 0 0
166 0 3 30 30F 0 0 0
164 29 1 2 2F 0 0 0
151 6 2 9 18F 0 0 0
129 34 3 6 18F 0 0 0
141 11 1 4 4F 0 0 0
177 0 2 5 10F 0 0 0
82 36 3 8 24F 0 0 0
65 36 1 10 10F 0 0 0
168 36 1 9 9F 0 0 0
161 38 1 2 2F 0 0 0
127 48 2 9 18F 0 0 0
187 13 1 10 10F 0 0 0
15 22 2 9 18F 0 0 0
13 20 3 9 27F 0 0 0
191 6 3 8 24F 0 0 0
5 28 2 1 2F 0 0 0
105 18 3 6 18F 0 0 0
190 26 2 2 4F 0 0 0
185 0 1 10 10F 0 0 0
100 30 2 10 20F 0 0 0
143 49 3 2 6F 0 0 0
140 4 2 10 20F 0 0 0
80 13 2 10 20F 0 0 0
3 39 3 30 30F 0 0 0
1 22 2 8 16F 0 0 0
181 36 1 7 7F 0 0 0
68 30 2 9 18F 0 0 0
78 12 2 8 16F 0 0 0
46 8 2 4 8F 0 0 0
39 33 3 8 24F 0 0 0
55 23 3 30 30F 0 0 0
156 30 3 1 3F 0 0 0
3 42 2 1 2F 0 0 0
149 6 2 4 8F 0 0 0
39 3 2 9 18F 0 0 0
178 12 1 2 2F 0 0 0
131 46 2 8 16F 0 0 0
79 2 2 10 20F 0 0 0
154 46 2 6 12F 0 0 0
95 4 2 10 20F 0 0 0
162 7 2 9 18F 0 0 0
133 8 1 8 8F 0 0 0
139 24 3 1 3F 0 0 0
29 7 3 2 6F 0 0 0
12 8 2 9 18F 0 0 0
130 46 1 8 8F 0 0 0
148 6 3 3 9F 0 0 0
149 12 2 3 6F 0 0 0
75 45 2 6 12F 0 0 0
184 8 3 7 21F 0 0 0
21 4 2 9 18F 0 0 0
128 19 3 4 12F 0 0 0
4 49 3 2 6F 0 0 0
12 6 1 4 4F 0 0 0
1 38 1 9 9F 0 0 0
76 3 2 3 6F 0 0 0
41 47 3 8 24F 0 0 0
173 21 2 4 8F 0 0 0
53 33 2 8 16F 0 0 0
187 47 3 7 21F 0 0 0
79 41 1 3 3F 0 0 0
92 33 3 5 15F 0 0 0
55 41 1 5 5F 0 0 0
2 20 3 5 15F 0 0 0
109 3 2 8 16F 0 0 0
193 15 2 2 4F 0 0 0
56 34 3 2 6F 0 0 0
151 12 3 2 6F 0 0 0
89 34 1 7 7F 0 0 0
65 7 1 10 10F 0 0 0
10 21 2 1 2F 0 0 0
86 11 3 6 18F 0 0 0
114 30 1 5 5F 0 0 0
113 2 1 7 7F 0 0 0
181 33 3 6 18F 0 0 0
91 28 3 30 30F 0 0 0
70 29 2 2 4F 0 0 0
102 28 1 7 7F 0 0 0
181 49 2 3 6F 0 0 0
34 14 1 2 2F 0 0 0
168 27 1 6 6F 0 0 0
167 45 2 6 12F 0 0 0
116 4 2 4 8F 0 0 0
104 0 3 2 6F 0 0 0
179 41 3 30 30F 0 0 0
2 45 3 9 27F 0 0 0
176 24 3 7 21F 0 0 0
30 16 3 3 9F 0 0 0
26 12 1 7 7F 0 0 0
26 39 2 2 4F 0 0 0
102 14 3 1 3F 0 0 0
181 48 3 3 9F 0 0 0
180 38 2 9 18F 0 0 0
36 10 1 3 3F 0 0 0
175 22 2 1 2F 0 0 0
199 13 3 9 27F 0 0 0
194 18 3 6 18F 0 0 0
59 40 1 9 9F 0 0 0
144 49 1 6 6F 0 0 0
181 16 2 1 2F 0 0 0
160 8 1 8 8F 0 0 0
181 4 1 2 2F 0 0 0
77 44 2 2 4F 0 0 0
120 45 2 2 4F 0 0 0
69 40 2 7 14F 0 0 0
136 45 2 2 4F 0 0 0
170 34 2 10 20F 0 0 0
180 48 2 1 2F 0 0 0
104 15 2 8 16F 0 0 0
152 6 2 8 16F 0 0 0
42 42 2 5 10F 0 0 0
180 3 3 8 24F 0 0 0
163 2 1 6 6F 0 0 0
24 12 1 5 5F 0 0 0
169 42 2 6 12F 0 0 0
52 14 1 2 2F 0 0 0
57 13 2 4 8F 0 0 0
83 22 3 3 9F 0 0 0
7 49 1 5 5F 0 0 0
35 29 1 10 10F 0 0 0
184 47 2 9 18F 0 0 0
164 32 3 3 9F 0 0 0
176 22 3 9 27F 0 0 0
128 13 2 10 20F 0 0 0
113 38 2 7 14F 0 0 0
41 6 3 5 15F 0 0 0
76 39 2 6 12F 0 0 0
145 36 1 5 5F 0 0 0
81 18 2 10 20F 0 0 0
24 15 3 4 12F 0 0 0
152 1 1 2 2F 0 0 0
147 48 1 7 7F 0 0 0
50 6 2 7 14F 0 0 0
34 4 3 3 9F 0 0 0
37 12 2 3 6F 0 0 0
147 20 3 9 27F 0 0 0
97 43 3 6 18F 0 0 0
179 13 3 2 6F 0 0 0
78 7 1 5 5F 0 0 0
112 45 3 9 27F 0 0 0
103 1 1 2 2F 0 0 0
71 8 2 1 2F 0 0 0
64 30 2 10 20F 0 0 0
65 13 3 30 30F 0 0 0
106 36 2 2 4F 0 0 0
192 4 3 7 21F 0 0 0
187 44 2 6 12F 0 0 0
45 11 3 6 18F 0 0 0
17 34 3 9 27F 0 0 0
176 10 1 3 3F 0 0 0
189 27 2 1 2F 0 0 0
166 22 1 10 10F 0 0 0
99 24 3 8 24F 0 0 0
88 37 1 4 4F 0 0 0
196 28 3 6 18F 0 0 0
125 44 1 8 8F 0 0 0
187 49 2 6 12F 0 0 0
130 23 1 9 9F 0 0 0
164 5 3 1 3F 0 0 0
161 7 2 4 8F 0 0 0
117 33 3 7 21F 0 0 0
155 9 3 5 15F 0 0 0
68 22 3 1 3F 0 0 0
58 21 3 6 18F 0 0 0
78 29 3 4 12F 0 0 0
188 33 3 5 15F 0 0 0
47 0 3 9 27F 0 0 0
22 41 3 30 30F 0 0 0
146 20 2 5 10F 0 0 0
35 49 2 7 14F 0 0 0
81 28 1 7 7F 0 0 0
11 9 3 7 21F 0 0 0
76 33 3 9 27F 0 0 0
108 18 1 8 8F 0 0 0
193 2 2 3 6F 0 0 0
64 0 2 3 6F 0 0 0
116 2 1 5 5F 0 0 0
75 18 3 5 15F 0 0 0
146 40 2 8 16F 0 0 0
162 1 3 8 24F 0 0 0
151 34 2 6 12F 0 0 0
35 24 1 8 8F 0 0 0
26 26 3 9 27F 0 0 0
17 22 1 3 3F 0 0 0
22 48 3 3 9F 0 0 0
75 37 2 6 12F 0 0 0
175 29 1 6 6F 0 0 0
139 10 1 5 5F 0 0 0
39 39 1 3 3F 0 0 0
107 12 3 6 18F 0 0 0
193 35 2 5 10F 0 0 0
42 4 1 4 4F 0 0 0
140 39 1 6 6F 0 0 0
150 4 3 9 27F 0 0 0
153 14 1 9 9F 0 0 0
108 25 3 7 21F 0 0 0
14 47 3 2 6F 0 0 0
70 5 2 3 6F 0 0 0
54 41 1 9 9F 0 0 0
26 29 3 2 6F 0 0 0
153 23 3 5 15F 0 0 0
33 0 3 30 30F 0 0 0
164 18 1 4 4F 0 0 0
129 22 3 6 18F 0 0 0
2 10 1 8 8F 0 0 0
125 45 1 9 9F 0 0 0
105 15 2 2 4F 0 0 0
165 15 1 5 5F 0 0 0
117 16 3 30 30F 0 0 0
81 49 3 3 9F 0 0 0
154 5 3 7 21F 0 0 0
74 22 3 2 6F 0 0 0
147 23 3 6 18F 0 0 0
146 19 1 9 9F 0 0 0
193 43 2 8 16F 0 0 0
93 10 2 1 2F 0 0 0
109 4 3 3 9F 0 0 0
48 32 3 5 15F 0 0 0
42 32 1 6 6F 0 0 0
94 37 2 5 10F 0 0 0
128 25 1 6 6F 0 0 0
43 34 2 1 2F 0 0 0
10 47 2 5 10F 0 0 0
166 36 3 9 27F 0 0 0
160 40 3 8 24F 0 0 0
162 19 3 1 3F 0 0 0
8 2 3 30 30F 0 0 0
121 42 2 5 10F 0 0 0
76 15 1 7 7F 0 0 0
128 34 2 7 14F 0 0 0
182 14 1 9 9F 0 0 0
6 12 3 2 6F 0 0 0
152 41 1 7 7F 0 0 0
23 45 3 6 18F 0 0 0
5 7 1 2 2F 0 0 0
177 11 3 30 30F 0 0 0
145 32 2 1 2F 0 0 0
70 17 2 6 12F 0 0 0
90 48 3 6 18F 0 0 0
137 39 1 2 2F 0 0 0
8 41 3 6 18F 0 0 0
142 43 2 10 20F 0 0 0
196 27 1 6 6F 0 0 0
137 16 1 7 7F 0 0 0
130 39 2 4 8F 0 0 0
162 48 3 4 12F 0 0 0
38 14 3 7 21F 0 0 0
129 33 2 3 6F 0 0 0
141 19 3 4 12F 0 0 0
48 14 3 6 18F 0 0 0
126 0 1 6 6F 0 0 0
140 17 3 30 30F 0 0 0
77 9 1 3 3F 0 0 0
91 15 1 4 4F 0 0 0
189 7 2 10 20F 0 0 0
140 37 2 8 16F 0 0 0
129 38 1 3 3F 0 0 0
121 5 2 6 12F 0 0 0
170 14 2 4 8F 0 0 0
18 21 3 4 12F 0 0 0
125 30 2 4 8F 0 0 0
135 29 1 10 10F 0 0 0
70 6 1 2 2F 0 0 0
115 41 2 4 8F 0 0 0
123 22 1 7 7F 0 0 0
187 43 1 7 7F 0 0 0
31 41 1 10 10F 0 0 0
55 39 3 6 18F 0 0 0
39 14 3 1 3F 0 0 0
71 40 3 7 21F 0 0 0
54 10 2 10 20F 0 0 0
178 41 1 10 10F 0 0 0
133 3 3 4 12F 0 0 0
39 31 3 4 12F 0 0 0
