1000
44 44 1 9 9F 0 0 0
14 37 2 8 16F 0 0 0
47 144 1 2 2F 0 0 0
48 140 1 9 9F 0 0 0
28 26 2 8 16F 0 0 0
17 195 3 3 9F 0 0 0
7 46 1 3 3F 0 0 0
40 87 1 7 7F 0 0 0
12 121 3 8 24F 0 0 0
37 157 2 6 12F 0 0 0
2 79 1 5 5F 0 0 0
27 135 2 8 16F 0 0 0
45 151 2 2 4F 0 0 0
11 58 1 10 10F 0 0 0
11 91 3 2 6F 0 0 0
1 170 3 8 24F 0 0 0
37 57 2 3 6F 0 0 0
18 13 1 3 3F 0 0 0
8 98 2 8 16F 0 0 0
44 42 1 8 8F 0 0 0
17 128 1 5 5F 0 0 0
26 19 1 10 10F 0 0 0
25 142 2 10 20F 0 0 0
41 139 3 8 24F 0 0 0
20 8 2 6 12F 0 0 0
24 75 3 5 15F 0 0 0
25 28 1 6 6F 0 0 0
16 127 1 9 9F 0 0 0
23 72 2 3 6F 0 0 0
10 65 3 7 21F 0 0 0
15 95 2 9 18F 0 0 0
35 80 2 3 6F 0 0 0
13 111 1 2 2F 0 0 0
9 43 3 7 21F 0 0 0
16 172 1 7 7F 0 0 0
2 120 3 5 15F 0 0 0
27 180 2 9 18F 0 0 0
47 6 3 5 15F 0 0 0
32 142 2 8 16F 0 0 0
47 1 2 5 10F 0 0 0
4 107 1 8 8F 0 0 0
39 138 2 9 18F 0 0 0
29 76 1 8 8F 0 0 0
43 175 2 2 4F 0 0 0
34 27 3 9 27F 0 0 0
27 49 3 2 6F 0 0 0
45 61 1 5 5F 0 0 0
30 79 3 3 9F 0 0 0
46 103 3 4 12F 0 0 0
5 32 1 3 3F 0 0 0
5 170 2 10 20F 0 0 0
0 85 1 5 5F 0 0 0
39 176 3 5 15F 0 0 0
49 130 1 7 7F 0 0 0
1 115 2 10 20F 0 0 0
34 195 1 2 2F 0 0 0
29 33 1 7 7F 0 0 0
39 182 3 2 6F 0 0 0
20 153 2 8 16F 0 0 0
21 136 2 8 16F 0 0 0
11 101 2 10 20F 0 0 0
37 188 3 7 21F 0 0 0
15 76 1 10 10F 0 0 0
25 151 2 1 2F 0 0 0
40 50 2 2 4F 0 0 0
43 158 1 10 10F 0 0 0
15 84 2 7 14F 0 0 0
41 7 2 1 2F 0 0 0
38 66 2 8 16F 0 0 0
33 22 1 2 2F 0 0 0
16 122 2 8 16F 0 0 0
47 25 1 3 3F 0 0 0
2 128 2 9 18F 0 0 0
15 39 3 8 24F 0 0 0
48 158 1 4 4F 0 0 0
11 193 2 7 14F 0 0 0
1 84 1 6 6F 0 0 0
41 198 3 6 18F 0 0 0
29 47 1 4 4F 0 0 0
16 144 2 1 2F 0 0 0
4 2 1 8 8F 0 0 0
1 179 3 9 27F 0 0 0
37 0 2 5 10F 0 0 0
31 73 1 8 8F 0 0 0
24 80 2 7 14F 0 0 0
1 165 2 5 10F 0 0 0
21 23 2 4 8F 0 0 0
39 37 1 7 7F 0 0 0
36 18 2 5 10F 0 0 0
45 101 2 7 14F 0 0 0
16 185 1 9 9F 0 0 0
22 193 3 30 30F 0 0 0
49 87 2 7 14F 0 0 0
13 134 3 7 21F 0 0 0
41 55 1 7 7F 0 0 0
26 154 1 5 5F 0 0 0
25 126 2 6 12F 0 0 0
34 135 3 7 21F 0 0 0
48 106 1 6 6F 0 0 0
18 184 1 9 9F 0 0 0
43 106 2 5 10F 0 0 0
14 180 3 3 9F 0 0 0
46 64 2 2 4F 0 0 0
29 4 2 4 8F 0 0 0
49 92 3 7 21F 0 0 0
38 48 1 4 4F 0 0 0
26 193 1 3 3F 0 0 0
3 188 1 10 10F 0 0 0
37 148 2 9 18F 0 0 0
30 34 3 2 6F 0 0 0
17 45 2 4 8F 0 0 0
24 194 2 3 6F 0 0 0
12 56 2 1 2F 0 0 0
10 180 3 3 9F 0 0 0
44 114 2 6 12F 0 0 0
2 111 3 8 24F 0 0 0
0 1 2 1 2F 0 0 0
5 102 2 2 4F 0 0 0
35 140 3 3 9F 0 0 0
14 141 2 8 16F 0 0 0
22 6 3 8 24F 0 0 0
27 46 2 5 10F 0 0 0
1 50 1 10 10F 0 0 0
0 77 3 30 30F 0 0 0
48 130 1 5 5F 0 0 0
7 102 2 9 18F 0 0 0
44 149 3 4 12F 0 0 0
39 25 2 8 16F 0 0 0
39 16 1 9 9F 0 0 0
17 12 2 6 12F 0 0 0
21 187 3 3 9F 0 0 0
7 100 3 5 15F 0 0 0
46 154 3 4 12F 0 0 0
48 51 2 5 10F 0 0 0
31 188 1 8 8F 0 0 0
5 183 2 6 12F 0 0 0
47 44 2 6 12F 0 0 0
47 9 1 4 4F 0 0 0
43 11 1 8 8F 0 0 0
28 162 1 4 4F 0 0 0
49 195 2 10 20F 0 0 0
40 183 3 1 3F 0 0 0
34 128 2 2 4F 0 0 0
3 24 1 3 3F 0 0 0
11 50 1 6 6F 0 0 0
46 153 2 2 4F 0 0 0
7 138 1 5 5F 0 0 0
34 11 3 9 27F 0 0 0
25 115 1 6 6F 0 0 0
27 55 1 6 6F 0 0 0
20 94 1 9 9F 0 0 0
4 69 1 5 5F 0 0 0
15 120 2 2 4F 0 0 0
10 22 1 2 2F 0 0 0
30 71 2 8 16F 0 0 0
21 165 2 8 16F 0 0 0
7 57 1 6 6F 0 0 0
18 146 2 7 14F 0 0 0
21 28 2 9 18F 0 0 0
40 12 3 9 27F 0 0 0
10 187 2 5 10F 0 0 0
35 144 3 1 3F 0 0 0
5 36 3 8 24F 0 0 0
19 197 2 10 20F 0 0 0
49 18 2 2 4F 0 0 0
46 13 1 10 10F 0 0 0
46 135 3 2 6F 0 0 0
36 134 2 9 18F 0 0 0
43 9 2 2 4F 0 0 0
5 134 2 2 4F 0 0 0
43 100 2 2 4F 0 0 0
44 4 1 2 2F 0 0 0
28 3 2 3 6F 0 0 0
3 175 2 4 8F 0 0 0
22 110 2 2 4F 0 0 0
23 160 2 1 2F 0 0 0
39 113 1 2 2F 0 0 0
24 172 1 4 4F 0 0 0
43 81 2 2 4F 0 0 0
36 37 1 8 8F 0 0 0
3 152 3 6 18F 0 0 0
25 54 1 10 10F 0 0 0
39 65 1 5 5F 0 0 0
33 139 3 7 21F 0 0 0
28 166 2 6 12F 0 0 0
41 191 2 5 10F 0 0 0
32 27 2 10 20F 0 0 0
23 88 2 2 4F 0 0 0
39 127 1 3 3F 0 0 0
5 42 2 7 14F 0 0 0
41 101 2 4 8F 0 0 0
3 115 2 9 18F 0 0 0
24 50 3 8 24F 0 0 0
6 118 3 8 24F 0 0 0
20 40 3 9 27F 0 0 0
5 178 2 2 4F 0 0 0
2 43 2 7 14F 0 0 0
33 64 2 3 6F 0 0 0
5 142 1 5 5F 0 0 0
15 149 3 2 6F 0 0 0
0 134 1 8 8F 0 0 0
29 162 2 4 8F 0 0 0
34 69 3 2 6F 0 0 0
18 171 2 10 20F 0 0 0
40 89 1 2 2F 0 0 0
36 58 3 7 21F 0 0 0
43 62 3 30 30F 0 0 0
20 136 2 5 10F 0 0 0
19 2 2 6 12F 0 0 0
20 199 3 5 15F 0 0 0
44 84 3 6 18F 0 0 0
2 96 1 5 5F 0 0 0
26 9 1 8 8F 0 0 0
37 87 1 6 6F 0 0 0
27 106 2 6 12F 0 0 0
7 12 3 7 21F 0 0 0
43 125 3 6 18F 0 0 0
20 188 2 2 4F 0 0 0
2 161 3 9 27F 0 0 0
3 77 3 8 24F 0 0 0
18 121 2 6 12F 0 0 0
1 122 2 10 20F 0 0 0
22 179 2 4 8F 0 0 0
14 68 3 1 3F 0 0 0
39 26 1 3 3F 0 0 0
17 38 2 3 6F 0 0 0
22 114 2 4 8F 0 0 0
26 189 3 3 9F 0 0 0
6 122 1 6 6F 0 0 0
49 101 3 1 3F 0 0 0
22 157 2 3 6F 0 0 0
38 160 3 9 27F 0 0 0
23 48 1 2 2F 0 0 0
12 153 1 2 2F 0 0 0
34 146 2 6 12F 0 0 0
24 184 3 4 12F 0 0 0
22 119 2 8 16F 0 0 0
37 108 2 10 20F 0 0 0
33 175 3 9 27F 0 0 0
2 173 1 3 3F 0 0 0
37 49 2 6 12F 0 0 0
48 104 1 9 9F 0 0 0
28 132 3 2 6F 0 0 0
32 156 1 9 9F 0 0 0
44 195 3 30 30F 0 0 0
28 96 3 6 18F 0 0 0
34 6 1 7 7F 0 0 0
26 186 1 9 9F 0 0 0
17 2 1 5 5F 0 0 0
35 12 3 9 27F 0 0 0
3 184 2 9 18F 0 0 0
30 33 2 5 10F 0 0 0
2 145 2 3 6F 0 0 0
31 187 3 9 27F 0 0 0
48 137 3 30 30F 0 0 0
3 37 2 5 10F 0 0 0
25 101 2 10 20F 0 0 0
45 37 1 2 2F 0 0 0
38 34 1 7 7F 0 0 0
16 64 3 6 18F 0 0 0
8 24 1 5 5F 0 0 0
31 0 2 2 4F 0 0 0
13 189 2 6 12F 0 0 0
26 4 2 9 18F 0 0 0
35 148 3 2 6F 0 0 0
48 71 2 2 4F 0 0 0
8 72 3 4 12F 0 0 0
0 66 2 4 8F 0 0 0
48 197 3 4 12F 0 0 0
4 95 1 2 2F 0 0 0
30 131 3 2 6F 0 0 0
38 58 1 9 9F 0 0 0
41 33 1 8 8F 0 0 0
19 189 3 6 18F 0 0 0
19 72 2 4 8F 0 0 0
35 79 2 10 20F 0 0 0
20 107 2 1 2F 0 0 0
36 109 3 2 6F 0 0 0
37 53 1 5 5F 0 0 0
3 58 1 8 8F 0 0 0
0 180 1 2 2F 0 0 0
45 12 1 2 2F 0 0 0
27 190 3 2 6F 0 0 0
13 198 3 5 15F 0 0 0
34 85 1 4 4F 0 0 0
39 165 1 7 7F 0 0 0
10 153 3 2 6F 0 0 0
32 84 3 2 6F 0 0 0
2 99 1 9 9F 0 0 0
20 19 2 1 2F 0 0 0
39 87 2 1 2F 0 0 0
44 26 2 1 2F 0 0 0
28 153 2 8 16F 0 0 0
8 198 2 6 12F 0 0 0
25 185 1 2 2F 0 0 0
18 179 1 7 7F 0 0 0
24 51 1 2 2F 0 0 0
48 67 1 3 3F 0 0 0
43 95 3 1 3F 0 0 0
43 28 1 3 3F 0 0 0
0 52 2 8 16F 0 0 0
41 104 1 7 7F 0 0 0
47 115 1 8 8F 0 0 0
45 0 1 7 7F 0 0 0
7 50 1 4 4F 0 0 0
9 52 2 4 8F 0 0 0
31 156 3 2 6F 0 0 0
38 118 2 2 4F 0 0 0
29 137 3 9 27F 0 0 0
39 47 1 4 4F 0 0 0
13 153 3 30 30F 0 0 0
9 138 1 10 10F 0 0 0
8 91 1 8 8F 0 0 0
29 66 2 8 16F 0 0 0
49 155 1 6 6F 0 0 0
3 71 1 5 5F 0 0 0
5 81 1 6 6F 0 0 0
30 133 3 8 24F 0 0 0
38 196 3 4 12F 0 0 0
23 122 3 9 27F 0 0 0
44 155 3 9 27F 0 0 0
43 92 3 4 12F 0 0 0
10 91 2 7 14F 0 0 0
28 178 3 7 21F 0 0 0
25 131 3 9 27F 0 0 0
14 85 1 4 4F 0 0 0
7 152 1 8 8F 0 0 0
34 157 2 5 10F 0 0 0
30 179 1 8 8F 0 0 0
14 87 1 6 6F 0 0 0
10 182 3 4 12F 0 0 0
31 45 1 4 4F 0 0 0
47 136 2 8 16F 0 0 0
46 18 1 10 10F 0 0 0
39 74 3 30 30F 0 0 0
45 107 3 5 15F 0 0 0
24 189 3 30 30F 0 0 0
16 171 2 3 6F 0 0 0
30 164 1 9 9F 0 0 0
4 117 1 5 5F 0 0 0
39 114 2 2 4F 0 0 0
22 28 2 4 8F 0 0 0
49 167 2 5 10F 0 0 0
35 36 2 3 6F 0 0 0
35 50 1 3 3F 0 0 0
41 192 3 3 9F 0 0 0
0 101 2 4 8F 0 0 0
6 103 3 30 30F 0 0 0
15 195 3 9 27F 0 0 0
28 94 3 6 18F 0 0 0
18 93 3 2 6F 0 0 0
18 108 2 3 6F 0 0 0
12 106 2 6 12F 0 0 0
39 5 1 3 3F 0 0 0
27 56 3 6 18F 0 0 0
4 100 2 6 12F 0 0 0
19 122 1 2 2F 0 0 0
35 41 1 3 3F 0 0 0
41 75 1 3 3F 0 0 0
10 86 3 1 3F 0 0 0
18 29 3 1 3F 0 0 0
30 55 2 3 6F 0 0 0
47 73 1 4 4F 0 0 0
2 154 1 7 7F 0 0 0
46 40 3 8 24F 0 0 0
10 68 1 6 6F 0 0 0
12 90 1 4 4F 0 0 0
45 67 1 4 4F 0 0 0
2 172 1 5 5F 0 0 0
14 48 3 1 3F 0 0 0
30 123 3 3 9F 0 0 0
3 180 2 9 18F 0 0 0
35 38 3 2 6F 0 0 0
8 17 2 5 10F 0 0 0
49 22 3 4 12F 0 0 0
32 139 2 5 10F 0 0 0
28 24 1 6 6F 0 0 0
13 57 1 4 4F 0 0 0
7 107 2 7 14F 0 0 0
8 96 1 8 8F 0 0 0
43 149 3 9 27F 0 0 0
41 122 3 3 9F 0 0 0
1 8 1 3 3F 0 0 0
49 98 1 3 3F 0 0 0
8 120 2 2 4F 0 0 0
16 133 3 9 27F 0 0 0
10 44 1 7 7F 0 0 0
38 43 2 2 4F 0 0 0
47 135 1 5 5F 0 0 0
23 142 2 4 8F 0 0 0
36 32 2 5 10F 0 0 0
10 125 3 8 24F 0 0 0
8 152 1 3 3F 0 0 0
3 17 3 9 27F 0 0 0
43 165 3 1 3F 0 0 0
21 109 3 7 21F 0 0 0
0 140 2 1 2F 0 0 0
21 30 1 2 2F 0 0 0
6 120 3 8 24F 0 0 0
17 101 2 5 10F 0 0 0
27 90 2 1 2F 0 0 0
11 15 3 3 9F 0 0 0
42 31 3 2 6F 0 0 0
24 151 1 10 10F 0 0 0
6 129 1 10 10F 0 0 0
13 149 2 7 14F 0 0 0
36 12 3 1 3F 0 0 0
16 2 2 5 10F 0 0 0
39 85 3 9 27F 0 0 0
18 126 2 5 10F 0 0 0
12 170 2 4 8F 0 0 0
2 181 3 6 18F 0 0 0
35 115 2 7 14F 0 0 0
45 118 3 8 24F 0 0 0
23 185 3 6 18F 0 0 0
37 60 3 3 9F 0 0 0
10 188 1 8 8F 0 0 0
25 80 2 10 20F 0 0 0
1 143 1 2 2F 0 0 0
6 29 3 3 9F 0 0 0
10 16 1 9 9F 0 0 0
26 192 3 9 27F 0 0 0
31 8 3 7 21F 0 0 0
24 5 2 8 16F 0 0 0
43 113 2 1 2F 0 0 0
3 60 1 6 6F 0 0 0
41 25 1 10 10F 0 0 0
5 23 3 2 6F 0 0 0
33 25 3 30 30F 0 0 0
41 10 3 7 21F 0 0 0
34 194 1 2 2F 0 0 0
44 25 3 30 30F 0 0 0
8 182 2 4 8F 0 0 0
45 83 2 10 20F 0 0 0
36 152 2 10 20F 0 0 0
20 127 1 6 6F 0 0 0
48 186 3 30 30F 0 0 0
14 34 2 10 20F 0 0 0
25 21 2 3 6F 0 0 0
37 7 2 4 8F 0 0 0
16 110 2 9 18F 0 0 0
3 42 1 7 7F 0 0 0
26 142 3 3 9F 0 0 0
24 145 1 2 2F 0 0 0
19 16 2 3 6F 0 0 0
1 94 3 30 30F 0 0 0
46 147 2 3 6F 0 0 0
0 25 3 1 3F 0 0 0
43 82 2 6 12F 0 0 0
26 68 1 4 4F 0 0 0
46 92 3 1 3F 0 0 0
4 1 3 9 27F 0 0 0
43 139 2 4 8F 0 0 0
46 164 3 2 6F 0 0 0
29 131 1 10 10F 0 0 0
4 83 2 9 18F 0 0 0
47 110 1 4 4F 0 0 0
40 83 3 7 21F 0 0 0
4 175 3 9 27F 0 0 0
8 113 2 10 20F 0 0 0
26 139 3 8 24F 0 0 0
10 199 2 3 6F 0 0 0
9 188 1 2 2F 0 0 0
19 164 2 6 12F 0 0 0
13 165 1 6 6F 0 0 0
16 87 2 1 2F 0 0 0
12 142 3 6 18F 0 0 0
24 100 1 3 3F 0 0 0
36 124 1 8 8F 0 0 0
14 5 3 6 18F 0 0 0
14 44 3 9 27F 0 0 0
28 143 3 7 21F 0 0 0
7 43 3 3 9F 0 0 0
48 155 1 9 9F 0 0 0
35 75 3 5 15F 0 0 0
6 7 3 4 12F 0 0 0
49 105 3 1 3F 0 0 0
20 198 2 3 6F 0 0 0
28 9 3 9 27F 0 0 0
21 159 3 2 6F 0 0 0
17 124 3 2 6F 0 0 0
46 59 3 9 27F 0 0 0
31 13 3 6 18F 0 0 0
43 137 1 10 10F 0 0 0
21 144 1 9 9F 0 0 0
23 106 2 1 2F 0 0 0
45 189 1 7 7F 0 0 0
4 70 1 7 7F 0 0 0
45 59 3 9 27F 0 0 0
30 20 2 3 6F 0 0 0
13 116 2 3 6F 0 0 0
47 181 2 5 10F 0 0 0
33 112 2 3 6F 0 0 0
34 134 2 8 16F 0 0 0
4 18 1 6 6F 0 0 0
26 80 2 1 2F 0 0 0
9 57 3 8 24F 0 0 0
37 103 3 6 18F 0 0 0
34 15 3 4 12F 0 0 0
24 133 1 10 10F 0 0 0
12 79 3 6 18F 0 0 0
8 70 1 10 10F 0 0 0
31 65 3 2 6F 0 0 0
27 75 2 3 6F 0 0 0
6 30 2 3 6F 0 0 0
15 180 3 1 3F 0 0 0
12 107 3 4 12F 0 0 0
46 127 3 3 9F 0 0 0
46 182 3 30 30F 0 0 0
47 97 2 5 10F 0 0 0
33 69 2 6 12F 0 0 0
3 9 1 2 2F 0 0 0
40 79 1 10 10F 0 0 0
33 34 2 5 10F 0 0 0
32 193 3 9 27F 0 0 0
18 176 2 10 20F 0 0 0
22 107 1 4 4F 0 0 0
13 98 2 6 12F 0 0 0
8 46 2 10 20F 0 0 0
6 152 1 7 7F 0 0 0
7 53 2 3 6F 0 0 0
46 25 1 5 5F 0 0 0
43 119 3 3 9F 0 0 0
17 44 2 9 18F 0 0 0
33 136 3 1 3F 0 0 0
6 98 1 6 6F 0 0 0
31 136 3 3 9F 0 0 0
14 62 1 4 4F 0 0 0
33 187 2 5 10F 0 0 0
36 185 2 2 4F 0 0 0
28 113 3 2 6F 0 0 0
44 147 2 3 6F 0 0 0
4 178 3 4 12F 0 0 0
14 145 2 1 2F 0 0 0
9 121 3 1 3F 0 0 0
49 189 2 6 12F 0 0 0
36 50 2 3 6F 0 0 0
35 71 2 10 20F 0 0 0
43 182 1 7 7F 0 0 0
30 199 2 3 6F 0 0 0
11 52 3 2 6F 0 0 0
17 171 1 4 4F 0 0 0
8 194 2 9 18F 0 0 0
7 65 2 7 14F 0 0 0
20 83 1 4 4F 0 0 0
13 136 2 5 10F 0 0 0
7 155 1 5 5F 0 0 0
10 197 1 8 8F 0 0 0
22 127 3 4 12F 0 0 0
25 36 1 10 10F 0 0 0
28 198 2 9 18F 0 0 0
7 90 2 9 18F 0 0 0
12 150 1 9 9F 0 0 0
2 143 1 7 7F 0 0 0
11 117 3 8 24F 0 0 0
12 183 2 6 12F 0 0 0
12 73 3 30 30F 0 0 0
21 172 1 5 5F 0 0 0
37 182 1 2 2F 0 0 0
45 131 1 9 9F 0 0 0
21 168 1 8 8F 0 0 0
0 91 3 9 27F 0 0 0
24 106 1 8 8F 0 0 0
36 1 2 7 14F 0 0 0
43 79 2 3 6F 0 0 0
4 0 2 4 8F 0 0 0
43 55 1 7 7F 0 0 0
1 184 2 7 14F 0 0 0
41 174 3 6 18F 0 0 0
3 89 1 7 7F 0 0 0
38 170 3 1 3F 0 0 0
14 92 1 10 10F 0 0 0
13 65 3 3 9F 0 0 0
22 196 1 9 9F 0 0 0
35 163 2 8 16F 0 0 0
14 13 3 30 30F 0 0 0
29 99 2 3 6F 0 0 0
13 94 3 7 21F 0 0 0
38 8 1 5 5F 0 0 0
4 161 2 2 4F 0 0 0
18 134 1 5 5F 0 0 0
5 162 1 8 8F 0 0 0
38 78 2 4 8F 0 0 0
4 125 2 9 18F 0 0 0
11 129 3 6 18F 0 0 0
7 190 2 1 2F 0 0 0
45 6 2 5 10F 0 0 0
26 1 1 6 6F 0 0 0
17 130 2 4 8F 0 0 0
13 152 2 1 2F 0 0 0
48 121 3 9 27F 0 0 0
32 191 3 2 6F 0 0 0
11 135 2 5 10F 0 0 0
23 179 3 3 9F 0 0 0
43 31 2 2 4F 0 0 0
45 31 3 2 6F 0 0 0
34 132 3 9 27F 0 0 0
0 49 3 5 15F 0 0 0
0 42 2 3 6F 0 0 0
20 2 1 2 2F 0 0 0
49 58 1 3 3F 0 0 0
8 161 1 8 8F 0 0 0
19 46 1 5 5F 0 0 0
48 54 1 5 5F 0 0 0
37 19 3 4 12F 0 0 0
2 196 3 6 18F 0 0 0
16 191 2 3 6F 0 0 0
18 37 1 4 4F 0 0 0
27 170 1 2 2F 0 0 0
12 196 3 30 30F 0 0 0
12 176 1 7 7F 0 0 0
4 78 2 7 14F 0 0 0
4 91 3 30 30F 0 0 0
31 157 1 2 2F 0 0 0
44 7 2 6 12F 0 0 0
4 114 1 3 3F 0 0 0
48 56 3 6 18F 0 0 0
14 127 3 9 27F 0 0 0
12 14 1 9 9F 0 0 0
15 77 2 2 4F 0 0 0
48 63 1 5 5F 0 0 0
21 164 2 10 20F 0 0 0
47 52 3 4 12F 0 0 0
8 156 1 5 5F 0 0 0
11 126 2 3 6F 0 0 0
43 188 3 30 30F 0 0 0
31 180 2 10 20F 0 0 0
7 104 3 8 24F 0 0 0
37 113 3 2 6F 0 0 0
18 159 1 3 3F 0 0 0
28 154 1 4 4F 0 0 0
12 55 2 7 14F 0 0 0
44 33 1 2 2F 0 0 0
20 67 1 4 4F 0 0 0
12 50 2 1 2F 0 0 0
6 178 2 5 10F 0 0 0
48 125 3 4 12F 0 0 0
31 16 3 4 12F 0 0 0
39 72 3 9 27F 0 0 0
36 190 3 5 15F 0 0 0
11 125 2 8 16F 0 0 0
19 107 1 6 6F 0 0 0
16 78 3 2 6F 0 0 0
24 149 3 5 15F 0 0 0
27 181 2 6 12F 0 0 0
11 144 1 6 6F 0 0 0
46 69 3 5 15F 0 0 0
6 165 3 5 15F 0 0 0
13 95 3 30 30F 0 0 0
6 73 1 2 2F 0 0 0
34 196 1 2 2F 0 0 0
14 57 2 3 6F 0 0 0
2 115 2 4 8F 0 0 0
48 11 3 8 24F 0 0 0
48 30 1 3 3F 0 0 0
32 7 2 1 2F 0 0 0
34 71 1 6 6F 0 0 0
14 7 3 3 9F 0 0 0
46 109 1 8 8F 0 0 0
46 137 3 4 12F 0 0 0
47 169 3 30 30F 0 0 0
6 186 1 9 9F 0 0 0
8 163 2 8 16F 0 0 0
48 102 3 1 3F 0 0 0
7 188 1 10 10F 0 0 0
47 56 2 3 6F 0 0 0
49 119 1 4 4F 0 0 0
16 165 3 2 6F 0 0 0
45 16 2 8 16F 0 0 0
20 51 3 7 21F 0 0 0
41 148 3 9 27F 0 0 0
47 2 3 4 12F 0 0 0
37 172 2 6 12F 0 0 0
5 53 3 7 21F 0 0 0
37 81 2 10 20F 0 0 0
20 47 1 6 6F 0 0 0
21 157 3 2 6F 0 0 0
49 30 3 7 21F 0 0 0
13 176 2 3 6F 0 0 0
4 151 1 6 6F 0 0 0
5 88 2 7 14F 0 0 0
33 125 3 3 9F 0 0 0
22 190 2 9 18F 0 0 0
2 80 1 9 9F 0 0 0
21 68 1 10 10F 0 0 0
37 161 2 9 18F 0 0 0
6 153 1 10 10F 0 0 0
19 191 1 8 8F 0 0 0
1 70 2 10 20F 0 0 0
11 177 3 8 24F 0 0 0
29 31 3 7 21F 0 0 0
10 47 1 8 8F 0 0 0
29 27 2 5 10F 0 0 0
34 17 2 5 10F 0 0 0
37 64 1 7 7F 0 0 0
3 129 2 7 14F 0 0 0
6 13 3 4 12F 0 0 0
16 92 2 5 10F 0 0 0
48 175 1 8 8F 0 0 0
4 106 3 4 12F 0 0 0
23 116 2 6 12F 0 0 0
49 139 3 6 18F 0 0 0
21 112 1 5 5F 0 0 0
41 70 3 5 15F 0 0 0
23 0 1 3 3F 0 0 0
0 118 1 7 7F 0 0 0
47 122 2 2 4F 0 0 0
20 99 3 30 30F 0 0 0
38 153 2 7 14F 0 0 0
2 121 3 2 6F 0 0 0
20 91 2 9 18F 0 0 0
16 19 3 6 18F 0 0 0
8 125 1 9 9F 0 0 0
33 54 2 7 14F 0 0 0
2 0 3 2 6F 0 0 0
30 190 3 1 3F 0 0 0
2 182 3 8 24F 0 0 0
33 2 3 7 21F 0 0 0
30 19 1 7 7F 0 0 0
0 23 3 7 21F 0 0 0
22 175 1 9 9F 0 0 0
36 131 3 4 12F 0 0 0
45 138 3 9 27F 0 0 0
0 116 3 2 6F 0 0 0
28 29 3 3 9F 0 0 0
27 65 2 5 10F 0 0 0
38 51 2 4 8F 0 0 0
33 183 1 5 5F 0 0 0
24 89 3 7 21F 0 0 0
29 74 1 5 5F 0 0 0
1 140 2 7 14F 0 0 0
47 134 1 6 6F 0 0 0
24 42 3 7 21F 0 0 0
14 73 2 1 2F 0 0 0
32 106 3 7 21F 0 0 0
0 199 3 7 21F 0 0 0
5 49 2 10 20F 0 0 0
35 160 2 3 6F 0 0 0
5 133 2 5 10F 0 0 0
42 80 2 1 2F 0 0 0
34 141 1 5 5F 0 0 0
10 18 3 8 24F 0 0 0
27 71 1 9 9F 0 0 0
11 143 2 7 14F 0 0 0
21 24 2 2 4F 0 0 0
25 46 1 3 3F 0 0 0
21 122 2 3 6F 0 0 0
33 12 3 8 24F 0 0 0
27 140 1 5 5F 0 0 0
32 108 1 3 3F 0 0 0
15 58 1 5 5F 0 0 0
12 38 3 6 18F 0 0 0
9 150 1 8 8F 0 0 0
5 84 1 8 8F 0 0 0
43 130 1 8 8F 0 0 0
29 79 2 3 6F 0 0 0
21 197 3 3 9F 0 0 0
48 77 3 1 3F 0 0 0
18 152 3 6 18F 0 0 0
1 119 3 1 3F 0 0 0
11 59 3 3 9F 0 0 0
48 85 2 7 14F 0 0 0
9 109 3 30 30F 0 0 0
35 158 3 6 18F 0 0 0
4 59 3 1 3F 0 0 0
45 126 2 3 6F 0 0 0
17 56 3 9 27F 0 0 0
25 136 2 10 20F 0 0 0
13 59 2 8 16F 0 0 0
44 116 1 6 6F 0 0 0
33 51 1 6 6F 0 0 0
31 152 1 6 6F 0 0 0
43 47 1 3 3F 0 0 0
44 29 2 2 4F 0 0 0
43 199 3 6 18F 0 0 0
42 195 3 6 18F 0 0 0
33 115 2 9 18F 0 0 0
47 72 1 5 5F 0 0 0
35 124 3 6 18F 0 0 0
19 184 3 6 18F 0 0 0
38 92 1 4 4F 0 0 0
7 108 2 5 10F 0 0 0
7 19 3 3 9F 0 0 0
38 188 3 5 15F 0 0 0
29 140 2 7 14F 0 0 0
49 153 2 9 18F 0 0 0
8 79 1 4 4F 0 0 0
36 14 3 3 9F 0 0 0
34 8 2 8 16F 0 0 0
36 78 3 5 15F 0 0 0
11 167 3 6 18F 0 0 0
15 9 3 6 18F 0 0 0
42 124 2 1 2F 0 0 0
10 77 3 2 6F 0 0 0
2 144 2 8 16F 0 0 0
37 143 3 30 30F 0 0 0
24 77 1 4 4F 0 0 0
19 134 1 7 7F 0 0 0
26 178 3 8 24F 0 0 0
34 180 2 7 14F 0 0 0
7 103 2 8 16F 0 0 0
19 103 3 1 3F 0 0 0
20 102 1 8 8F 0 0 0
9 191 2 4 8F 0 0 0
21 80 3 30 30F 0 0 0
42 187 1 6 6F 0 0 0
9 145 3 4 12F 0 0 0
38 86 1 6 6F 0 0 0
7 94 2 2 4F 0 0 0
22 100 3 7 21F 0 0 0
47 62 3 6 18F 0 0 0
35 114 1 7 7F 0 0 0
35 112 1 3 3F 0 0 0
35 177 2 6 12F 0 0 0
7 140 2 1 2F 0 0 0
27 34 2 3 6F 0 0 0
18 39 3 8 24F 0 0 0
13 195 2 8 16F 0 0 0
1 30 2 2 4F 0 0 0
38 175 2 3 6F 0 0 0
14 132 1 7 7F 0 0 0
23 46 2 2 4F 0 0 0
27 23 3 3 9F 0 0 0
6 112 2 3 6F 0 0 0
39 184 1 3 3F 0 0 0
47 128 1 6 6F 0 0 0
40 106 1 10 10F 0 0 0
23 19 3 6 18F 0 0 0
48 12 1 4 4F 0 0 0
24 183 1 9 9F 0 0 0
7 161 2 9 18F 0 0 0
27 98 3 4 12F 0 0 0
21 132 1 8 8F 0 0 0
37 147 3 8 24F 0 0 0
37 179 2 3 6F 0 0 0
5 124 2 2 4F 0 0 0
7 13 2 8 16F 0 0 0
19 168 2 2 4F 0 0 0
7 77 3 3 9F 0 0 0
19 54 1 4 4F 0 0 0
43 114 1 5 5F 0 0 0
34 172 3 4 12F 0 0 0
29 199 1 6 6F 0 0 0
33 161 3 6 18F 0 0 0
21 13 3 6 18F 0 0 0
30 165 2 9 18F 0 0 0
34 184 2 7 14F 0 0 0
32 47 3 5 15F 0 0 0
38 99 1 4 4F 0 0 0
22 81 3 6 18F 0 0 0
2 58 1 3 3F 0 0 0
28 115 3 3 9F 0 0 0
8 139 2 8 16F 0 0 0
1 104 3 3 9F 0 0 0
41 125 3 3 9F 0 0 0
26 93 1 10 10F 0 0 0
29 40 2 3 6F 0 0 0
37 21 1 8 8F 0 0 0
49 190 1 8 8F 0 0 0
27 191 3 6 18F 0 0 0
28 79 2 7 14F 0 0 0
11 56 3 6 18F 0 0 0
12 180 2 5 10F 0 0 0
16 181 2 4 8F 0 0 0
12 173 3 5 15F 0 0 0
27 126 2 9 18F 0 0 0
1 166 1 8 8F 0 0 0
47 94 1 10 10F 0 0 0
22 93 2 9 18F 0 0 0
30 8 2 2 4F 0 0 0
32 87 2 7 14F 0 0 0
19 65 3 5 15F 0 0 0
18 21 1 8 8F 0 0 0
49 55 2 8 16F 0 0 0
49 41 2 10 20F 0 0 0
34 148 2 3 6F 0 0 0
32 24 2 3 6F 0 0 0
20 196 3 30 30F 0 0 0
37 67 1 9 9F 0 0 0
14 66 3 1 3F 0 0 0
36 171 2 1 2F 0 0 0
36 36 2 9 18F 0 0 0
23 161 2 4 8F 0 0 0
22 54 2 6 12F 0 0 0
23 47 2 5 10F 0 0 0
41 85 3 7 21F 0 0 0
40 1 2 6 12F 0 0 0
5 11 3 6 18F 0 0 0
11 4 1 5 5F 0 0 0
38 98 1 9 9F 0 0 0
14 123 1 8 8F 0 0 0
35 48 1 10 10F 0 0 0
34 168 3 2 6F 0 0 0
21 38 3 1 3F 0 0 0
28 74 2 2 4F 0 0 0
44 68 1 10 10F 0 0 0
27 189 2 10 20F 0 0 0
3 84 2 2 4F 0 0 0
0 170 1 4 4F 0 0 0
10 26 2 1 2F 0 0 0
13 75 2 8 16F 0 0 0
23 23 1 7 7F 0 0 0
44 168 2 5 10F 0 0 0
38 91 3 30 30F 0 0 0
13 138 2 5 10F 0 0 0
28 183 3 2 6F 0 0 0
46 1 1 9 9F 0 0 0
21 104 1 3 3F 0 0 0
31 99 2 2 4F 0 0 0
31 135 1 10 10F 0 0 0
39 92 2 6 12F 0 0 0
31 192 3 8 24F 0 0 0
49 159 3 4 12F 0 0 0
16 135 2 9 18F 0 0 0
49 0 2 6 12F 0 0 0
43 101 1 10 10F 0 0 0
5 115 1 4 4F 0 0 0
2 57 3 8 24F 0 0 0
36 170 2 5 10F 0 0 0
49 192 1 6 6F 0 0 0
7 68 3 30 30F 0 0 0
7 11 2 10 20F 0 0 0
49 93 1 2 2F 0 0 0
29 55 2 7 14F 0 0 0
48 192 3 6 18F 0 0 0
32 120 3 30 30F 0 0 0
1 86 2 10 20F 0 0 0
17 161 2 6 12F 0 0 0
0 94 1 6 6F 0 0 0
43 118 1 2 2F 0 0 0
8 59 1 9 9F 0 0 0
17 164 3 9 27F 0 0 0
44 45 3 30 30F 0 0 0
38 40 2 8 16F 0 0 0
2 24 2 2 4F 0 0 0
32 53 2 8 16F 0 0 0
37 35 2 4 8F 0 0 0
24 160 2 10 20F 0 0 0
49 178 1 5 5F 0 0 0
6 89 2 8 16F 0 0 0
14 81 2 8 16F 0 0 0
26 135 3 30 30F 0 0 0
19 80 3 7 21F 0 0 0
19 199 2 7 14F 0 0 0
33 137 3 3 9F 0 0 0
39 60 2 4 8F 0 0 0
24 53 3 1 3F 0 0 0
21 70 1 2 2F 0 0 0
31 58 2 2 4F 0 0 0
21 143 3 8 24F 0 0 0
18 45 1 3 3F 0 0 0
0 155 2 6 12F 0 0 0
25 181 1 2 2F 0 0 0
48 187 3 4 12F 0 0 0
49 113 3 8 24F 0 0 0
40 3 3 2 6F 0 0 0
6 111 3 9 27F 0 0 0
28 161 2 7 14F 0 0 0
19 126 1 4 4F 0 0 0
22 154 1 10 10F 0 0 0
7 175 3 3 9F 0 0 0
19 18 3 2 6F 0 0 0
45 147 2 5 10F 0 0 0
21 55 1 9 9F 0 0 0
47 156 3 2 6F 0 0 0
36 67 2 7 14F 0 0 0
9 162 3 3 9F 0 0 0
40 133 3 5 15F 0 0 0
36 128 1 6 6F 0 0 0
11 127 2 8 16F 0 0 0
6 174 3 6 18F 0 0 0
28 10 1 2 2F 0 0 0
25 103 2 2 4F 0 0 0
47 46 1 3 3F 0 0 0
13 50 2 3 6F 0 0 0
36 159 1 8 8F 0 0 0
7 165 1 4 4F 0 0 0
38 25 1 4 4F 0 0 0
23 8 3 30 30F 0 0 0
14 10 3 2 6F 0 0 0
40 11 2 3 6F 0 0 0
42 152 3 7 21F 0 0 0
33 176 2 10 20F 0 0 0
18 42 1 10 10F 0 0 0
21 161 2 3 6F 0 0 0
12 94 1 5 5F 0 0 0
35 188 2 1 2F 0 0 0
21 50 1 6 6F 0 0 0
8 7 2 5 10F 0 0 0
23 193 2 6 12F 0 0 0
8 8 3 7 21F 0 0 0
49 104 2 2 4F 0 0 0
35 56 2 5 10F 0 0 0
30 62 3 8 24F 0 0 0
13 89 3 1 3F 0 0 0
48 196 1 7 7F 0 0 0
34 147 3 3 9F 0 0 0
46 190 2 10 20F 0 0 0
13 90 2 3 6F 0 0 0
24 7 3 2 6F 0 0 0
