1000
21 120 3 6 18F 0 0 0
32 106 1 6 6F 0 0 0
1 153 3 4 12F 0 0 0
12 45 3 6 18F 0 0 0
8 189 2 5 10F 0 0 0
47 89 2 6 12F 0 0 0
13 124 1 5 5F 0 0 0
7 42 2 7 14F 0 0 0
7 127 2 7 14F 0 0 0
29 30 3 5 15F 0 0 0
31 44 3 4 12F 0 0 0
9 62 3 7 21F 0 0 0
46 136 3 7 21F 0 0 0
47 17 3 4 12F 0 0 0
10 107 3 4 12F 0 0 0
27 35 3 5 15F 0 0 0
13 10 1 4 4F 0 0 0
32 133 3 6 18F 0 0 0
21 125 3 6 18F 0 0 0
38 86 2 7 14F 0 0 0
42 17 3 6 18F 0 0 0
44 104 1 6 6F 0 0 0
21 150 1 7 7F 0 0 0
23 130 3 4 12F 0 0 0
34 73 2 7 14F 0 0 0
7 135 2 6 12F 0 0 0
7 198 3 5 15F 0 0 0
12 177 2 6 12F 0 0 0
43 118 3 5 15F 0 0 0
31 137 3 4 12F 0 0 0
29 57 1 6 6F 0 0 0
35 7 1 6 6F 0 0 0
6 179 1 5 5F 0 0 0
38 64 1 4 4F 0 0 0
43 128 2 5 10F 0 0 0
30 166 2 5 10F 0 0 0
12 40 3 4 12F 0 0 0
46 113 1 6 6F 0 0 0
2 19 2 4 8F 0 0 0
30 49 2 7 14F 0 0 0
19 194 2 4 8F 0 0 0
1 86 2 6 12F 0 0 0
2 198 3 7 21F 0 0 0
18 42 1 5 5F 0 0 0
19 198 3 6 18F 0 0 0
17 184 3 6 18F 0 0 0
44 151 1 4 4F 0 0 0
4 161 1 4 4F 0 0 0
10 66 1 7 7F 0 0 0
33 108 2 7 14F 0 0 0
33 65 1 5 5F 0 0 0
25 139 2 6 12F 0 0 0
42 188 3 5 15F 0 0 0
4 192 1 4 4F 0 0 0
8 191 3 5 15F 0 0 0
6 75 3 4 12F 0 0 0
10 162 3 5 15F 0 0 0
6 35 2 5 10F 0 0 0
28 199 3 4 12F 0 0 0
39 143 3 5 15F 0 0 0
23 157 3 7 21F 0 0 0
10 171 3 5 15F 0 0 0
3 163 2 7 14F 0 0 0
48 98 2 6 12F 0 0 0
16 124 2 6 12F 0 0 0
10 193 2 6 12F 0 0 0
6 144 3 7 21F 0 0 0
0 30 2 4 8F 0 0 0
2 177 3 6 18F 0 0 0
14 88 2 7 14F 0 0 0
18 75 3 5 15F 0 0 0
37 108 1 5 5F 0 0 0
9 167 3 4 12F 0 0 0
29 103 1 6 6F 0 0 0
18 165 2 6 12F 0 0 0
2 51 3 6 18F 0 0 0
15 55 1 6 6F 0 0 0
30 106 3 4 12F 0 0 0
28 134 1 6 6F 0 0 0
33 81 1 5 5F 0 0 0
14 179 2 5 10F 0 0 0
41 26 2 6 12F 0 0 0
8 132 1 4 4F 0 0 0
47 159 3 5 15F 0 0 0
45 84 3 6 18F 0 0 0
8 127 3 6 18F 0 0 0
16 57 3 6 18F 0 0 0
39 29 1 4 4F 0 0 0
39 56 3 7 21F 0 0 0
8 150 1 6 6F 0 0 0
29 104 1 4 4F 0 0 0
2 114 3 4 12F 0 0 0
26 71 3 4 12F 0 0 0
24 13 1 6 6F 0 0 0
14 64 1 7 7F 0 0 0
46 142 2 4 8F 0 0 0
24 121 3 5 15F 0 0 0
43 154 1 6 6F 0 0 0
40 149 3 4 12F 0 0 0
3 158 1 4 4F 0 0 0
28 36 1 7 7F 0 0 0
31 123 2 7 14F 0 0 0
12 27 1 7 7F 0 0 0
23 127 1 5 5F 0 0 0
41 164 2 7 14F 0 0 0
18 105 3 4 12F 0 0 0
36 188 3 5 15F 0 0 0
42 183 3 6 18F 0 0 0
10 22 3 7 21F 0 0 0
9 89 2 6 12F 0 0 0
46 8 1 7 7F 0 0 0
18 130 1 6 6F 0 0 0
41 60 3 4 12F 0 0 0
38 18 2 4 8F 0 0 0
32 168 3 7 21F 0 0 0
22 26 2 7 14F 0 0 0
17 181 3 5 15F 0 0 0
46 123 2 6 12F 0 0 0
26 106 2 6 12F 0 0 0
33 138 2 7 14F 0 0 0
30 176 3 5 15F 0 0 0
19 96 1 6 6F 0 0 0
40 133 2 5 10F 0 0 0
10 160 1 6 6F 0 0 0
49 91 2 5 10F 0 0 0
12 96 1 5 5F 0 0 0
46 74 3 5 15F 0 0 0
33 163 3 4 12F 0 0 0
6 137 3 4 12F 0 0 0
4 168 2 7 14F 0 0 0
8 91 2 4 8F 0 0 0
33 6 1 4 4F 0 0 0
47 78 3 5 15F 0 0 0
15 92 2 7 14F 0 0 0
17 129 3 5 15F 0 0 0
11 4 1 5 5F 0 0 0
0 127 2 7 14F 0 0 0
35 41 2 7 14F 0 0 0
25 115 3 7 21F 0 0 0
46 165 2 5 10F 0 0 0
13 29 2 5 10F 0 0 0
46 69 1 4 4F 0 0 0
40 34 2 4 8F 0 0 0
6 58 3 6 18F 0 0 0
41 93 1 4 4F 0 0 0
4 153 3 6 18F 0 0 0
9 32 3 7 21F 0 0 0
16 40 3 7 21F 0 0 0
20 198 2 7 14F 0 0 0
40 14 3 7 21F 0 0 0
6 42 1 4 4F 0 0 0
37 186 1 5 5F 0 0 0
29 73 1 5 5F 0 0 0
22 116 1 7 7F 0 0 0
34 79 1 5 5F 0 0 0
7 43 3 5 15F 0 0 0
20 192 3 5 15F 0 0 0
19 72 2 7 14F 0 0 0
48 40 2 5 10F 0 0 0
13 18 1 5 5F 0 0 0
15 77 1 4 4F 0 0 0
25 91 2 5 10F 0 0 0
15 116 2 5 10F 0 0 0
15 91 2 7 14F 0 0 0
22 58 1 7 7F 0 0 0
7 64 2 5 10F 0 0 0
14 196 1 7 7F 0 0 0
24 86 1 6 6F 0 0 0
14 152 2 5 10F 0 0 0
45 165 2 5 10F 0 0 0
5 66 1 4 4F 0 0 0
19 145 2 6 12F 0 0 0
48 187 3 6 18F 0 0 0
41 76 2 7 14F 0 0 0
35 125 3 5 15F 0 0 0
3 51 2 4 8F 0 0 0
25 77 1 4 4F 0 0 0
34 142 2 4 8F 0 0 0
31 103 2 5 10F 0 0 0
25 145 1 7 7F 0 0 0
28 25 3 4 12F 0 0 0
34 61 1 4 4F 0 0 0
19 193 1 4 4F 0 0 0
16 105 2 4 8F 0 0 0
18 190 3 7 21F 0 0 0
36 3 2 6 12F 0 0 0
49 154 1 4 4F 0 0 0
36 174 3 4 12F 0 0 0
20 7 1 7 7F 0 0 0
19 40 2 4 8F 0 0 0
7 66 3 6 18F 0 0 0
46 116 3 6 18F 0 0 0
30 108 2 6 12F 0 0 0
21 151 3 4 12F 0 0 0
32 132 1 7 7F 0 0 0
8 123 1 6 6F 0 0 0
31 16 1 5 5F 0 0 0
25 132 1 6 6F 0 0 0
5 47 2 7 14F 0 0 0
17 98 2 7 14F 0 0 0
17 149 1 4 4F 0 0 0
48 8 1 6 6F 0 0 0
40 166 3 4 12F 0 0 0
46 184 3 5 15F 0 0 0
9 74 2 6 12F 0 0 0
30 115 2 7 14F 0 0 0
7 183 1 7 7F 0 0 0
29 66 2 4 8F 0 0 0
13 97 3 7 21F 0 0 0
48 162 2 7 14F 0 0 0
4 158 3 6 18F 0 0 0
32 141 2 4 8F 0 0 0
5 69 1 7 7F 0 0 0
13 32 3 6 18F 0 0 0
46 2 2 5 10F 0 0 0
47 169 1 5 5F 0 0 0
28 35 2 6 12F 0 0 0
29 138 2 4 8F 0 0 0
7 15 2 5 10F 0 0 0
48 87 2 4 8F 0 0 0
48 121 1 6 6F 0 0 0
30 52 2 4 8F 0 0 0
0 156 2 5 10F 0 0 0
20 61 3 7 21F 0 0 0
12 181 1 7 7F 0 0 0
0 104 1 4 4F 0 0 0
21 190 2 4 8F 0 0 0
32 38 3 5 15F 0 0 0
14 98 1 4 4F 0 0 0
13 7 1 6 6F 0 0 0
33 122 2 5 10F 0 0 0
10 91 1 6 6F 0 0 0
34 152 3 4 12F 0 0 0
6 61 1 7 7F 0 0 0
44 195 1 6 6F 0 0 0
37 172 1 4 4F 0 0 0
42 190 2 4 8F 0 0 0
42 98 2 6 12F 0 0 0
21 158 2 7 14F 0 0 0
29 180 1 5 5F 0 0 0
37 97 2 4 8F 0 0 0
39 150 2 4 8F 0 0 0
12 63 3 6 18F 0 0 0
20 66 2 7 14F 0 0 0
10 29 2 6 12F 0 0 0
2 185 3 4 12F 0 0 0
34 159 2 4 8F 0 0 0
47 144 1 4 4F 0 0 0
31 182 2 6 12F 0 0 0
25 71 2 6 12F 0 0 0
21 49 3 4 12F 0 0 0
33 176 2 4 8F 0 0 0
2 145 2 5 10F 0 0 0
35 68 1 4 4F 0 0 0
41 151 2 6 12F 0 0 0
49 188 3 7 21F 0 0 0
20 75 1 7 7F 0 0 0
34 199 1 7 7F 0 0 0
46 22 1 5 5F 0 0 0
46 36 2 5 10F 0 0 0
47 174 1 6 6F 0 0 0
21 3 2 5 10F 0 0 0
32 17 3 4 12F 0 0 0
25 184 1 4 4F 0 0 0
20 74 3 7 21F 0 0 0
48 176 3 4 12F 0 0 0
49 143 2 7 14F 0 0 0
18 93 2 4 8F 0 0 0
44 153 2 4 8F 0 0 0
45 6 1 5 5F 0 0 0
18 83 1 4 4F 0 0 0
13 42 2 7 14F 0 0 0
24 166 3 4 12F 0 0 0
42 156 2 6 12F 0 0 0
2 87 3 7 21F 0 0 0
38 56 3 4 12F 0 0 0
30 76 2 5 10F 0 0 0
27 25 3 6 18F 0 0 0
30 184 2 5 10F 0 0 0
11 71 2 7 14F 0 0 0
26 179 1 6 6F 0 0 0
32 66 3 5 15F 0 0 0
11 73 2 4 8F 0 0 0
19 29 3 7 21F 0 0 0
36 118 2 4 8F 0 0 0
26 198 2 7 14F 0 0 0
23 177 2 6 12F 0 0 0
39 153 3 4 12F 0 0 0
41 139 2 7 14F 0 0 0
41 98 3 5 15F 0 0 0
32 58 1 7 7F 0 0 0
25 61 2 7 14F 0 0 0
11 90 3 6 18F 0 0 0
16 177 1 5 5F 0 0 0
49 93 1 7 7F 0 0 0
16 61 1 4 4F 0 0 0
12 165 2 5 10F 0 0 0
1 2 3 7 21F 0 0 0
25 16 2 5 10F 0 0 0
36 43 1 7 7F 0 0 0
15 123 3 5 15F 0 0 0
2 29 1 5 5F 0 0 0
21 7 3 7 21F 0 0 0
40 170 3 6 18F 0 0 0
5 62 2 4 8F 0 0 0
42 160 1 7 7F 0 0 0
1 130 2 5 10F 0 0 0
15 109 1 7 7F 0 0 0
28 59 2 6 12F 0 0 0
24 5 1 6 6F 0 0 0
36 157 3 6 18F 0 0 0
22 47 2 6 12F 0 0 0
4 196 2 5 10F 0 0 0
14 102 2 6 12F 0 0 0
24 136 2 4 8F 0 0 0
28 144 2 4 8F 0 0 0
18 69 1 5 5F 0 0 0
46 173 1 5 5F 0 0 0
9 94 2 6 12F 0 0 0
46 54 3 6 18F 0 0 0
1 92 3 5 15F 0 0 0
33 160 1 5 5F 0 0 0
37 139 2 4 8F 0 0 0
3 78 3 7 21F 0 0 0
2 63 2 7 14F 0 0 0
44 125 1 6 6F 0 0 0
4 96 3 5 15F 0 0 0
35 147 3 5 15F 0 0 0
10 61 2 5 10F 0 0 0
44 0 1 6 6F 0 0 0
34 36 1 6 6F 0 0 0
46 60 2 5 10F 0 0 0
23 107 1 7 7F 0 0 0
24 48 3 5 15F 0 0 0
2 116 2 5 10F 0 0 0
6 125 1 6 6F 0 0 0
21 175 1 4 4F 0 0 0
13 56 2 7 14F 0 0 0
7 181 3 4 12F 0 0 0
31 86 1 6 6F 0 0 0
11 121 2 6 12F 0 0 0
49 67 1 7 7F 0 0 0
7 9 3 5 15F 0 0 0
34 187 1 7 7F 0 0 0
7 16 2 4 8F 0 0 0
4 81 2 6 12F 0 0 0
31 112 3 4 12F 0 0 0
9 85 2 7 14F 0 0 0
38 171 1 5 5F 0 0 0
36 42 3 7 21F 0 0 0
2 3 3 7 21F 0 0 0
27 162 3 6 18F 0 0 0
19 7 2 5 10F 0 0 0
9 80 1 6 6F 0 0 0
8 94 2 7 14F 0 0 0
37 24 2 7 14F 0 0 0
11 152 1 6 6F 0 0 0
1 174 1 7 7F 0 0 0
12 191 3 6 18F 0 0 0
20 43 1 6 6F 0 0 0
49 153 1 4 4F 0 0 0
47 69 2 6 12F 0 0 0
43 0 2 5 10F 0 0 0
43 143 2 6 12F 0 0 0
21 75 3 7 21F 0 0 0
42 77 1 4 4F 0 0 0
0 108 1 6 6F 0 0 0
32 181 3 5 15F 0 0 0
48 61 2 5 10F 0 0 0
7 89 1 5 5F 0 0 0
12 131 1 7 7F 0 0 0
4 165 3 4 12F 0 0 0
46 157 3 4 12F 0 0 0
25 172 2 6 12F 0 0 0
30 79 2 7 14F 0 0 0
17 55 1 5 5F 0 0 0
44 58 1 6 6F 0 0 0
47 118 1 4 4F 0 0 0
36 199 1 5 5F 0 0 0
27 160 1 7 7F 0 0 0
28 123 1 5 5F 0 0 0
4 103 1 6 6F 0 0 0
47 73 1 5 5F 0 0 0
42 38 2 5 10F 0 0 0
2 128 2 4 8F 0 0 0
10 168 1 4 4F 0 0 0
15 86 1 4 4F 0 0 0
31 145 1 4 4F 0 0 0
28 168 2 6 12F 0 0 0
7 142 1 6 6F 0 0 0
18 129 3 4 12F 0 0 0
31 8 2 4 8F 0 0 0
16 52 1 4 4F 0 0 0
38 170 1 7 7F 0 0 0
49 138 1 6 6F 0 0 0
12 65 2 4 8F 0 0 0
14 25 2 7 14F 0 0 0
2 37 2 4 8F 0 0 0
10 76 2 5 10F 0 0 0
47 54 3 4 12F 0 0 0
40 128 2 6 12F 0 0 0
29 71 1 7 7F 0 0 0
22 45 2 6 12F 0 0 0
23 117 1 7 7F 0 0 0
18 149 1 6 6F 0 0 0
20 6 2 5 10F 0 0 0
27 138 3 4 12F 0 0 0
22 120 2 4 8F 0 0 0
41 159 1 7 7F 0 0 0
40 57 1 5 5F 0 0 0
17 33 2 4 8F 0 0 0
23 77 2 6 12F 0 0 0
40 88 1 5 5F 0 0 0
5 73 1 5 5F 0 0 0
25 82 1 4 4F 0 0 0
37 3 3 5 15F 0 0 0
38 9 3 6 18F 0 0 0
44 82 3 4 12F 0 0 0
4 141 2 7 14F 0 0 0
49 135 1 4 4F 0 0 0
46 114 1 5 5F 0 0 0
36 175 2 7 14F 0 0 0
26 147 2 6 12F 0 0 0
29 13 2 7 14F 0 0 0
10 75 3 7 21F 0 0 0
17 165 1 6 6F 0 0 0
28 4 1 4 4F 0 0 0
14 53 3 4 12F 0 0 0
27 49 2 6 12F 0 0 0
21 126 2 7 14F 0 0 0
12 126 3 6 18F 0 0 0
47 72 2 4 8F 0 0 0
7 184 1 6 6F 0 0 0
26 127 3 7 21F 0 0 0
33 149 2 6 12F 0 0 0
48 110 1 6 6F 0 0 0
44 178 3 5 15F 0 0 0
5 110 2 4 8F 0 0 0
1 17 2 6 12F 0 0 0
15 56 3 6 18F 0 0 0
22 140 1 7 7F 0 0 0
9 70 1 4 4F 0 0 0
17 198 2 6 12F 0 0 0
41 128 1 4 4F 0 0 0
41 55 3 5 15F 0 0 0
35 116 1 5 5F 0 0 0
32 91 1 4 4F 0 0 0
7 187 1 4 4F 0 0 0
5 123 2 5 10F 0 0 0
48 17 1 4 4F 0 0 0
4 51 2 7 14F 0 0 0
38 67 2 4 8F 0 0 0
46 146 1 4 4F 0 0 0
13 129 2 5 10F 0 0 0
7 27 1 6 6F 0 0 0
44 199 2 6 12F 0 0 0
20 110 2 6 12F 0 0 0
5 6 1 7 7F 0 0 0
13 167 3 5 15F 0 0 0
5 90 2 5 10F 0 0 0
25 181 3 4 12F 0 0 0
7 46 1 4 4F 0 0 0
41 176 1 5 5F 0 0 0
30 6 3 6 18F 0 0 0
20 158 3 5 15F 0 0 0
39 196 2 7 14F 0 0 0
4 100 2 5 10F 0 0 0
23 132 2 6 12F 0 0 0
16 169 3 5 15F 0 0 0
30 192 2 4 8F 0 0 0
43 102 1 5 5F 0 0 0
15 154 2 5 10F 0 0 0
20 172 3 6 18F 0 0 0
48 115 3 6 18F 0 0 0
16 63 2 7 14F 0 0 0
3 21 3 4 12F 0 0 0
33 146 2 4 8F 0 0 0
31 23 3 6 18F 0 0 0
27 123 2 4 8F 0 0 0
6 168 3 6 18F 0 0 0
35 20 1 6 6F 0 0 0
45 182 3 5 15F 0 0 0
24 126 3 6 18F 0 0 0
43 7 1 5 5F 0 0 0
15 129 3 4 12F 0 0 0
26 94 2 7 14F 0 0 0
13 14 1 5 5F 0 0 0
34 116 2 4 8F 0 0 0
31 84 1 5 5F 0 0 0
6 177 2 7 14F 0 0 0
18 40 2 7 14F 0 0 0
41 137 2 4 8F 0 0 0
11 115 3 6 18F 0 0 0
19 109 2 4 8F 0 0 0
19 159 3 7 21F 0 0 0
29 129 3 6 18F 0 0 0
23 28 3 7 21F 0 0 0
9 188 1 4 4F 0 0 0
13 125 1 4 4F 0 0 0
15 186 3 5 15F 0 0 0
36 32 1 7 7F 0 0 0
42 114 3 4 12F 0 0 0
10 151 3 7 21F 0 0 0
23 131 3 6 18F 0 0 0
12 28 1 4 4F 0 0 0
23 23 1 6 6F 0 0 0
6 120 1 7 7F 0 0 0
0 95 1 6 6F 0 0 0
15 4 3 6 18F 0 0 0
41 138 3 4 12F 0 0 0
25 32 3 5 15F 0 0 0
42 29 3 6 18F 0 0 0
48 124 3 6 18F 0 0 0
15 127 3 4 12F 0 0 0
10 137 2 7 14F 0 0 0
5 104 3 6 18F 0 0 0
42 133 1 7 7F 0 0 0
23 59 1 6 6F 0 0 0
27 53 3 5 15F 0 0 0
47 102 2 6 12F 0 0 0
30 38 2 5 10F 0 0 0
10 90 3 5 15F 0 0 0
10 115 1 4 4F 0 0 0
29 38 2 6 12F 0 0 0
17 44 3 6 18F 0 0 0
49 83 3 4 12F 0 0 0
6 79 3 5 15F 0 0 0
4 160 2 7 14F 0 0 0
36 34 3 4 12F 0 0 0
31 78 1 7 7F 0 0 0
44 1 2 6 12F 0 0 0
32 41 3 4 12F 0 0 0
36 119 2 6 12F 0 0 0
28 128 1 7 7F 0 0 0
29 184 1 6 6F 0 0 0
15 95 3 4 12F 0 0 0
43 53 2 7 14F 0 0 0
47 181 2 7 14F 0 0 0
36 180 3 5 15F 0 0 0
3 113 2 4 8F 0 0 0
19 152 2 4 8F 0 0 0
17 193 1 6 6F 0 0 0
28 86 2 4 8F 0 0 0
21 98 1 4 4F 0 0 0
0 197 3 6 18F 0 0 0
18 106 1 5 5F 0 0 0
1 66 2 6 12F 0 0 0
25 42 3 6 18F 0 0 0
17 46 2 7 14F 0 0 0
46 102 1 6 6F 0 0 0
38 52 2 7 14F 0 0 0
30 68 2 6 12F 0 0 0
21 101 1 5 5F 0 0 0
41 115 1 5 5F 0 0 0
21 70 1 5 5F 0 0 0
12 6 2 4 8F 0 0 0
38 92 1 4 4F 0 0 0
33 99 1 6 6F 0 0 0
34 47 3 7 21F 0 0 0
3 25 3 6 18F 0 0 0
34 103 2 7 14F 0 0 0
18 3 3 6 18F 0 0 0
6 72 3 7 21F 0 0 0
45 108 2 7 14F 0 0 0
31 143 3 5 15F 0 0 0
37 51 3 5 15F 0 0 0
15 83 2 5 10F 0 0 0
7 133 2 6 12F 0 0 0
32 74 3 7 21F 0 0 0
4 101 1 5 5F 0 0 0
5 80 3 5 15F 0 0 0
31 24 3 7 21F 0 0 0
39 84 3 6 18F 0 0 0
12 133 3 5 15F 0 0 0
26 80 2 7 14F 0 0 0
7 190 3 7 21F 0 0 0
29 115 3 7 21F 0 0 0
2 78 3 7 21F 0 0 0
22 141 2 6 12F 0 0 0
17 176 2 5 10F 0 0 0
49 58 1 5 5F 0 0 0
31 131 1 7 7F 0 0 0
6 45 3 4 12F 0 0 0
13 146 2 5 10F 0 0 0
23 43 1 5 5F 0 0 0
30 151 2 7 14F 0 0 0
22 95 3 6 18F 0 0 0
14 138 1 6 6F 0 0 0
44 54 1 6 6F 0 0 0
4 25 3 4 12F 0 0 0
37 132 2 4 8F 0 0 0
6 99 1 6 6F 0 0 0
44 149 2 7 14F 0 0 0
29 39 3 4 12F 0 0 0
31 174 2 5 10F 0 0 0
22 165 2 6 12F 0 0 0
1 99 2 4 8F 0 0 0
47 57 3 6 18F 0 0 0
1 105 2 5 10F 0 0 0
28 63 2 4 8F 0 0 0
40 180 2 4 8F 0 0 0
37 198 2 6 12F 0 0 0
46 154 1 4 4F 0 0 0
27 198 1 6 6F 0 0 0
3 27 2 7 14F 0 0 0
22 17 2 7 14F 0 0 0
27 141 2 7 14F 0 0 0
22 75 2 4 8F 0 0 0
1 112 2 6 12F 0 0 0
21 65 1 6 6F 0 0 0
6 184 3 4 12F 0 0 0
16 37 2 7 14F 0 0 0
19 26 1 7 7F 0 0 0
45 173 2 7 14F 0 0 0
33 67 3 7 21F 0 0 0
45 116 2 4 8F 0 0 0
41 198 3 4 12F 0 0 0
16 128 2 4 8F 0 0 0
49 28 1 6 6F 0 0 0
19 66 1 4 4F 0 0 0
37 43 2 4 8F 0 0 0
22 135 2 5 10F 0 0 0
7 19 2 4 8F 0 0 0
34 129 2 4 8F 0 0 0
22 114 3 5 15F 0 0 0
10 49 1 6 6F 0 0 0
0 58 3 4 12F 0 0 0
31 89 3 7 21F 0 0 0
4 102 2 7 14F 0 0 0
49 73 3 5 15F 0 0 0
20 131 3 5 15F 0 0 0
35 94 1 7 7F 0 0 0
30 47 1 5 5F 0 0 0
12 109 1 5 5F 0 0 0
17 180 3 6 18F 0 0 0
21 103 2 6 12F 0 0 0
2 81 1 7 7F 0 0 0
49 47 3 6 18F 0 0 0
17 84 1 4 4F 0 0 0
25 5 3 6 18F 0 0 0
48 11 3 6 18F 0 0 0
41 110 2 7 14F 0 0 0
16 147 1 4 4F 0 0 0
30 53 3 5 15F 0 0 0
38 189 1 5 5F 0 0 0
45 89 1 4 4F 0 0 0
37 32 1 4 4F 0 0 0
3 144 1 7 7F 0 0 0
42 138 2 7 14F 0 0 0
45 150 3 7 21F 0 0 0
32 165 3 4 12F 0 0 0
14 107 2 6 12F 0 0 0
38 141 3 4 12F 0 0 0
42 51 2 4 8F 0 0 0
19 49 2 4 8F 0 0 0
45 47 2 5 10F 0 0 0
27 104 3 4 12F 0 0 0
13 102 3 7 21F 0 0 0
32 118 2 5 10F 0 0 0
33 168 1 5 5F 0 0 0
32 142 1 4 4F 0 0 0
43 11 2 5 10F 0 0 0
11 132 1 6 6F 0 0 0
15 111 3 6 18F 0 0 0
40 15 3 5 15F 0 0 0
13 103 1 7 7F 0 0 0
6 109 2 4 8F 0 0 0
17 103 1 4 4F 0 0 0
0 149 2 7 14F 0 0 0
7 33 1 4 4F 0 0 0
7 144 2 4 8F 0 0 0
22 197 1 7 7F 0 0 0
34 114 2 7 14F 0 0 0
49 145 1 6 6F 0 0 0
41 66 1 4 4F 0 0 0
39 191 3 4 12F 0 0 0
28 169 1 6 6F 0 0 0
19 116 3 7 21F 0 0 0
14 100 3 5 15F 0 0 0
49 157 2 6 12F 0 0 0
38 93 3 6 18F 0 0 0
46 20 3 7 21F 0 0 0
16 193 3 6 18F 0 0 0
39 158 1 7 7F 0 0 0
3 121 1 7 7F 0 0 0
0 114 1 7 7F 0 0 0
11 7 3 4 12F 0 0 0
36 28 1 6 6F 0 0 0
0 19 1 6 6F 0 0 0
15 192 2 6 12F 0 0 0
24 173 1 6 6F 0 0 0
4 179 3 5 15F 0 0 0
40 171 1 5 5F 0 0 0
1 185 3 5 15F 0 0 0
45 30 3 4 12F 0 0 0
18 152 2 5 10F 0 0 0
25 105 1 4 4F 0 0 0
40 140 1 6 6F 0 0 0
49 186 2 4 8F 0 0 0
30 172 3 4 12F 0 0 0
43 52 2 6 12F 0 0 0
34 94 1 6 6F 0 0 0
24 167 3 7 21F 0 0 0
49 117 1 4 4F 0 0 0
26 120 3 4 12F 0 0 0
5 184 2 6 12F 0 0 0
44 112 3 6 18F 0 0 0
22 112 2 5 10F 0 0 0
22 181 3 7 21F 0 0 0
2 100 3 6 18F 0 0 0
8 11 3 5 15F 0 0 0
25 68 3 6 18F 0 0 0
20 193 1 7 7F 0 0 0
0 62 1 4 4F 0 0 0
21 94 2 6 12F 0 0 0
11 143 3 6 18F 0 0 0
4 140 3 6 18F 0 0 0
27 126 3 7 21F 0 0 0
34 140 1 4 4F 0 0 0
21 100 1 4 4F 0 0 0
36 50 1 6 6F 0 0 0
49 98 3 7 21F 0 0 0
6 185 3 7 21F 0 0 0
38 94 2 5 10F 0 0 0
3 196 3 4 12F 0 0 0
40 68 3 7 21F 0 0 0
16 69 2 7 14F 0 0 0
35 122 3 4 12F 0 0 0
23 187 1 6 6F 0 0 0
24 164 3 7 21F 0 0 0
10 34 2 4 8F 0 0 0
17 37 1 7 7F 0 0 0
37 40 2 4 8F 0 0 0
28 177 3 4 12F 0 0 0
12 153 1 5 5F 0 0 0
41 135 3 6 18F 0 0 0
19 108 2 5 10F 0 0 0
8 110 2 4 8F 0 0 0
12 120 1 7 7F 0 0 0
6 2 2 4 8F 0 0 0
27 125 3 4 12F 0 0 0
16 1 1 7 7F 0 0 0
10 77 1 7 7F 0 0 0
23 16 3 4 12F 0 0 0
27 10 1 4 4F 0 0 0
12 62 2 4 8F 0 0 0
48 116 3 4 12F 0 0 0
22 176 2 4 8F 0 0 0
36 10 3 4 12F 0 0 0
8 50 2 7 14F 0 0 0
28 137 2 7 14F 0 0 0
35 134 1 6 6F 0 0 0
31 32 2 5 10F 0 0 0
9 55 1 5 5F 0 0 0
17 99 3 6 18F 0 0 0
25 173 2 6 12F 0 0 0
36 150 3 6 18F 0 0 0
33 97 1 6 6F 0 0 0
48 34 3 7 21F 0 0 0
12 46 3 7 21F 0 0 0
12 42 1 5 5F 0 0 0
2 72 2 7 14F 0 0 0
5 177 3 5 15F 0 0 0
9 185 3 6 18F 0 0 0
20 17 2 7 14F 0 0 0
15 63 2 6 12F 0 0 0
12 11 1 4 4F 0 0 0
21 67 2 4 8F 0 0 0
32 46 2 6 12F 0 0 0
35 62 2 4 8F 0 0 0
24 188 3 5 15F 0 0 0
28 178 3 7 21F 0 0 0
1 32 3 6 18F 0 0 0
17 32 2 7 14F 0 0 0
6 34 2 7 14F 0 0 0
31 107 3 5 15F 0 0 0
16 136 2 4 8F 0 0 0
15 126 3 6 18F 0 0 0
9 90 3 4 12F 0 0 0
17 67 1 7 7F 0 0 0
28 130 1 5 5F 0 0 0
8 30 3 4 12F 0 0 0
20 32 2 5 10F 0 0 0
29 167 2 5 10F 0 0 0
25 192 2 4 8F 0 0 0
33 7 3 4 12F 0 0 0
32 19 1 7 7F 0 0 0
9 179 2 6 12F 0 0 0
29 100 3 7 21F 0 0 0
48 132 1 4 4F 0 0 0
4 166 1 7 7F 0 0 0
36 45 2 4 8F 0 0 0
24 70 3 6 18F 0 0 0
17 86 2 7 14F 0 0 0
23 128 2 7 14F 0 0 0
13 34 1 4 4F 0 0 0
41 107 3 4 12F 0 0 0
42 86 2 5 10F 0 0 0
9 56 2 5 10F 0 0 0
21 93 1 4 4F 0 0 0
19 149 1 4 4F 0 0 0
2 162 1 7 7F 0 0 0
20 8 3 4 12F 0 0 0
12 161 3 7 21F 0 0 0
31 117 3 7 21F 0 0 0
16 117 1 4 4F 0 0 0
17 140 2 6 12F 0 0 0
3 81 3 7 21F 0 0 0
36 52 2 6 12F 0 0 0
44 172 1 7 7F 0 0 0
17 122 3 7 21F 0 0 0
16 30 2 6 12F 0 0 0
47 10 3 4 12F 0 0 0
46 40 3 5 15F 0 0 0
41 23 3 4 12F 0 0 0
9 136 1 4 4F 0 0 0
15 112 1 4 4F 0 0 0
18 117 2 5 10F 0 0 0
25 167 2 5 10F 0 0 0
48 79 2 5 10F 0 0 0
10 37 1 6 6F 0 0 0
27 149 2 5 10F 0 0 0
28 54 3 6 18F 0 0 0
37 10 2 7 14F 0 0 0
23 172 3 5 15F 0 0 0
18 72 1 6 6F 0 0 0
15 161 3 5 15F 0 0 0
49 144 1 4 4F 0 0 0
16 42 1 5 5F 0 0 0
6 127 1 6 6F 0 0 0
30 37 3 5 15F 0 0 0
2 99 1 7 7F 0 0 0
21 130 1 6 6F 0 0 0
44 12 2 6 12F 0 0 0
38 53 2 5 10F 0 0 0
27 164 2 5 10F 0 0 0
6 192 3 4 12F 0 0 0
48 188 1 5 5F 0 0 0
27 46 2 7 14F 0 0 0
30 114 2 4 8F 0 0 0
40 117 2 5 10F 0 0 0
11 119 1 7 7F 0 0 0
19 192 3 6 18F 0 0 0
47 76 2 6 12F 0 0 0
12 25 1 7 7F 0 0 0
49 44 2 6 12F 0 0 0
23 50 2 7 14F 0 0 0
7 130 1 7 7F 0 0 0
26 27 3 5 15F 0 0 0
16 131 2 5 10F 0 0 0
22 193 1 4 4F 0 0 0
35 148 1 4 4F 0 0 0
20 72 1 7 7F 0 0 0
37 147 1 5 5F 0 0 0
42 198 2 7 14F 0 0 0
49 42 3 6 18F 0 0 0
35 12 3 6 18F 0 0 0
44 23 2 4 8F 0 0 0
1 68 1 7 7F 0 0 0
36 156 2 5 10F 0 0 0
38 23 2 5 10F 0 0 0
9 83 2 4 8F 0 0 0
47 123 1 6 6F 0 0 0
17 114 3 7 21F 0 0 0
7 182 1 5 5F 0 0 0
35 195 2 5 10F 0 0 0
1 48 2 7 14F 0 0 0
2 115 3 4 12F 0 0 0
5 160 3 7 21F 0 0 0
16 165 1 5 5F 0 0 0
48 190 2 4 8F 0 0 0
18 73 3 5 15F 0 0 0
24 199 2 5 10F 0 0 0
34 123 2 7 14F 0 0 0
7 106 3 5 15F 0 0 0
35 175 2 6 12F 0 0 0
18 135 1 6 6F 0 0 0
9 170 1 4 4F 0 0 0
11 151 1 5 5F 0 0 0
11 0 1 7 7F 0 0 0
18 16 1 4 4F 0 0 0
40 11 3 4 12F 0 0 0
20 139 3 5 15F 0 0 0
9 49 3 7 21F 0 0 0
16 195 1 5 5F 0 0 0
0 198 3 5 15F 0 0 0
40 20 1 6 6F 0 0 0
28 40 2 5 10F 0 0 0
30 103 3 4 12F 0 0 0
23 3 3 5 15F 0 0 0
5 121 2 4 8F 0 0 0
32 6 1 6 6F 0 0 0
18 174 1 7 7F 0 0 0
1 196 3 6 18F 0 0 0
36 100 1 7 7F 0 0 0
49 50 1 7 7F 0 0 0
43 28 2 6 12F 0 0 0
42 32 3 5 15F 0 0 0
46 9 3 5 15F 0 0 0
12 17 2 4 8F 0 0 0
40 155 2 7 14F 0 0 0
28 93 2 6 12F 0 0 0
15 172 3 6 18F 0 0 0
21 105 1 6 6F 0 0 0
45 4 2 5 10F 0 0 0
37 105 2 5 10F 0 0 0
9 118 2 5 10F 0 0 0
9 183 3 5 15F 0 0 0
37 53 2 5 10F 0 0 0
42 173 3 5 15F 0 0 0
19 54 3 4 12F 0 0 0
18 9 3 4 12F 0 0 0
19 114 1 5 5F 0 0 0
18 189 2 7 14F 0 0 0
0 128 2 4 8F 0 0 0
45 32 2 6 12F 0 0 0
20 64 2 6 12F 0 0 0
18 44 1 4 4F 0 0 0
42 11 2 5 10F 0 0 0
11 176 2 4 8F 0 0 0
34 119 1 6 6F 0 0 0
4 26 2 4 8F 0 0 0
39 89 1 6 6F 0 0 0
26 66 3 4 12F 0 0 0
39 46 3 5 15F 0 0 0
27 163 2 6 12F 0 0 0
32 81 3 5 15F 0 0 0
13 162 3 4 12F 0 0 0
13 190 1 5 5F 0 0 0
33 135 2 7 14F 0 0 0
36 112 3 6 18F 0 0 0
7 10 3 6 18F 0 0 0
38 79 2 7 14F 0 0 0
13 130 3 6 18F 0 0 0
9 23 2 7 14F 0 0 0
9 0 3 4 12F 0 0 0
31 10 2 6 12F 0 0 0
32 156 3 5 15F 0 0 0
45 20 1 6 6F 0 0 0
27 108 2 6 12F 0 0 0
38 12 1 5 5F 0 0 0
15 21 2 4 8F 0 0 0
18 179 1 7 7F 0 0 0
12 190 2 4 8F 0 0 0
33 133 2 7 14F 0 0 0
8 126 3 6 18F 0 0 0
31 2 3 7 21F 0 0 0
35 169 3 7 21F 0 0 0
23 91 3 6 18F 0 0 0
3 199 1 5 5F 0 0 0
25 1 2 6 12F 0 0 0
45 174 1 5 5F 0 0 0
34 104 2 7 14F 0 0 0
43 55 2 4 8F 0 0 0
20 130 2 5 10F 0 0 0
36 178 1 7 7F 0 0 0
7 191 3 4 12F 0 0 0
19 196 2 5 10F 0 0 0
35 28 2 7 14F 0 0 0
11 170 1 6 6F 0 0 0
1 70 2 7 14F 0 0 0
16 197 2 4 8F 0 0 0
35 27 3 6 18F 0 0 0
4 91 2 6 12F 0 0 0
46 188 2 6 12F 0 0 0
27 111 2 7 14F 0 0 0
33 197 1 4 4F 0 0 0
2 23 1 4 4F 0 0 0
44 131 3 6 18F 0 0 0
31 116 1 4 4F 0 0 0
31 42 2 6 12F 0 0 0
3 87 1 5 5F 0 0 0
32 42 3 7 21F 0 0 0
48 157 2 4 8F 0 0 0
40 46 3 7 21F 0 0 0
25 75 3 4 12F 0 0 0
18 185 2 7 14F 0 0 0
16 129 2 5 10F 0 0 0
20 53 1 5 5F 0 0 0
32 48 1 5 5F 0 0 0
24 139 2 5 10F 0 0 0
43 99 2 7 14F 0 0 0
17 125 3 6 18F 0 0 0
3 127 3 6 18F 0 0 0
19 57 1 5 5F 0 0 0
16 199 3 5 15F 0 0 0
16 15 3 4 12F 0 0 0
11 157 3 4 12F 0 0 0
24 32 1 5 5F 0 0 0
46 138 1 7 7F 0 0 0
37 5 2 4 8F 0 0 0
28 107 2 6 12F 0 0 0
27 102 2 7 14F 0 0 0
19 142 3 6 18F 0 0 0
2 119 3 5 15F 0 0 0
9 129 1 5 5F 0 0 0
40 139 1 5 5F 0 0 0
29 146 3 7 21F 0 0 0
21 51 3 7 21F 0 0 0
26 23 2 5 10F 0 0 0
