1000
14 57 2 8 16F 0 0 0
48 40 1 8 8F 0 0 0
20 26 3 10 30F 0 0 0
35 75 1 9 9F 0 0 0
46 143 3 8 24F 0 0 0
24 72 1 10 10F 0 0 0
42 158 3 10 30F 0 0 0
1 116 1 9 9F 0 0 0
35 130 3 7 21F 0 0 0
24 161 1 7 7F 0 0 0
3 47 3 9 27F 0 0 0
35 77 2 8 16F 0 0 0
11 143 2 8 16F 0 0 0
11 139 2 8 16F 0 0 0
30 140 2 7 14F 0 0 0
22 22 3 8 24F 0 0 0
5 102 1 10 10F 0 0 0
18 193 2 10 20F 0 0 0
10 38 1 10 10F 0 0 0
30 156 1 7 7F 0 0 0
20 72 2 7 14F 0 0 0
20 51 3 10 30F 0 0 0
43 136 3 10 30F 0 0 0
21 21 2 9 18F 0 0 0
47 90 1 9 9F 0 0 0
48 48 2 8 16F 0 0 0
30 173 2 9 18F 0 0 0
39 73 1 7 7F 0 0 0
20 84 3 10 30F 0 0 0
7 97 2 7 14F 0 0 0
20 159 3 10 30F 0 0 0
7 51 2 8 16F 0 0 0
16 107 2 10 20F 0 0 0
33 31 2 9 18F 0 0 0
29 91 3 9 27F 0 0 0
27 37 1 9 9F 0 0 0
21 79 2 8 16F 0 0 0
39 37 3 10 30F 0 0 0
25 5 3 9 27F 0 0 0
15 113 1 9 9F 0 0 0
41 7 2 10 20F 0 0 0
33 35 1 8 8F 0 0 0
24 18 1 9 9F 0 0 0
26 45 3 8 24F 0 0 0
38 95 1 9 9F 0 0 0
1 121 2 7 14F 0 0 0
33 97 1 9 9F 0 0 0
39 88 1 9 9F 0 0 0
40 135 1 9 9F 0 0 0
3 155 3 7 21F 0 0 0
32 106 1 7 7F 0 0 0
29 122 3 9 27F 0 0 0
40 119 3 9 27F 0 0 0
12 122 2 7 14F 0 0 0
39 124 3 7 21F 0 0 0
39 85 1 10 10F 0 0 0
33 114 2 8 16F 0 0 0
1 27 3 9 27F 0 0 0
20 171 1 7 7F 0 0 0
39 197 3 8 24F 0 0 0
43 178 3 10 30F 0 0 0
23 133 1 7 7F 0 0 0
15 64 3 8 24F 0 0 0
6 45 1 7 7F 0 0 0
8 67 2 9 18F 0 0 0
10 81 2 9 18F 0 0 0
25 6 2 7 14F 0 0 0
46 0 1 10 10F 0 0 0
15 23 3 7 21F 0 0 0
35 128 2 10 20F 0 0 0
39 12 1 10 10F 0 0 0
19 29 3 9 27F 0 0 0
37 3 2 8 16F 0 0 0
43 119 3 7 21F 0 0 0
33 142 2 7 14F 0 0 0
2 6 2 8 16F 0 0 0
43 176 1 9 9F 0 0 0
45 122 1 10 10F 0 0 0
3 92 1 8 8F 0 0 0
2 51 2 10 20F 0 0 0
37 176 2 9 18F 0 0 0
14 88 3 7 21F 0 0 0
28 144 2 10 20F 0 0 0
21 123 1 7 7F 0 0 0
6 145 3 10 30F 0 0 0
23 38 2 7 14F 0 0 0
5 177 3 10 30F 0 0 0
0 143 2 9 18F 0 0 0
48 33 2 7 14F 0 0 0
19 170 3 10 30F 0 0 0
16 6 2 9 18F 0 0 0
13 39 2 9 18F 0 0 0
37 89 2 8 16F 0 0 0
48 20 2 9 18F 0 0 0
40 5 2 8 16F 0 0 0
46 36 1 10 10F 0 0 0
33 62 3 7 21F 0 0 0
30 172 1 8 8F 0 0 0
7 33 3 10 30F 0 0 0
8 29 2 9 18F 0 0 0
46 26 1 9 9F 0 0 0
3 190 1 7 7F 0 0 0
27 105 3 10 30F 0 0 0
14 53 2 10 20F 0 0 0
0 62 3 10 30F 0 0 0
27 12 3 8 24F 0 0 0
44 85 1 7 7F 0 0 0
30 47 2 8 16F 0 0 0
42 171 3 9 27F 0 0 0
27 16 1 8 8F 0 0 0
5 65 2 7 14F 0 0 0
38 2 1 9 9F 0 0 0
41 184 1 7 7F 0 0 0
35 95 1 10 10F 0 0 0
34 135 3 10 30F 0 0 0
26 80 3 10 30F 0 0 0
4 77 3 8 24F 0 0 0
3 176 2 10 20F 0 0 0
13 175 1 10 10F 0 0 0
9 160 3 9 27F 0 0 0
7 165 1 7 7F 0 0 0
18 148 3 9 27F 0 0 0
46 71 1 10 10F 0 0 0
48 93 2 9 18F 0 0 0
13 113 3 10 30F 0 0 0
26 155 3 7 21F 0 0 0
20 42 3 8 24F 0 0 0
26 39 2 9 18F 0 0 0
40 146 3 10 30F 0 0 0
24 74 1 8 8F 0 0 0
1 120 1 10 10F 0 0 0
3 82 2 7 14F 0 0 0
42 105 3 9 27F 0 0 0
16 120 1 7 7F 0 0 0
40 29 1 9 9F 0 0 0
30 193 1 10 10F 0 0 0
27 44 3 9 27F 0 0 0
10 76 3 7 21F 0 0 0
33 22 1 7 7F 0 0 0
47 137 1 9 9F 0 0 0
11 82 1 10 10F 0 0 0
23 13 2 8 16F 0 0 0
14 139 2 10 20F 0 0 0
22 128 1 8 8F 0 0 0
5 19 2 9 18F 0 0 0
30 4 3 9 27F 0 0 0
10 93 3 10 30F 0 0 0
5 101 1 8 8F 0 0 0
25 0 2 10 20F 0 0 0
26 193 2 7 14F 0 0 0
15 73 2 8 16F 0 0 0
42 193 3 10 30F 0 0 0
36 13 1 10 10F 0 0 0
45 177 3 10 30F 0 0 0
41 84 1 7 7F 0 0 0
33 7 1 9 9F 0 0 0
27 145 2 7 14F 0 0 0
29 190 3 9 27F 0 0 0
5 96 3 7 21F 0 0 0
22 193 1 9 9F 0 0 0
20 149 1 9 9F 0 0 0
25 30 2 8 16F 0 0 0
49 135 2 7 14F 0 0 0
38 121 2 8 16F 0 0 0
27 144 2 10 20F 0 0 0
26 152 2 10 20F 0 0 0
26 24 2 10 20F 0 0 0
11 104 3 8 24F 0 0 0
28 28 1 9 9F 0 0 0
36 44 3 10 30F 0 0 0
24 20 3 9 27F 0 0 0
35 81 1 10 10F 0 0 0
6 3 2 9 18F 0 0 0
42 126 2 9 18F 0 0 0
19 165 1 9 9F 0 0 0
9 6 1 8 8F 0 0 0
30 89 2 7 14F 0 0 0
27 153 3 7 21F 0 0 0
27 23 3 7 21F 0 0 0
16 77 1 10 10F 0 0 0
13 71 3 9 27F 0 0 0
28 38 3 7 21F 0 0 0
45 173 2 8 16F 0 0 0
26 105 2 10 20F 0 0 0
30 149 2 8 16F 0 0 0
31 17 3 7 21F 0 0 0
43 44 1 10 10F 0 0 0
45 64 2 10 20F 0 0 0
37 44 2 10 20F 0 0 0
14 23 3 8 24F 0 0 0
12 81 3 9 27F 0 0 0
23 52 2 7 14F 0 0 0
20 87 1 8 8F 0 0 0
23 29 1 10 10F 0 0 0
18 81 2 7 14F 0 0 0
39 20 1 9 9F 0 0 0
12 92 3 7 21F 0 0 0
6 32 1 7 7F 0 0 0
7 192 2 7 14F 0 0 0
25 197 2 8 16F 0 0 0
26 181 1 9 9F 0 0 0
47 74 1 9 9F 0 0 0
28 90 2 10 20F 0 0 0
31 28 2 9 18F 0 0 0
24 41 2 7 14F 0 0 0
1 186 2 8 16F 0 0 0
11 80 1 8 8F 0 0 0
40 89 2 9 18F 0 0 0
30 90 1 10 10F 0 0 0
4 151 3 9 27F 0 0 0
27 112 2 10 20F 0 0 0
27 176 3 10 30F 0 0 0
26 95 1 7 7F 0 0 0
0 65 1 10 10F 0 0 0
28 119 2 10 20F 0 0 0
47 72 2 7 14F 0 0 0
29 75 1 8 8F 0 0 0
18 22 1 10 10F 0 0 0
27 51 2 8 16F 0 0 0
37 143 1 10 10F 0 0 0
3 159 1 9 9F 0 0 0
19 197 1 10 10F 0 0 0
28 26 1 9 9F 0 0 0
6 106 2 7 14F 0 0 0
49 150 2 7 14F 0 0 0
44 80 3 8 24F 0 0 0
14 58 3 8 24F 0 0 0
14 154 1 8 8F 0 0 0
3 148 3 9 27F 0 0 0
40 133 1 9 9F 0 0 0
38 135 3 10 30F 0 0 0
21 68 2 7 14F 0 0 0
36 142 3 10 30F 0 0 0
49 153 1 7 7F 0 0 0
29 98 2 7 14F 0 0 0
36 85 1 10 10F 0 0 0
9 97 2 10 20F 0 0 0
46 4 1 7 7F 0 0 0
37 8 3 7 21F 0 0 0
30 80 2 8 16F 0 0 0
46 115 3 10 30F 0 0 0
22 78 3 10 30F 0 0 0
25 108 3 8 24F 0 0 0
19 99 1 8 8F 0 0 0
12 140 2 10 20F 0 0 0
40 195 1 10 10F 0 0 0
47 82 2 10 20F 0 0 0
8 41 3 10 30F 0 0 0
19 185 2 9 18F 0 0 0
48 196 3 10 30F 0 0 0
13 54 2 7 14F 0 0 0
16 180 3 10 30F 0 0 0
33 191 1 9 9F 0 0 0
39 189 3 9 27F 0 0 0
41 136 3 10 30F 0 0 0
32 93 2 9 18F 0 0 0
36 114 2 9 18F 0 0 0
6 0 1 10 10F 0 0 0
1 108 1 10 10F 0 0 0
33 38 1 7 7F 0 0 0
1 84 1 10 10F 0 0 0
23 90 2 9 18F 0 0 0
25 178 2 8 16F 0 0 0
32 80 1 10 10F 0 0 0
28 135 2 8 16F 0 0 0
9 32 1 10 10F 0 0 0
7 72 1 8 8F 0 0 0
29 10 1 9 9F 0 0 0
22 150 2 8 16F 0 0 0
2 166 1 7 7F 0 0 0
1 194 3 7 21F 0 0 0
33 112 3 7 21F 0 0 0
7 134 1 7 7F 0 0 0
32 10 3 9 27F 0 0 0
7 24 2 9 18F 0 0 0
17 118 2 10 20F 0 0 0
10 146 1 9 9F 0 0 0
47 66 2 9 18F 0 0 0
21 101 2 7 14F 0 0 0
33 117 2 9 18F 0 0 0
13 52 2 9 18F 0 0 0
11 110 2 8 16F 0 0 0
47 35 1 10 10F 0 0 0
11 40 3 10 30F 0 0 0
24 15 3 10 30F 0 0 0
29 29 3 10 30F 0 0 0
23 163 2 10 20F 0 0 0
21 9 1 7 7F 0 0 0
49 119 2 7 14F 0 0 0
7 48 3 10 30F 0 0 0
15 110 1 9 9F 0 0 0
14 160 3 10 30F 0 0 0
16 153 3 9 27F 0 0 0
15 131 1 9 9F 0 0 0
28 177 1 7 7F 0 0 0
22 15 2 9 18F 0 0 0
16 146 1 9 9F 0 0 0
40 136 1 8 8F 0 0 0
42 64 3 9 27F 0 0 0
13 115 2 8 16F 0 0 0
18 176 1 9 9F 0 0 0
36 192 2 7 14F 0 0 0
35 111 2 8 16F 0 0 0
2 96 2 9 18F 0 0 0
3 153 2 9 18F 0 0 0
14 141 3 9 27F 0 0 0
10 13 1 9 9F 0 0 0
42 139 2 10 20F 0 0 0
2 46 3 10 30F 0 0 0
22 75 2 10 20F 0 0 0
0 112 2 8 16F 0 0 0
6 95 2 7 14F 0 0 0
6 144 2 10 20F 0 0 0
42 68 3 8 24F 0 0 0
24 189 2 10 20F 0 0 0
7 121 3 9 27F 0 0 0
38 89 2 7 14F 0 0 0
3 105 3 8 24F 0 0 0
31 183 3 8 24F 0 0 0
42 59 3 7 21F 0 0 0
42 36 1 10 10F 0 0 0
30 165 2 7 14F 0 0 0
47 144 2 10 20F 0 0 0
31 178 3 8 24F 0 0 0
40 68 2 10 20F 0 0 0
2 34 3 7 21F 0 0 0
33 189 1 8 8F 0 0 0
20 36 2 8 16F 0 0 0
0 188 3 8 24F 0 0 0
4 172 3 8 24F 0 0 0
33 195 2 10 20F 0 0 0
17 167 1 8 8F 0 0 0
9 96 1 8 8F 0 0 0
42 179 2 7 14F 0 0 0
19 192 1 8 8F 0 0 0
48 127 3 8 24F 0 0 0
49 108 3 8 24F 0 0 0
20 111 2 8 16F 0 0 0
33 59 2 9 18F 0 0 0
33 192 2 7 14F 0 0 0
22 5 2 7 14F 0 0 0
13 172 1 9 9F 0 0 0
20 76 3 10 30F 0 0 0
2 88 1 9 9F 0 0 0
35 73 1 10 10F 0 0 0
31 40 3 10 30F 0 0 0
6 75 3 8 24F 0 0 0
44 128 3 10 30F 0 0 0
27 196 1 10 10F 0 0 0
12 199 2 10 20F 0 0 0
28 195 1 10 10F 0 0 0
35 50 2 10 20F 0 0 0
25 14 3 8 24F 0 0 0
47 25 1 10 10F 0 0 0
29 3 2 8 16F 0 0 0
31 85 3 8 24F 0 0 0
45 167 2 10 20F 0 0 0
38 106 2 8 16F 0 0 0
1 137 3 7 21F 0 0 0
10 135 3 9 27F 0 0 0
10 83 1 10 10F 0 0 0
43 125 2 8 16F 0 0 0
3 96 3 7 21F 0 0 0
22 28 3 8 24F 0 0 0
36 128 3 7 21F 0 0 0
24 168 3 9 27F 0 0 0
3 158 1 10 10F 0 0 0
47 186 1 7 7F 0 0 0
27 138 2 9 18F 0 0 0
23 15 3 7 21F 0 0 0
23 26 1 10 10F 0 0 0
0 185 1 7 7F 0 0 0
42 187 1 7 7F 0 0 0
15 181 3 9 27F 0 0 0
0 50 2 7 14F 0 0 0
0 79 3 9 27F 0 0 0
38 64 2 10 20F 0 0 0
3 127 3 10 30F 0 0 0
7 71 1 8 8F 0 0 0
31 146 3 9 27F 0 0 0
6 37 3 7 21F 0 0 0
20 195 2 8 16F 0 0 0
5 108 1 8 8F 0 0 0
22 146 2 9 18F 0 0 0
31 72 1 9 9F 0 0 0
34 54 3 10 30F 0 0 0
0 26 2 9 18F 0 0 0
22 0 1 8 8F 0 0 0
45 120 1 9 9F 0 0 0
35 32 2 9 18F 0 0 0
4 70 2 8 16F 0 0 0
9 72 2 8 16F 0 0 0
32 181 3 10 30F 0 0 0
34 191 1 9 9F 0 0 0
44 162 1 8 8F 0 0 0
45 97 3 10 30F 0 0 0
2 90 2 7 14F 0 0 0
23 6 1 10 10F 0 0 0
43 182 2 7 14F 0 0 0
12 91 2 9 18F 0 0 0
1 138 3 8 24F 0 0 0
12 51 2 9 18F 0 0 0
43 184 3 10 30F 0 0 0
40 97 1 10 10F 0 0 0
34 66 1 7 7F 0 0 0
7 109 1 10 10F 0 0 0
38 156 2 8 16F 0 0 0
28 152 2 9 18F 0 0 0
34 70 2 7 14F 0 0 0
2 140 3 9 27F 0 0 0
33 14 3 10 30F 0 0 0
46 185 3 7 21F 0 0 0
28 178 2 7 14F 0 0 0
36 156 1 10 10F 0 0 0
10 96 3 8 24F 0 0 0
35 175 3 10 30F 0 0 0
15 122 2 7 14F 0 0 0
38 143 2 7 14F 0 0 0
5 195 1 7 7F 0 0 0
47 160 1 8 8F 0 0 0
5 44 1 10 10F 0 0 0
10 44 1 9 9F 0 0 0
11 8 3 9 27F 0 0 0
5 158 2 7 14F 0 0 0
21 64 1 10 10F 0 0 0
22 24 2 10 20F 0 0 0
14 82 3 7 21F 0 0 0
12 52 3 9 27F 0 0 0
36 21 1 10 10F 0 0 0
20 199 2 9 18F 0 0 0
28 118 1 9 9F 0 0 0
26 94 3 9 27F 0 0 0
22 188 3 7 21F 0 0 0
14 142 3 7 21F 0 0 0
6 57 2 7 14F 0 0 0
10 167 1 8 8F 0 0 0
29 173 2 9 18F 0 0 0
23 187 3 10 30F 0 0 0
28 39 3 8 24F 0 0 0
11 154 2 9 18F 0 0 0
22 147 1 7 7F 0 0 0
26 117 2 7 14F 0 0 0
29 163 2 10 20F 0 0 0
23 73 3 7 21F 0 0 0
38 57 3 7 21F 0 0 0
5 199 3 9 27F 0 0 0
25 42 1 10 10F 0 0 0
19 67 3 9 27F 0 0 0
30 138 1 7 7F 0 0 0
25 172 3 8 24F 0 0 0
17 161 1 10 10F 0 0 0
36 89 1 10 10F 0 0 0
47 6 3 10 30F 0 0 0
20 140 2 8 16F 0 0 0
12 146 2 9 18F 0 0 0
13 8 1 7 7F 0 0 0
3 89 1 9 9F 0 0 0
41 89 1 10 10F 0 0 0
47 150 1 10 10F 0 0 0
13 12 1 10 10F 0 0 0
25 16 2 10 20F 0 0 0
15 167 1 7 7F 0 0 0
17 119 3 7 21F 0 0 0
44 165 3 8 24F 0 0 0
40 100 3 7 21F 0 0 0
11 30 1 7 7F 0 0 0
15 15 1 9 9F 0 0 0
33 33 1 10 10F 0 0 0
36 50 2 9 18F 0 0 0
47 4 3 10 30F 0 0 0
41 197 2 8 16F 0 0 0
8 189 2 10 20F 0 0 0
11 108 3 9 27F 0 0 0
14 102 3 7 21F 0 0 0
19 173 2 7 14F 0 0 0
4 66 1 9 9F 0 0 0
18 190 3 8 24F 0 0 0
9 165 2 8 16F 0 0 0
39 135 2 7 14F 0 0 0
39 173 1 8 8F 0 0 0
16 127 1 7 7F 0 0 0
30 33 1 7 7F 0 0 0
30 96 2 7 14F 0 0 0
2 130 3 7 21F 0 0 0
35 76 3 9 27F 0 0 0
40 109 1 7 7F 0 0 0
23 102 1 9 9F 0 0 0
16 148 3 10 30F 0 0 0
40 32 1 7 7F 0 0 0
10 107 1 10 10F 0 0 0
5 132 2 9 18F 0 0 0
31 56 1 10 10F 0 0 0
7 135 2 9 18F 0 0 0
20 119 1 7 7F 0 0 0
13 144 2 9 18F 0 0 0
11 75 1 10 10F 0 0 0
41 122 3 7 21F 0 0 0
35 15 3 8 24F 0 0 0
44 160 3 8 24F 0 0 0
18 85 1 9 9F 0 0 0
49 57 2 8 16F 0 0 0
22 54 3 8 24F 0 0 0
34 122 2 9 18F 0 0 0
16 14 3 10 30F 0 0 0
28 52 2 7 14F 0 0 0
32 101 3 8 24F 0 0 0
33 115 1 9 9F 0 0 0
36 67 2 8 16F 0 0 0
14 148 1 10 10F 0 0 0
11 28 1 9 9F 0 0 0
26 129 3 8 24F 0 0 0
34 86 3 8 24F 0 0 0
39 36 2 9 18F 0 0 0
31 184 1 8 8F 0 0 0
8 151 1 9 9F 0 0 0
7 55 1 9 9F 0 0 0
5 34 3 10 30F 0 0 0
6 190 2 7 14F 0 0 0
19 111 3 9 27F 0 0 0
49 3 1 7 7F 0 0 0
19 1 1 8 8F 0 0 0
27 136 1 10 10F 0 0 0
3 141 3 7 21F 0 0 0
3 61 1 7 7F 0 0 0
36 140 3 8 24F 0 0 0
33 45 2 8 16F 0 0 0
36 106 1 9 9F 0 0 0
18 128 2 7 14F 0 0 0
10 63 1 10 10F 0 0 0
29 178 1 7 7F 0 0 0
31 21 1 7 7F 0 0 0
13 102 3 8 24F 0 0 0
4 42 2 9 18F 0 0 0
35 49 2 7 14F 0 0 0
20 6 2 8 16F 0 0 0
8 63 3 7 21F 0 0 0
1 50 1 9 9F 0 0 0
20 10 3 8 24F 0 0 0
0 128 3 10 30F 0 0 0
23 173 1 9 9F 0 0 0
18 95 2 7 14F 0 0 0
18 147 1 8 8F 0 0 0
13 120 3 9 27F 0 0 0
34 36 2 7 14F 0 0 0
26 171 3 10 30F 0 0 0
21 174 3 9 27F 0 0 0
28 87 2 7 14F 0 0 0
35 98 2 9 18F 0 0 0
10 22 3 10 30F 0 0 0
18 20 3 9 27F 0 0 0
2 59 1 9 9F 0 0 0
43 173 1 7 7F 0 0 0
7 43 3 7 21F 0 0 0
16 56 2 7 14F 0 0 0
18 145 2 9 18F 0 0 0
32 140 1 10 10F 0 0 0
6 135 2 10 20F 0 0 0
6 18 2 7 14F 0 0 0
17 132 2 8 16F 0 0 0
29 51 1 7 7F 0 0 0
14 103 3 7 21F 0 0 0
41 38 3 7 21F 0 0 0
39 148 2 8 16F 0 0 0
41 30 2 8 16F 0 0 0
18 46 1 10 10F 0 0 0
25 147 2 9 18F 0 0 0
47 85 2 7 14F 0 0 0
2 175 1 8 8F 0 0 0
3 63 1 9 9F 0 0 0
0 21 1 7 7F 0 0 0
2 177 3 9 27F 0 0 0
45 73 1 8 8F 0 0 0
12 17 2 8 16F 0 0 0
13 108 2 7 14F 0 0 0
6 112 3 7 21F 0 0 0
21 191 2 7 14F 0 0 0
19 107 2 10 20F 0 0 0
0 137 1 10 10F 0 0 0
9 128 1 7 7F 0 0 0
40 28 3 9 27F 0 0 0
37 154 2 10 20F 0 0 0
23 193 2 8 16F 0 0 0
39 71 3 8 24F 0 0 0
46 42 3 10 30F 0 0 0
32 43 3 7 21F 0 0 0
14 75 3 8 24F 0 0 0
22 152 1 8 8F 0 0 0
24 193 2 9 18F 0 0 0
35 83 2 8 16F 0 0 0
23 50 3 8 24F 0 0 0
2 62 1 10 10F 0 0 0
36 109 2 10 20F 0 0 0
48 85 3 8 24F 0 0 0
19 71 1 8 8F 0 0 0
43 169 1 9 9F 0 0 0
23 174 1 7 7F 0 0 0
12 32 3 8 24F 0 0 0
42 23 3 10 30F 0 0 0
30 181 1 9 9F 0 0 0
45 23 1 7 7F 0 0 0
17 13 1 10 10F 0 0 0
26 71 1 8 8F 0 0 0
36 39 3 9 27F 0 0 0
2 41 1 10 10F 0 0 0
1 190 3 9 27F 0 0 0
28 171 3 7 21F 0 0 0
46 63 2 9 18F 0 0 0
25 25 1 8 8F 0 0 0
24 185 3 7 21F 0 0 0
11 49 3 10 30F 0 0 0
23 191 1 8 8F 0 0 0
41 40 2 7 14F 0 0 0
20 104 3 7 21F 0 0 0
13 78 2 9 18F 0 0 0
8 194 3 7 21F 0 0 0
0 130 1 8 8F 0 0 0
17 109 1 10 10F 0 0 0
18 174 3 10 30F 0 0 0
35 64 2 10 20F 0 0 0
6 173 2 8 16F 0 0 0
26 11 1 8 8F 0 0 0
47 195 1 8 8F 0 0 0
36 1 2 7 14F 0 0 0
26 111 2 8 16F 0 0 0
47 187 2 7 14F 0 0 0
34 162 3 10 30F 0 0 0
14 147 1 7 7F 0 0 0
35 8 3 9 27F 0 0 0
43 18 1 10 10F 0 0 0
1 150 2 8 16F 0 0 0
29 179 3 10 30F 0 0 0
23 46 2 10 20F 0 0 0
34 56 1 9 9F 0 0 0
14 14 3 8 24F 0 0 0
49 54 3 9 27F 0 0 0
19 160 2 8 16F 0 0 0
46 177 1 10 10F 0 0 0
16 136 3 8 24F 0 0 0
6 160 2 7 14F 0 0 0
43 154 3 10 30F 0 0 0
42 42 3 10 30F 0 0 0
3 102 1 8 8F 0 0 0
45 108 3 9 27F 0 0 0
0 114 1 8 8F 0 0 0
25 31 1 8 8F 0 0 0
22 120 3 9 27F 0 0 0
38 197 3 7 21F 0 0 0
13 93 2 9 18F 0 0 0
32 194 2 9 18F 0 0 0
46 121 1 7 7F 0 0 0
1 62 2 10 20F 0 0 0
41 188 2 7 14F 0 0 0
48 182 3 9 27F 0 0 0
25 162 2 7 14F 0 0 0
17 100 2 9 18F 0 0 0
9 133 3 10 30F 0 0 0
41 5 2 7 14F 0 0 0
23 79 3 7 21F 0 0 0
29 195 2 10 20F 0 0 0
38 24 2 9 18F 0 0 0
6 166 1 7 7F 0 0 0
12 151 3 10 30F 0 0 0
16 12 3 10 30F 0 0 0
47 5 2 7 14F 0 0 0
28 46 3 9 27F 0 0 0
10 10 2 9 18F 0 0 0
0 181 1 7 7F 0 0 0
19 88 3 8 24F 0 0 0
26 15 2 9 18F 0 0 0
37 79 3 7 21F 0 0 0
19 198 2 8 16F 0 0 0
2 134 3 7 21F 0 0 0
14 12 2 7 14F 0 0 0
25 144 1 10 10F 0 0 0
39 33 3 9 27F 0 0 0
44 180 1 10 10F 0 0 0
44 59 2 7 14F 0 0 0
17 120 1 10 10F 0 0 0
7 95 2 9 18F 0 0 0
6 30 3 7 21F 0 0 0
29 198 2 7 14F 0 0 0
20 100 3 10 30F 0 0 0
31 73 3 9 27F 0 0 0
48 36 1 7 7F 0 0 0
45 152 1 9 9F 0 0 0
49 35 1 7 7F 0 0 0
26 33 3 9 27F 0 0 0
21 66 2 7 14F 0 0 0
33 140 1 7 7F 0 0 0
27 116 2 7 14F 0 0 0
22 153 1 10 10F 0 0 0
31 153 2 8 16F 0 0 0
6 120 1 8 8F 0 0 0
7 2 1 9 9F 0 0 0
10 186 2 9 18F 0 0 0
3 167 2 10 20F 0 0 0
33 57 2 8 16F 0 0 0
2 49 3 9 27F 0 0 0
29 27 1 10 10F 0 0 0
24 146 3 10 30F 0 0 0
38 91 3 8 24F 0 0 0
1 76 2 7 14F 0 0 0
12 131 2 8 16F 0 0 0
7 60 1 7 7F 0 0 0
28 199 2 9 18F 0 0 0
44 137 3 7 21F 0 0 0
42 75 3 8 24F 0 0 0
35 80 2 9 18F 0 0 0
44 175 1 9 9F 0 0 0
0 165 1 9 9F 0 0 0
23 192 1 7 7F 0 0 0
18 192 2 8 16F 0 0 0
0 87 2 9 18F 0 0 0
14 49 3 8 24F 0 0 0
8 179 1 8 8F 0 0 0
48 97 2 9 18F 0 0 0
43 153 2 7 14F 0 0 0
29 65 2 7 14F 0 0 0
5 172 3 8 24F 0 0 0
41 119 2 9 18F 0 0 0
9 84 2 9 18F 0 0 0
41 192 2 8 16F 0 0 0
31 137 2 9 18F 0 0 0
38 34 1 8 8F 0 0 0
47 184 2 10 20F 0 0 0
37 165 2 7 14F 0 0 0
44 53 1 9 9F 0 0 0
21 29 3 7 21F 0 0 0
26 61 2 8 16F 0 0 0
18 127 3 9 27F 0 0 0
47 149 1 10 10F 0 0 0
38 113 2 8 16F 0 0 0
25 107 3 9 27F 0 0 0
42 53 2 10 20F 0 0 0
44 138 3 10 30F 0 0 0
40 178 1 9 9F 0 0 0
5 76 3 8 24F 0 0 0
15 61 2 10 20F 0 0 0
42 145 3 9 27F 0 0 0
33 40 1 7 7F 0 0 0
18 33 1 7 7F 0 0 0
36 153 1 9 9F 0 0 0
45 43 3 8 24F 0 0 0
7 91 3 7 21F 0 0 0
39 181 2 9 18F 0 0 0
5 159 3 10 30F 0 0 0
18 87 2 10 20F 0 0 0
1 123 2 8 16F 0 0 0
44 87 1 8 8F 0 0 0
11 185 1 10 10F 0 0 0
8 13 1 8 8F 0 0 0
5 7 2 7 14F 0 0 0
47 83 3 9 27F 0 0 0
25 48 3 9 27F 0 0 0
0 158 2 10 20F 0 0 0
26 29 1 7 7F 0 0 0
18 171 1 10 10F 0 0 0
31 0 1 9 9F 0 0 0
36 98 1 10 10F 0 0 0
31 158 1 10 10F 0 0 0
46 184 3 9 27F 0 0 0
28 145 3 9 27F 0 0 0
4 181 2 7 14F 0 0 0
40 115 3 10 30F 0 0 0
0 82 3 8 24F 0 0 0
4 117 2 8 16F 0 0 0
8 95 1 10 10F 0 0 0
38 151 2 10 20F 0 0 0
27 191 2 8 16F 0 0 0
36 177 1 9 9F 0 0 0
6 175 2 9 18F 0 0 0
31 58 3 9 27F 0 0 0
17 52 2 9 18F 0 0 0
34 90 1 8 8F 0 0 0
30 112 3 9 27F 0 0 0
43 84 3 8 24F 0 0 0
5 170 1 8 8F 0 0 0
6 87 1 8 8F 0 0 0
20 101 3 7 21F 0 0 0
31 128 3 7 21F 0 0 0
23 61 1 10 10F 0 0 0
39 86 1 8 8F 0 0 0
23 178 1 9 9F 0 0 0
11 190 1 10 10F 0 0 0
36 3 3 8 24F 0 0 0
15 129 2 10 20F 0 0 0
8 22 3 9 27F 0 0 0
31 13 2 7 14F 0 0 0
20 5 2 9 18F 0 0 0
37 114 1 9 9F 0 0 0
41 160 1 10 10F 0 0 0
29 55 3 9 27F 0 0 0
13 101 3 7 21F 0 0 0
22 11 1 10 10F 0 0 0
22 101 3 10 30F 0 0 0
1 171 2 7 14F 0 0 0
6 77 3 7 21F 0 0 0
2 86 2 7 14F 0 0 0
49 17 1 9 9F 0 0 0
37 35 3 10 30F 0 0 0
25 50 2 7 14F 0 0 0
29 156 2 9 18F 0 0 0
43 198 3 9 27F 0 0 0
4 72 1 7 7F 0 0 0
6 50 2 10 20F 0 0 0
49 114 3 9 27F 0 0 0
19 122 2 9 18F 0 0 0
26 20 1 9 9F 0 0 0
40 81 2 8 16F 0 0 0
1 3 3 8 24F 0 0 0
4 101 1 8 8F 0 0 0
1 26 3 9 27F 0 0 0
37 14 3 7 21F 0 0 0
48 77 2 10 20F 0 0 0
17 29 2 8 16F 0 0 0
16 132 1 7 7F 0 0 0
14 198 2 7 14F 0 0 0
17 63 3 10 30F 0 0 0
40 93 2 7 14F 0 0 0
19 153 1 9 9F 0 0 0
45 190 1 8 8F 0 0 0
28 12 3 7 21F 0 0 0
17 125 1 9 9F 0 0 0
40 88 1 9 9F 0 0 0
11 160 1 10 10F 0 0 0
7 193 3 9 27F 0 0 0
4 67 2 10 20F 0 0 0
4 33 3 10 30F 0 0 0
9 77 3 9 27F 0 0 0
10 168 3 7 21F 0 0 0
30 5 2 10 20F 0 0 0
23 189 3 9 27F 0 0 0
37 163 3 9 27F 0 0 0
11 67 3 7 21F 0 0 0
23 190 1 9 9F 0 0 0
17 79 1 10 10F 0 0 0
23 122 3 10 30F 0 0 0
19 166 1 10 10F 0 0 0
33 119 1 8 8F 0 0 0
37 141 3 9 27F 0 0 0
9 68 1 10 10F 0 0 0
27 18 3 9 27F 0 0 0
42 148 1 8 8F 0 0 0
49 55 1 9 9F 0 0 0
11 162 3 8 24F 0 0 0
8 77 2 10 20F 0 0 0
45 137 1 9 9F 0 0 0
43 168 2 10 20F 0 0 0
7 188 1 8 8F 0 0 0
22 98 2 9 18F 0 0 0
11 17 1 10 10F 0 0 0
31 49 3 8 24F 0 0 0
1 11 1 9 9F 0 0 0
47 102 1 9 9F 0 0 0
12 44 3 10 30F 0 0 0
31 59 3 9 27F 0 0 0
1 94 3 10 30F 0 0 0
25 186 1 7 7F 0 0 0
32 187 3 9 27F 0 0 0
42 58 3 9 27F 0 0 0
48 120 3 8 24F 0 0 0
19 140 1 9 9F 0 0 0
5 184 1 9 9F 0 0 0
20 165 1 8 8F 0 0 0
4 134 1 8 8F 0 0 0
0 182 3 8 24F 0 0 0
1 105 2 8 16F 0 0 0
23 89 2 9 18F 0 0 0
14 150 3 8 24F 0 0 0
4 173 2 9 18F 0 0 0
21 126 3 10 30F 0 0 0
4 92 2 7 14F 0 0 0
34 15 2 9 18F 0 0 0
27 121 2 10 20F 0 0 0
16 89 1 9 9F 0 0 0
31 51 3 7 21F 0 0 0
34 102 3 8 24F 0 0 0
6 10 1 7 7F 0 0 0
16 165 1 7 7F 0 0 0
18 41 3 7 21F 0 0 0
39 94 2 8 16F 0 0 0
15 69 3 10 30F 0 0 0
7 158 1 8 8F 0 0 0
4 175 1 8 8F 0 0 0
9 15 1 8 8F 0 0 0
18 54 2 10 20F 0 0 0
21 167 1 7 7F 0 0 0
19 175 2 7 14F 0 0 0
21 163 1 8 8F 0 0 0
38 36 3 8 24F 0 0 0
46 134 1 7 7F 0 0 0
43 156 3 9 27F 0 0 0
16 187 2 9 18F 0 0 0
11 24 2 8 16F 0 0 0
17 164 3 9 27F 0 0 0
32 145 1 8 8F 0 0 0
23 101 2 7 14F 0 0 0
30 82 3 7 21F 0 0 0
5 129 2 8 16F 0 0 0
21 155 3 7 21F 0 0 0
22 51 1 9 9F 0 0 0
7 171 3 9 27F 0 0 0
27 32 1 10 10F 0 0 0
9 70 1 8 8F 0 0 0
22 18 1 9 9F 0 0 0
35 141 1 7 7F 0 0 0
42 182 2 7 14F 0 0 0
24 107 3 8 24F 0 0 0
41 12 2 7 14F 0 0 0
36 60 1 10 10F 0 0 0
29 157 3 8 24F 0 0 0
27 11 3 8 24F 0 0 0
47 36 2 10 20F 0 0 0
17 150 3 9 27F 0 0 0
13 162 1 8 8F 0 0 0
33 10 1 9 9F 0 0 0
44 190 2 8 16F 0 0 0
49 52 1 10 10F 0 0 0
33 96 2 10 20F 0 0 0
41 67 1 10 10F 0 0 0
43 165 2 10 20F 0 0 0
49 39 2 7 14F 0 0 0
22 110 3 10 30F 0 0 0
19 190 3 8 24F 0 0 0
27 134 2 8 16F 0 0 0
13 182 2 7 14F 0 0 0
46 109 2 10 20F 0 0 0
10 197 2 9 18F 0 0 0
33 100 1 10 10F 0 0 0
22 167 1 10 10F 0 0 0
7 87 3 7 21F 0 0 0
2 14 1 10 10F 0 0 0
3 97 2 10 20F 0 0 0
25 84 1 10 10F 0 0 0
2 147 3 9 27F 0 0 0
6 60 2 9 18F 0 0 0
49 110 2 8 16F 0 0 0
20 174 2 7 14F 0 0 0
16 103 2 7 14F 0 0 0
34 151 2 9 18F 0 0 0
25 32 3 9 27F 0 0 0
39 154 3 9 27F 0 0 0
18 37 3 8 24F 0 0 0
32 109 2 8 16F 0 0 0
13 7 2 9 18F 0 0 0
24 50 2 10 20F 0 0 0
5 154 1 7 7F 0 0 0
10 59 2 8 16F 0 0 0
42 10 1 9 9F 0 0 0
34 133 2 9 18F 0 0 0
45 187 3 10 30F 0 0 0
45 36 2 8 16F 0 0 0
3 178 1 10 10F 0 0 0
24 133 1 8 8F 0 0 0
40 186 1 7 7F 0 0 0
38 193 1 9 9F 0 0 0
8 158 2 8 16F 0 0 0
30 148 1 10 10F 0 0 0
41 26 2 10 20F 0 0 0
4 155 3 8 24F 0 0 0
40 53 3 7 21F 0 0 0
28 146 1 7 7F 0 0 0
44 191 1 9 9F 0 0 0
17 3 3 9 27F 0 0 0
20 99 3 7 21F 0 0 0
3 136 2 8 16F 0 0 0
35 62 3 9 27F 0 0 0
42 153 1 9 9F 0 0 0
7 177 2 8 16F 0 0 0
21 63 3 7 21F 0 0 0
24 194 2 10 20F 0 0 0
2 133 2 8 16F 0 0 0
10 151 1 7 7F 0 0 0
25 76 2 8 16F 0 0 0
30 37 2 7 14F 0 0 0
48 160 2 9 18F 0 0 0
1 197 3 7 21F 0 0 0
25 121 1 8 8F 0 0 0
17 12 1 8 8F 0 0 0
8 49 1 7 7F 0 0 0
33 146 3 10 30F 0 0 0
45 55 3 10 30F 0 0 0
24 126 3 8 24F 0 0 0
16 197 1 7 7F 0 0 0
5 113 3 7 21F 0 0 0
27 107 3 7 21F 0 0 0
42 34 1 7 7F 0 0 0
11 153 2 7 14F 0 0 0
3 2 2 10 20F 0 0 0
24 183 2 8 16F 0 0 0
36 145 3 9 27F 0 0 0
41 170 3 8 24F 0 0 0
17 96 2 9 18F 0 0 0
18 70 1 7 7F 0 0 0
15 102 2 9 18F 0 0 0
24 2 3 9 27F 0 0 0
44 181 2 10 20F 0 0 0
4 162 3 10 30F 0 0 0
20 37 3 8 24F 0 0 0
16 13 1 10 10F 0 0 0
