1000
44 33 3 3 9F 0 0 0
18 22 2 9 18F 0 0 0
34 154 2 4 8F 0 0 0
11 35 2 5 10F 0 0 0
22 166 3 30 30F 0 0 0
43 95 1 9 9F 0 0 0
40 78 1 5 5F 0 0 0
6 141 2 7 14F 0 0 0
43 104 3 2 6F 0 0 0
38 85 2 5 10F 0 0 0
14 135 2 8 16F 0 0 0
37 97 2 9 18F 0 0 0
45 189 3 8 24F 0 0 0
32 64 3 30 30F 0 0 0
6 95 1 2 2F 0 0 0
40 72 3 30 30F 0 0 0
30 142 2 3 6F 0 0 0
49 192 1 2 2F 0 0 0
46 106 3 30 30F 0 0 0
10 130 3 9 27F 0 0 0
1 18 2 3 6F 0 0 0
29 18 1 2 2F 0 0 0
21 138 1 5 5F 0 0 0
32 170 3 7 21F 0 0 0
15 33 1 10 10F 0 0 0
49 23 3 8 24F 0 0 0
49 22 2 10 20F 0 0 0
5 1 3 7 21F 0 0 0
3 192 1 10 10F 0 0 0
34 29 1 3 3F 0 0 0
26 138 3 4 12F 0 0 0
36 1 3 7 21F 0 0 0
14 170 3 5 15F 0 0 0
43 168 3 3 9F 0 0 0
8 31 3 30 30F 0 0 0
25 153 2 8 16F 0 0 0
26 39 3 2 6F 0 0 0
0 181 2 2 4F 0 0 0
22 37 3 8 24F 0 0 0
8 75 1 4 4F 0 0 0
40 195 3 6 18F 0 0 0
0 7 2 7 14F 0 0 0
33 82 2 8 16F 0 0 0
48 126 3 6 18F 0 0 0
15 24 1 5 5F 0 0 0
20 44 2 8 16F 0 0 0
23 42 1 7 7F 0 0 0
28 32 3 1 3F 0 0 0
21 35 1 6 6F 0 0 0
34 10 1 6 6F 0 0 0
14 166 3 9 27F 0 0 0
1 89 1 9 9F 0 0 0
14 17 1 8 8F 0 0 0
45 44 2 10 20F 0 0 0
26 152 3 6 18F 0 0 0
2 86 3 8 24F 0 0 0
36 196 1 6 6F 0 0 0
38 27 2 10 20F 0 0 0
48 174 2 3 6F 0 0 0
3 60 3 7 21F 0 0 0
4 53 3 1 3F 0 0 0
13 121 3 1 3F 0 0 0
31 141 1 5 5F 0 0 0
30 5 2 9 18F 0 0 0
46 91 1 4 4F 0 0 0
11 187 3 2 6F 0 0 0
24 160 2 7 14F 0 0 0
35 152 2 9 18F 0 0 0
26 196 3 7 21F 0 0 0
17 145 1 3 3F 0 0 0
10 24 3 8 24F 0 0 0
22 22 2 9 18F 0 0 0
25 65 2 5 10F 0 0 0
11 94 1 6 6F 0 0 0
19 79 3 1 3F 0 0 0
25 44 3 3 9F 0 0 0
26 197 3 9 27F 0 0 0
25 176 3 5 15F 0 0 0
37 90 1 8 8F 0 0 0
26 78 3 6 18F 0 0 0
8 4 3 6 18F 0 0 0
8 47 1 7 7F 0 0 0
34 109 1 8 8F 0 0 0
10 112 2 7 14F 0 0 0
8 41 1 8 8F 0 0 0
11 130 2 9 18F 0 0 0
42 50 2 10 20F 0 0 0
41 63 3 6 18F 0 0 0
19 76 3 30 30F 0 0 0
35 48 1 10 10F 0 0 0
24 105 2 1 2F 0 0 0
9 111 3 7 21F 0 0 0
5 180 3 7 21F 0 0 0
25 48 1 9 9F 0 0 0
40 55 3 3 9F 0 0 0
25 168 2 8 16F 0 0 0
38 1 3 8 24F 0 0 0
2 47 2 4 8F 0 0 0
2 8 2 3 6F 0 0 0
28 140 3 4 12F 0 0 0
42 54 3 3 9F 0 0 0
44 27 3 4 12F 0 0 0
18 55 1 4 4F 0 0 0
11 122 2 10 20F 0 0 0
30 99 2 10 20F 0 0 0
37 85 1 5 5F 0 0 0
18 56 3 30 30F 0 0 0
8 97 3 7 21F 0 0 0
10 183 3 1 3F 0 0 0
7 104 1 4 4F 0 0 0
40 145 2 7 14F 0 0 0
32 113 2 6 12F 0 0 0
31 199 1 4 4F 0 0 0
33 61 3 30 30F 0 0 0
35 113 2 9 18F 0 0 0
19 143 2 9 18F 0 0 0
44 149 1 10 10F 0 0 0
42 59 1 10 10F 0 0 0
41 42 2 3 6F 0 0 0
34 132 3 8 24F 0 0 0
17 58 2 9 18F 0 0 0
12 146 2 1 2F 0 0 0
37 58 1 2 2F 0 0 0
9 7 1 2 2F 0 0 0
18 194 3 2 6F 0 0 0
14 83 3 8 24F 0 0 0
15 36 2 1 2F 0 0 0
6 137 2 7 14F 0 0 0
18 41 1 9 9F 0 0 0
9 136 2 8 16F 0 0 0
49 3 1 8 8F 0 0 0
49 109 1 7 7F 0 0 0
10 28 2 9 18F 0 0 0
38 130 2 9 18F 0 0 0
16 106 1 5 5F 0 0 0
37 170 1 7 7F 0 0 0
14 89 1 7 7F 0 0 0
19 48 3 9 27F 0 0 0
22 184 1 2 2F 0 0 0
43 82 1 2 2F 0 0 0
16 46 2 3 6F 0 0 0
36 65 2 6 12F 0 0 0
13 174 1 7 7F 0 0 0
11 163 3 30 30F 0 0 0
44 21 3 30 30F 0 0 0
29 161 1 7 7F 0 0 0
0 63 2 6 12F 0 0 0
15 43 1 10 10F 0 0 0
49 6 3 4 12F 0 0 0
42 2 3 7 21F 0 0 0
4 158 3 1 3F 0 0 0
47 4 1 2 2F 0 0 0
33 102 3 30 30F 0 0 0
6 69 2 2 4F 0 0 0
16 161 1 8 8F 0 0 0
40 169 3 6 18F 0 0 0
6 101 3 5 15F 0 0 0
46 116 2 10 20F 0 0 0
13 40 1 7 7F 0 0 0
20 109 2 1 2F 0 0 0
49 125 1 8 8F 0 0 0
23 8 2 9 18F 0 0 0
12 37 3 30 30F 0 0 0
19 152 3 1 3F 0 0 0
21 199 1 8 8F 0 0 0
37 84 3 30 30F 0 0 0
5 101 1 2 2F 0 0 0
33 121 1 10 10F 0 0 0
31 132 1 9 9F 0 0 0
19 83 3 4 12F 0 0 0
18 195 1 9 9F 0 0 0
39 105 3 8 24F 0 0 0
27 96 3 2 6F 0 0 0
37 80 2 8 16F 0 0 0
3 157 3 30 30F 0 0 0
35 194 2 2 4F 0 0 0
13 197 1 7 7F 0 0 0
33 139 2 2 4F 0 0 0
3 195 1 5 5F 0 0 0
45 0 1 3 3F 0 0 0
44 94 2 9 18F 0 0 0
14 62 1 8 8F 0 0 0
48 85 3 3 9F 0 0 0
31 109 3 6 18F 0 0 0
37 50 2 5 10F 0 0 0
44 162 3 30 30F 0 0 0
32 22 2 9 18F 0 0 0
36 123 1 8 8F 0 0 0
39 193 1 4 4F 0 0 0
24 18 2 9 18F 0 0 0
15 25 2 2 4F 0 0 0
27 128 2 3 6F 0 0 0
29 122 1 3 3F 0 0 0
14 183 2 8 16F 0 0 0
36 24 1 6 6F 0 0 0
28 99 3 4 12F 0 0 0
23 142 3 9 27F 0 0 0
44 32 1 9 9F 0 0 0
45 76 3 5 15F 0 0 0
18 105 2 1 2F 0 0 0
23 83 1 4 4F 0 0 0
3 102 3 30 30F 0 0 0
4 12 2 2 4F 0 0 0
46 199 2 5 10F 0 0 0
48 150 2 6 12F 0 0 0
15 101 2 2 4F 0 0 0
18 116 1 4 4F 0 0 0
31 93 2 8 16F 0 0 0
24 159 3 30 30F 0 0 0
16 169 1 4 4F 0 0 0
47 148 2 10 20F 0 0 0
3 27 2 1 2F 0 0 0
20 197 2 10 20F 0 0 0
24 61 1 4 4F 0 0 0
4 192 3 8 24F 0 0 0
35 65 2 5 10F 0 0 0
31 9 3 8 24F 0 0 0
46 66 1 9 9F 0 0 0
21 171 3 2 6F 0 0 0
18 63 3 3 9F 0 0 0
21 181 2 2 4F 0 0 0
3 127 3 4 12F 0 0 0
15 92 3 30 30F 0 0 0
40 150 1 4 4F 0 0 0
24 44 3 4 12F 0 0 0
15 73 2 7 14F 0 0 0
37 61 3 3 9F 0 0 0
43 94 3 1 3F 0 0 0
48 47 3 8 24F 0 0 0
42 85 3 3 9F 0 0 0
30 190 3 9 27F 0 0 0
26 65 1 10 10F 0 0 0
47 51 2 7 14F 0 0 0
38 89 2 8 16F 0 0 0
47 107 2 8 16F 0 0 0
24 177 1 5 5F 0 0 0
36 134 2 6 12F 0 0 0
48 42 2 10 20F 0 0 0
21 81 1 8 8F 0 0 0
17 172 2 2 4F 0 0 0
7 55 2 6 12F 0 0 0
8 77 3 4 12F 0 0 0
41 41 2 1 2F 0 0 0
27 32 2 1 2F 0 0 0
11 19 3 30 30F 0 0 0
42 4 3 2 6F 0 0 0
27 57 1 4 4F 0 0 0
44 54 3 8 24F 0 0 0
33 29 3 3 9F 0 0 0
45 100 1 10 10F 0 0 0
21 43 2 2 4F 0 0 0
45 162 1 9 9F 0 0 0
34 90 3 7 21F 0 0 0
36 98 2 1 2F 0 0 0
33 83 3 4 12F 0 0 0
15 151 1 6 6F 0 0 0
19 180 2 7 14F 0 0 0
45 97 1 10 10F 0 0 0
0 65 2 8 16F 0 0 0
6 154 3 3 9F 0 0 0
21 105 2 2 4F 0 0 0
8 131 3 8 24F 0 0 0
24 108 3 6 18F 0 0 0
1 135 1 7 7F 0 0 0
43 98 3 30 30F 0 0 0
7 172 3 4 12F 0 0 0
6 124 3 2 6F 0 0 0
13 7 3 4 12F 0 0 0
12 52 3 8 24F 0 0 0
41 150 1 4 4F 0 0 0
30 87 2 4 8F 0 0 0
36 140 2 4 8F 0 0 0
32 93 2 7 14F 0 0 0
17 24 2 8 16F 0 0 0
47 61 3 2 6F 0 0 0
3 45 2 8 16F 0 0 0
5 70 3 3 9F 0 0 0
21 102 2 5 10F 0 0 0
26 139 3 2 6F 0 0 0
14 126 3 7 21F 0 0 0
13 0 3 8 24F 0 0 0
34 107 2 2 4F 0 0 0
18 72 1 5 5F 0 0 0
4 151 1 9 9F 0 0 0
39 85 3 8 24F 0 0 0
43 87 2 5 10F 0 0 0
46 17 2 6 12F 0 0 0
4 81 1 8 8F 0 0 0
8 40 2 9 18F 0 0 0
1 127 1 8 8F 0 0 0
43 170 2 3 6F 0 0 0
15 188 3 5 15F 0 0 0
20 20 2 10 20F 0 0 0
24 31 1 5 5F 0 0 0
39 137 1 3 3F 0 0 0
46 1 2 9 18F 0 0 0
20 174 2 3 6F 0 0 0
32 37 1 7 7F 0 0 0
1 19 3 8 24F 0 0 0
18 177 1 5 5F 0 0 0
29 11 3 3 9F 0 0 0
45 13 1 4 4F 0 0 0
20 95 1 4 4F 0 0 0
29 36 1 5 5F 0 0 0
32 183 1 2 2F 0 0 0
4 102 3 4 12F 0 0 0
34 168 3 30 30F 0 0 0
22 87 3 6 18F 0 0 0
14 160 1 4 4F 0 0 0
45 111 2 8 16F 0 0 0
23 81 2 1 2F 0 0 0
46 85 2 1 2F 0 0 0
41 133 2 10 20F 0 0 0
49 87 1 5 5F 0 0 0
31 104 2 10 20F 0 0 0
3 108 2 4 8F 0 0 0
44 171 3 1 3F 0 0 0
9 138 1 10 10F 0 0 0
49 34 1 6 6F 0 0 0
34 148 2 2 4F 0 0 0
41 88 3 4 12F 0 0 0
2 76 2 6 12F 0 0 0
37 60 3 1 3F 0 0 0
46 14 2 5 10F 0 0 0
25 33 2 1 2F 0 0 0
48 137 1 6 6F 0 0 0
26 18 2 2 4F 0 0 0
49 29 2 4 8F 0 0 0
4 103 1 4 4F 0 0 0
33 2 1 6 6F 0 0 0
31 170 1 5 5F 0 0 0
42 176 1 7 7F 0 0 0
7 162 2 2 4F 0 0 0
37 20 3 2 6F 0 0 0
8 185 2 6 12F 0 0 0
13 132 3 4 12F 0 0 0
25 194 3 4 12F 0 0 0
13 28 2 1 2F 0 0 0
44 3 1 6 6F 0 0 0
14 154 2 4 8F 0 0 0
47 70 2 1 2F 0 0 0
12 53 1 10 10F 0 0 0
2 98 1 10 10F 0 0 0
29 45 2 10 20F 0 0 0
10 192 3 4 12F 0 0 0
10 40 1 8 8F 0 0 0
28 179 2 4 8F 0 0 0
48 91 1 5 5F 0 0 0
21 53 2 1 2F 0 0 0
33 27 2 3 6F 0 0 0
47 155 2 1 2F 0 0 0
24 166 1 7 7F 0 0 0
37 35 2 2 4F 0 0 0
22 64 3 1 3F 0 0 0
13 53 1 10 10F 0 0 0
27 143 2 5 10F 0 0 0
1 138 3 4 12F 0 0 0
22 125 3 30 30F 0 0 0
43 92 2 8 16F 0 0 0
26 36 1 9 9F 0 0 0
44 85 3 4 12F 0 0 0
21 99 2 1 2F 0 0 0
44 70 1 4 4F 0 0 0
14 113 2 2 4F 0 0 0
6 11 3 5 15F 0 0 0
0 182 3 3 9F 0 0 0
36 152 2 1 2F 0 0 0
21 162 3 5 15F 0 0 0
35 4 2 4 8F 0 0 0
1 93 3 6 18F 0 0 0
42 164 1 9 9F 0 0 0
44 83 2 7 14F 0 0 0
34 130 3 5 15F 0 0 0
34 194 3 4 12F 0 0 0
40 182 1 7 7F 0 0 0
11 145 2 8 16F 0 0 0
2 79 1 5 5F 0 0 0
41 118 2 9 18F 0 0 0
10 199 2 9 18F 0 0 0
16 65 3 6 18F 0 0 0
7 72 3 1 3F 0 0 0
40 149 2 4 8F 0 0 0
26 111 2 1 2F 0 0 0
15 192 2 8 16F 0 0 0
41 36 2 8 16F 0 0 0
28 151 3 2 6F 0 0 0
48 185 3 30 30F 0 0 0
9 2 1 5 5F 0 0 0
25 45 2 6 12F 0 0 0
38 108 2 8 16F 0 0 0
30 20 1 10 10F 0 0 0
40 143 3 1 3F 0 0 0
9 196 1 6 6F 0 0 0
47 123 1 9 9F 0 0 0
40 79 1 6 6F 0 0 0
2 105 1 9 9F 0 0 0
33 81 2 1 2F 0 0 0
23 66 3 5 15F 0 0 0
47 31 1 10 10F 0 0 0
33 118 3 1 3F 0 0 0
31 21 2 1 2F 0 0 0
43 13 3 9 27F 0 0 0
31 83 2 9 18F 0 0 0
38 60 1 2 2F 0 0 0
2 68 1 6 6F 0 0 0
5 56 1 6 6F 0 0 0
5 88 2 10 20F 0 0 0
33 22 1 7 7F 0 0 0
46 51 1 9 9F 0 0 0
12 157 3 8 24F 0 0 0
39 63 2 6 12F 0 0 0
23 55 2 7 14F 0 0 0
1 129 3 5 15F 0 0 0
16 4 3 3 9F 0 0 0
44 182 1 4 4F 0 0 0
7 167 1 10 10F 0 0 0
1 48 1 4 4F 0 0 0
11 85 2 7 14F 0 0 0
9 143 1 3 3F 0 0 0
28 20 2 1 2F 0 0 0
11 121 1 5 5F 0 0 0
18 47 1 10 10F 0 0 0
15 100 2 6 12F 0 0 0
34 86 1 4 4F 0 0 0
15 162 3 1 3F 0 0 0
49 98 2 4 8F 0 0 0
44 110 3 2 6F 0 0 0
15 26 3 3 9F 0 0 0
33 65 1 8 8F 0 0 0
45 160 3 1 3F 0 0 0
34 15 3 4 12F 0 0 0
11 176 2 3 6F 0 0 0
10 168 1 8 8F 0 0 0
12 133 1 5 5F 0 0 0
48 123 3 3 9F 0 0 0
5 140 3 8 24F 0 0 0
6 30 3 3 9F 0 0 0
15 106 1 8 8F 0 0 0
32 20 3 6 18F 0 0 0
31 164 1 8 8F 0 0 0
28 79 2 4 8F 0 0 0
35 3 1 7 7F 0 0 0
38 181 1 6 6F 0 0 0
11 199 2 5 10F 0 0 0
19 120 1 2 2F 0 0 0
35 56 1 9 9F 0 0 0
10 90 3 30 30F 0 0 0
41 156 2 6 12F 0 0 0
5 51 1 5 5F 0 0 0
36 192 1 5 5F 0 0 0
24 180 2 8 16F 0 0 0
37 135 3 5 15F 0 0 0
18 86 3 6 18F 0 0 0
39 11 3 30 30F 0 0 0
7 170 3 5 15F 0 0 0
34 187 3 30 30F 0 0 0
18 171 3 7 21F 0 0 0
26 162 1 4 4F 0 0 0
35 2 3 4 12F 0 0 0
8 2 1 5 5F 0 0 0
32 71 2 6 12F 0 0 0
4 3 2 10 20F 0 0 0
9 57 3 6 18F 0 0 0
19 14 3 30 30F 0 0 0
49 187 3 7 21F 0 0 0
17 25 1 7 7F 0 0 0
33 198 2 5 10F 0 0 0
36 155 1 2 2F 0 0 0
5 151 3 5 15F 0 0 0
4 125 1 3 3F 0 0 0
3 55 3 6 18F 0 0 0
34 142 1 5 5F 0 0 0
8 126 2 6 12F 0 0 0
10 187 1 8 8F 0 0 0
9 114 2 9 18F 0 0 0
12 137 1 7 7F 0 0 0
7 126 1 5 5F 0 0 0
11 141 3 9 27F 0 0 0
8 63 2 2 4F 0 0 0
21 78 3 4 12F 0 0 0
16 185 3 8 24F 0 0 0
43 120 2 9 18F 0 0 0
39 66 1 7 7F 0 0 0
46 33 1 6 6F 0 0 0
13 162 2 8 16F 0 0 0
1 33 1 8 8F 0 0 0
28 193 3 7 21F 0 0 0
36 119 2 9 18F 0 0 0
8 184 1 4 4F 0 0 0
8 79 1 6 6F 0 0 0
41 75 2 6 12F 0 0 0
44 100 2 1 2F 0 0 0
45 52 2 4 8F 0 0 0
0 153 2 4 8F 0 0 0
34 28 2 8 16F 0 0 0
8 174 2 6 12F 0 0 0
20 80 3 2 6F 0 0 0
31 78 3 5 15F 0 0 0
35 94 2 6 12F 0 0 0
15 76 1 9 9F 0 0 0
41 132 3 1 3F 0 0 0
19 66 2 1 2F 0 0 0
39 10 1 6 6F 0 0 0
8 74 2 5 10F 0 0 0
5 24 3 1 3F 0 0 0
5 132 1 10 10F 0 0 0
4 105 1 2 2F 0 0 0
14 194 3 9 27F 0 0 0
14 60 1 7 7F 0 0 0
30 31 2 4 8F 0 0 0
0 154 3 3 9F 0 0 0
49 193 1 6 6F 0 0 0
48 164 3 9 27F 0 0 0
49 81 2 7 14F 0 0 0
22 189 2 3 6F 0 0 0
39 133 2 2 4F 0 0 0
11 136 2 5 10F 0 0 0
47 85 2 1 2F 0 0 0
15 7 1 6 6F 0 0 0
34 125 3 9 27F 0 0 0
15 116 1 8 8F 0 0 0
33 168 1 3 3F 0 0 0
26 160 2 8 16F 0 0 0
26 64 2 4 8F 0 0 0
14 12 3 8 24F 0 0 0
25 144 3 1 3F 0 0 0
27 52 1 8 8F 0 0 0
20 97 2 9 18F 0 0 0
1 168 3 1 3F 0 0 0
4 2 3 9 27F 0 0 0
7 121 1 5 5F 0 0 0
46 42 2 8 16F 0 0 0
27 171 2 6 12F 0 0 0
8 198 3 6 18F 0 0 0
49 156 2 3 6F 0 0 0
44 114 3 2 6F 0 0 0
43 89 1 7 7F 0 0 0
32 158 3 3 9F 0 0 0
1 195 3 6 18F 0 0 0
30 110 2 1 2F 0 0 0
7 64 2 5 10F 0 0 0
38 44 2 3 6F 0 0 0
2 156 1 8 8F 0 0 0
20 19 3 5 15F 0 0 0
13 191 2 4 8F 0 0 0
1 100 3 30 30F 0 0 0
5 161 2 5 10F 0 0 0
38 78 2 10 20F 0 0 0
17 79 3 1 3F 0 0 0
22 143 2 6 12F 0 0 0
48 4 2 10 20F 0 0 0
1 147 3 3 9F 0 0 0
2 50 3 6 18F 0 0 0
27 44 3 6 18F 0 0 0
13 48 1 5 5F 0 0 0
44 53 1 6 6F 0 0 0
5 36 1 5 5F 0 0 0
31 140 2 4 8F 0 0 0
34 41 3 7 21F 0 0 0
49 38 3 6 18F 0 0 0
39 94 1 4 4F 0 0 0
11 174 3 7 21F 0 0 0
10 161 1 8 8F 0 0 0
47 65 2 8 16F 0 0 0
48 176 2 5 10F 0 0 0
27 95 2 5 10F 0 0 0
4 154 1 3 3F 0 0 0
6 33 2 1 2F 0 0 0
14 64 3 8 24F 0 0 0
16 99 3 5 15F 0 0 0
5 183 3 7 21F 0 0 0
16 126 2 1 2F 0 0 0
44 89 1 3 3F 0 0 0
1 199 1 10 10F 0 0 0
43 177 2 1 2F 0 0 0
30 154 3 4 12F 0 0 0
14 93 3 5 15F 0 0 0
24 140 2 6 12F 0 0 0
34 117 2 6 12F 0 0 0
42 63 2 10 20F 0 0 0
39 90 3 6 18F 0 0 0
37 71 2 6 12F 0 0 0
16 87 1 5 5F 0 0 0
10 50 1 5 5F 0 0 0
23 131 1 3 3F 0 0 0
4 76 2 6 12F 0 0 0
21 21 3 6 18F 0 0 0
37 126 3 7 21F 0 0 0
47 23 2 8 16F 0 0 0
45 185 2 10 20F 0 0 0
41 99 1 8 8F 0 0 0
12 127 2 1 2F 0 0 0
25 162 2 4 8F 0 0 0
24 107 2 8 16F 0 0 0
26 79 3 9 27F 0 0 0
18 146 3 3 9F 0 0 0
49 112 1 3 3F 0 0 0
24 185 2 7 14F 0 0 0
25 56 1 2 2F 0 0 0
45 41 1 3 3F 0 0 0
30 45 3 30 30F 0 0 0
31 101 1 2 2F 0 0 0
25 129 3 30 30F 0 0 0
27 8 2 9 18F 0 0 0
44 195 2 6 12F 0 0 0
43 196 2 3 6F 0 0 0
5 23 3 6 18F 0 0 0
24 97 3 2 6F 0 0 0
7 134 3 30 30F 0 0 0
29 16 3 9 27F 0 0 0
12 38 1 4 4F 0 0 0
38 163 1 7 7F 0 0 0
43 178 2 6 12F 0 0 0
6 161 3 8 24F 0 0 0
24 86 3 6 18F 0 0 0
16 118 3 5 15F 0 0 0
42 47 1 8 8F 0 0 0
26 51 3 7 21F 0 0 0
47 16 3 7 21F 0 0 0
43 106 1 2 2F 0 0 0
37 5 2 1 2F 0 0 0
15 176 2 6 12F 0 0 0
25 27 1 7 7F 0 0 0
11 56 1 6 6F 0 0 0
32 145 3 30 30F 0 0 0
45 7 2 6 12F 0 0 0
33 60 1 6 6F 0 0 0
8 16 3 4 12F 0 0 0
38 119 2 5 10F 0 0 0
13 32 2 10 20F 0 0 0
27 47 3 3 9F 0 0 0
15 135 2 4 8F 0 0 0
4 32 1 4 4F 0 0 0
7 86 3 1 3F 0 0 0
12 66 3 3 9F 0 0 0
3 187 3 2 6F 0 0 0
22 169 3 8 24F 0 0 0
3 194 2 5 10F 0 0 0
45 88 1 10 10F 0 0 0
9 30 2 10 20F 0 0 0
49 142 2 4 8F 0 0 0
45 191 3 6 18F 0 0 0
6 117 3 6 18F 0 0 0
42 160 2 4 8F 0 0 0
41 59 2 5 10F 0 0 0
48 3 2 3 6F 0 0 0
44 17 1 2 2F 0 0 0
27 138 3 8 24F 0 0 0
1 85 3 1 3F 0 0 0
31 186 1 8 8F 0 0 0
18 59 1 10 10F 0 0 0
14 33 2 5 10F 0 0 0
35 197 1 4 4F 0 0 0
37 180 2 5 10F 0 0 0
16 168 2 6 12F 0 0 0
13 70 3 6 18F 0 0 0
44 7 2 3 6F 0 0 0
7 20 2 6 12F 0 0 0
43 23 3 30 30F 0 0 0
46 81 2 3 6F 0 0 0
29 7 1 6 6F 0 0 0
10 92 1 9 9F 0 0 0
40 18 3 1 3F 0 0 0
12 164 1 9 9F 0 0 0
1 15 2 5 10F 0 0 0
2 195 3 30 30F 0 0 0
22 157 1 6 6F 0 0 0
15 127 3 1 3F 0 0 0
47 69 2 7 14F 0 0 0
2 174 1 4 4F 0 0 0
37 161 2 3 6F 0 0 0
34 140 2 10 20F 0 0 0
34 114 1 8 8F 0 0 0
44 186 2 3 6F 0 0 0
19 12 3 9 27F 0 0 0
37 115 1 3 3F 0 0 0
42 27 2 6 12F 0 0 0
24 75 2 9 18F 0 0 0
22 137 2 4 8F 0 0 0
38 91 1 10 10F 0 0 0
38 83 3 4 12F 0 0 0
46 104 1 6 6F 0 0 0
10 44 2 6 12F 0 0 0
49 121 2 7 14F 0 0 0
47 95 2 2 4F 0 0 0
47 60 3 9 27F 0 0 0
11 79 3 2 6F 0 0 0
47 35 1 5 5F 0 0 0
11 78 3 5 15F 0 0 0
23 191 2 1 2F 0 0 0
40 66 3 3 9F 0 0 0
42 15 3 5 15F 0 0 0
15 119 2 9 18F 0 0 0
16 147 2 9 18F 0 0 0
46 191 3 1 3F 0 0 0
37 74 2 10 20F 0 0 0
23 22 3 6 18F 0 0 0
20 5 3 6 18F 0 0 0
24 54 3 8 24F 0 0 0
44 190 3 1 3F 0 0 0
3 75 2 5 10F 0 0 0
49 78 1 3 3F 0 0 0
45 145 3 8 24F 0 0 0
0 81 2 8 16F 0 0 0
15 30 3 7 21F 0 0 0
24 29 2 1 2F 0 0 0
47 127 1 6 6F 0 0 0
0 99 1 8 8F 0 0 0
31 12 2 1 2F 0 0 0
47 178 2 1 2F 0 0 0
11 191 2 6 12F 0 0 0
28 143 2 3 6F 0 0 0
49 130 1 2 2F 0 0 0
31 156 3 2 6F 0 0 0
43 39 3 6 18F 0 0 0
16 40 2 1 2F 0 0 0
34 89 1 2 2F 0 0 0
10 111 3 30 30F 0 0 0
23 9 2 1 2F 0 0 0
36 143 1 7 7F 0 0 0
39 37 1 6 6F 0 0 0
35 26 2 3 6F 0 0 0
10 140 1 10 10F 0 0 0
1 152 2 5 10F 0 0 0
6 70 2 1 2F 0 0 0
4 93 1 6 6F 0 0 0
48 153 1 6 6F 0 0 0
49 59 2 8 16F 0 0 0
39 83 1 10 10F 0 0 0
1 73 3 9 27F 0 0 0
48 35 1 7 7F 0 0 0
32 178 2 3 6F 0 0 0
38 40 2 8 16F 0 0 0
31 16 2 3 6F 0 0 0
13 98 3 2 6F 0 0 0
39 2 1 2 2F 0 0 0
2 31 1 3 3F 0 0 0
45 23 1 2 2F 0 0 0
31 58 2 10 20F 0 0 0
1 164 1 10 10F 0 0 0
29 80 3 3 9F 0 0 0
2 87 3 30 30F 0 0 0
27 30 2 4 8F 0 0 0
31 37 2 1 2F 0 0 0
7 116 3 4 12F 0 0 0
29 6 1 10 10F 0 0 0
29 163 2 2 4F 0 0 0
42 154 3 30 30F 0 0 0
12 13 2 4 8F 0 0 0
48 122 1 9 9F 0 0 0
10 56 3 2 6F 0 0 0
42 121 1 10 10F 0 0 0
40 73 1 4 4F 0 0 0
18 68 1 6 6F 0 0 0
11 162 3 3 9F 0 0 0
25 98 3 3 9F 0 0 0
17 97 3 5 15F 0 0 0
22 178 3 6 18F 0 0 0
37 13 1 4 4F 0 0 0
26 105 2 4 8F 0 0 0
41 144 1 10 10F 0 0 0
1 169 1 4 4F 0 0 0
40 122 2 8 16F 0 0 0
45 133 3 9 27F 0 0 0
48 30 3 3 9F 0 0 0
15 104 1 6 6F 0 0 0
18 57 2 1 2F 0 0 0
29 135 1 7 7F 0 0 0
6 162 3 6 18F 0 0 0
40 29 2 2 4F 0 0 0
13 173 2 8 16F 0 0 0
15 86 2 7 14F 0 0 0
43 182 3 3 9F 0 0 0
11 43 2 9 18F 0 0 0
42 131 2 4 8F 0 0 0
39 118 2 6 12F 0 0 0
7 74 1 2 2F 0 0 0
32 39 3 8 24F 0 0 0
37 76 3 3 9F 0 0 0
17 155 3 5 15F 0 0 0
4 72 1 9 9F 0 0 0
14 153 2 8 16F 0 0 0
33 154 3 3 9F 0 0 0
34 180 1 4 4F 0 0 0
26 54 1 3 3F 0 0 0
34 16 2 5 10F 0 0 0
6 166 3 1 3F 0 0 0
46 37 1 6 6F 0 0 0
37 129 1 5 5F 0 0 0
14 68 2 6 12F 0 0 0
7 111 2 5 10F 0 0 0
43 147 1 10 10F 0 0 0
33 161 1 7 7F 0 0 0
21 61 3 7 21F 0 0 0
28 75 3 7 21F 0 0 0
37 106 2 9 18F 0 0 0
8 151 2 9 18F 0 0 0
7 81 2 5 10F 0 0 0
13 155 1 5 5F 0 0 0
10 174 1 6 6F 0 0 0
34 170 1 5 5F 0 0 0
13 128 3 3 9F 0 0 0
23 100 3 5 15F 0 0 0
16 8 2 5 10F 0 0 0
14 199 2 5 10F 0 0 0
16 1 1 4 4F 0 0 0
4 30 3 8 24F 0 0 0
38 180 3 8 24F 0 0 0
35 166 3 8 24F 0 0 0
19 96 2 7 14F 0 0 0
29 8 2 8 16F 0 0 0
19 123 1 8 8F 0 0 0
17 23 3 2 6F 0 0 0
37 144 3 7 21F 0 0 0
28 178 2 7 14F 0 0 0
23 54 3 8 24F 0 0 0
18 70 2 6 12F 0 0 0
26 141 1 8 8F 0 0 0
40 16 1 8 8F 0 0 0
39 58 2 8 16F 0 0 0
10 107 1 6 6F 0 0 0
12 56 1 6 6F 0 0 0
40 31 1 6 6F 0 0 0
27 186 1 5 5F 0 0 0
24 4 3 8 24F 0 0 0
26 81 2 3 6F 0 0 0
14 103 3 2 6F 0 0 0
20 166 3 7 21F 0 0 0
22 103 3 4 12F 0 0 0
32 92 2 2 4F 0 0 0
31 178 3 1 3F 0 0 0
7 34 2 5 10F 0 0 0
23 163 1 3 3F 0 0 0
14 148 1 9 9F 0 0 0
15 152 3 1 3F 0 0 0
37 152 1 7 7F 0 0 0
12 197 2 5 10F 0 0 0
14 52 3 9 27F 0 0 0
47 134 3 7 21F 0 0 0
9 168 1 4 4F 0 0 0
39 47 2 9 18F 0 0 0
49 159 3 4 12F 0 0 0
22 118 1 5 5F 0 0 0
3 85 1 10 10F 0 0 0
4 42 1 10 10F 0 0 0
22 23 3 3 9F 0 0 0
11 24 3 4 12F 0 0 0
11 107 1 3 3F 0 0 0
0 175 3 6 18F 0 0 0
45 118 1 9 9F 0 0 0
39 126 1 6 6F 0 0 0
16 195 2 7 14F 0 0 0
22 95 2 1 2F 0 0 0
11 7 2 6 12F 0 0 0
27 63 2 3 6F 0 0 0
35 150 1 2 2F 0 0 0
31 91 1 6 6F 0 0 0
38 107 3 3 9F 0 0 0
8 36 3 5 15F 0 0 0
18 143 2 6 12F 0 0 0
13 69 2 10 20F 0 0 0
31 36 1 8 8F 0 0 0
28 121 3 6 18F 0 0 0
44 44 3 1 3F 0 0 0
1 42 3 9 27F 0 0 0
42 111 3 8 24F 0 0 0
16 81 2 1 2F 0 0 0
36 17 3 5 15F 0 0 0
6 22 2 5 10F 0 0 0
40 153 3 3 9F 0 0 0
37 49 2 2 4F 0 0 0
26 190 2 2 4F 0 0 0
23 168 2 9 18F 0 0 0
39 46 1 4 4F 0 0 0
35 146 2 2 4F 0 0 0
35 178 2 9 18F 0 0 0
49 99 1 4 4F 0 0 0
44 20 2 10 20F 0 0 0
12 158 3 8 24F 0 0 0
46 43 1 10 10F 0 0 0
44 5 2 9 18F 0 0 0
28 81 1 6 6F 0 0 0
6 54 3 9 27F 0 0 0
23 160 3 6 18F 0 0 0
15 154 2 10 20F 0 0 0
13 129 1 9 9F 0 0 0
13 147 1 9 9F 0 0 0
12 91 2 2 4F 0 0 0
29 74 2 6 12F 0 0 0
22 145 2 3 6F 0 0 0
42 141 3 2 6F 0 0 0
1 154 2 2 4F 0 0 0
0 44 1 10 10F 0 0 0
27 35 2 2 4F 0 0 0
6 174 2 7 14F 0 0 0
27 119 1 6 6F 0 0 0
6 28 2 9 18F 0 0 0
7 88 3 2 6F 0 0 0
2 38 1 10 10F 0 0 0
47 41 1 6 6F 0 0 0
15 113 2 8 16F 0 0 0
46 7 2 6 12F 0 0 0
30 195 2 5 10F 0 0 0
13 61 3 7 21F 0 0 0
17 81 2 8 16F 0 0 0
39 39 2 3 6F 0 0 0
48 55 3 30 30F 0 0 0
16 21 1 8 8F 0 0 0
1 101 1 10 10F 0 0 0
47 188 2 7 14F 0 0 0
0 110 2 7 14F 0 0 0
11 15 1 7 7F 0 0 0
32 68 2 5 10F 0 0 0
43 138 2 3 6F 0 0 0
43 155 3 2 6F 0 0 0
28 144 3 7 21F 0 0 0
12 95 1 3 3F 0 0 0
26 165 2 7 14F 0 0 0
31 52 1 5 5F 0 0 0
9 176 3 5 15F 0 0 0
17 162 2 10 20F 0 0 0
37 43 3 7 21F 0 0 0
49 190 2 2 4F 0 0 0
13 44 3 30 30F 0 0 0
22 141 2 6 12F 0 0 0
39 171 2 10 20F 0 0 0
30 42 2 1 2F 0 0 0
24 26 1 5 5F 0 0 0
46 83 3 30 30F 0 0 0
34 52 3 9 27F 0 0 0
49 63 3 8 24F 0 0 0
47 105 2 5 10F 0 0 0
22 72 2 3 6F 0 0 0
44 50 3 6 18F 0 0 0
16 166 2 10 20F 0 0 0
41 30 3 3 9F 0 0 0
27 41 2 5 10F 0 0 0
33 189 3 6 18F 0 0 0
3 156 2 6 12F 0 0 0
41 105 3 5 15F 0 0 0
47 58 3 3 9F 0 0 0
38 117 1 9 9F 0 0 0
8 155 2 1 2F 0 0 0
30 181 2 6 12F 0 0 0
7 28 2 3 6F 0 0 0
16 16 2 8 16F 0 0 0
15 174 1 2 2F 0 0 0
39 127 2 6 12F 0 0 0
10 26 2 7 14F 0 0 0
10 34 1 2 2F 0 0 0
42 182 3 6 18F 0 0 0
31 45 2 1 2F 0 0 0
30 182 3 8 24F 0 0 0
17 19 2 8 16F 0 0 0
37 150 2 5 10F 0 0 0
37 109 1 8 8F 0 0 0
8 150 2 3 6F 0 0 0
16 29 1 10 10F 0 0 0
6 115 3 1 3F 0 0 0
15 59 1 3 3F 0 0 0
1 188 3 4 12F 0 0 0
8 0 1 9 9F 0 0 0
38 43 1 10 10F 0 0 0
28 85 1 8 8F 0 0 0
34 98 2 10 20F 0 0 0
10 177 3 9 27F 0 0 0
28 34 2 3 6F 0 0 0
45 102 3 3 9F 0 0 0
48 78 2 7 14F 0 0 0
36 42 3 5 15F 0 0 0
44 77 3 4 12F 0 0 0
39 155 3 7 21F 0 0 0
16 10 2 4 8F 0 0 0
27 53 3 3 9F 0 0 0
25 146 3 7 21F 0 0 0
4 101 2 4 8F 0 0 0
3 162 2 4 8F 0 0 0
6 103 1 5 5F 0 0 0
36 31 2 9 18F 0 0 0
34 118 2 3 6F 0 0 0
46 136 3 9 27F 0 0 0
21 150 2 6 12F 0 0 0
16 44 3 7 21F 0 0 0
6 99 2 8 16F 0 0 0
11 3 2 3 6F 0 0 0
32 1 1 5 5F 0 0 0
38 193 1 3 3F 0 0 0
35 37 3 8 24F 0 0 0
8 48 1 10 10F 0 0 0
29 160 1 5 5F 0 0 0
7 17 2 2 4F 0 0 0
24 67 1 2 2F 0 0 0
49 52 2 7 14F 0 0 0
29 26 2 3 6F 0 0 0
48 29 2 4 8F 0 0 0
13 192 3 9 27F 0 0 0
2 61 2 4 8F 0 0 0
8 169 1 9 9F 0 0 0
24 88 2 7 14F 0 0 0
17 26 2 6 12F 0 0 0
