1000
41 76 1 3 3F 0 0 0
36 3 1 8 8F 0 0 0
32 43 3 6 18F 0 0 0
37 93 1 9 9F 0 0 0
8 151 1 8 8F 0 0 0
20 20 1 5 5F 0 0 0
3 103 1 2 2F 0 0 0
32 179 1 3 3F 0 0 0
2 51 2 9 18F 0 0 0
14 79 1 9 9F 0 0 0
33 128 3 7 21F 0 0 0
22 116 3 7 21F 0 0 0
17 152 1 7 7F 0 0 0
4 174 1 6 6F 0 0 0
27 144 3 7 21F 0 0 0
17 162 3 9 27F 0 0 0
45 79 2 8 16F 0 0 0
43 3 1 2 2F 0 0 0
1 143 2 6 12F 0 0 0
6 128 2 7 14F 0 0 0
46 40 2 10 20F 0 0 0
7 15 3 4 12F 0 0 0
38 178 2 2 4F 0 0 0
15 184 3 7 21F 0 0 0
31 12 3 2 6F 0 0 0
47 104 2 8 16F 0 0 0
21 106 3 2 6F 0 0 0
15 181 1 8 8F 0 0 0
36 160 3 5 15F 0 0 0
0 11 3 6 18F 0 0 0
5 90 3 2 6F 0 0 0
15 55 1 6 6F 0 0 0
10 17 2 2 4F 0 0 0
23 128 2 10 20F 0 0 0
28 98 1 7 7F 0 0 0
49 150 1 6 6F 0 0 0
39 22 1 3 3F 0 0 0
35 180 3 7 21F 0 0 0
43 28 2 5 10F 0 0 0
15 160 3 2 6F 0 0 0
44 58 3 30 30F 0 0 0
18 83 1 2 2F 0 0 0
0 128 2 8 16F 0 0 0
40 78 3 9 27F 0 0 0
24 0 1 4 4F 0 0 0
24 35 1 9 9F 0 0 0
13 8 1 6 6F 0 0 0
7 192 2 10 20F 0 0 0
48 0 1 8 8F 0 0 0
11 117 2 3 6F 0 0 0
17 121 2 1 2F 0 0 0
30 21 1 2 2F 0 0 0
47 81 3 6 18F 0 0 0
16 9 2 10 20F 0 0 0
12 59 2 1 2F 0 0 0
29 139 1 7 7F 0 0 0
38 58 2 7 14F 0 0 0
45 67 1 5 5F 0 0 0
46 117 1 10 10F 0 0 0
38 83 3 2 6F 0 0 0
29 93 2 5 10F 0 0 0
17 85 3 9 27F 0 0 0
41 106 1 10 10F 0 0 0
35 152 3 4 12F 0 0 0
27 138 1 10 10F 0 0 0
19 124 1 6 6F 0 0 0
21 199 3 7 21F 0 0 0
37 180 2 2 4F 0 0 0
45 117 1 8 8F 0 0 0
33 35 1 5 5F 0 0 0
43 29 2 10 20F 0 0 0
44 143 2 3 6F 0 0 0
40 95 3 7 21F 0 0 0
22 156 3 3 9F 0 0 0
33 113 2 9 18F 0 0 0
38 104 2 5 10F 0 0 0
43 5 2 7 14F 0 0 0
8 109 1 10 10F 0 0 0
14 18 1 5 5F 0 0 0
33 20 3 3 9F 0 0 0
7 160 1 6 6F 0 0 0
41 35 2 5 10F 0 0 0
30 36 3 2 6F 0 0 0
25 110 1 9 9F 0 0 0
29 196 2 2 4F 0 0 0
6 62 3 5 15F 0 0 0
25 151 3 9 27F 0 0 0
11 113 2 9 18F 0 0 0
40 54 3 30 30F 0 0 0
39 198 2 4 8F 0 0 0
25 123 2 3 6F 0 0 0
22 134 3 6 18F 0 0 0
41 70 3 30 30F 0 0 0
42 69 1 3 3F 0 0 0
6 10 2 6 12F 0 0 0
25 194 2 1 2F 0 0 0
21 150 3 2 6F 0 0 0
34 118 3 30 30F 0 0 0
17 199 2 6 12F 0 0 0
0 135 2 9 18F 0 0 0
40 114 1 4 4F 0 0 0
27 116 1 3 3F 0 0 0
26 179 3 2 6F 0 0 0
47 154 3 5 15F 0 0 0
25 89 2 7 14F 0 0 0
18 174 2 5 10F 0 0 0
17 138 3 5 15F 0 0 0
27 174 3 8 24F 0 0 0
13 57 2 5 10F 0 0 0
14 110 3 8 24F 0 0 0
36 118 2 7 14F 0 0 0
30 35 3 7 21F 0 0 0
49 126 2 7 14F 0 0 0
18 21 3 7 21F 0 0 0
17 84 1 8 8F 0 0 0
22 168 3 2 6F 0 0 0
3 130 1 3 3F 0 0 0
21 151 3 7 21F 0 0 0
9 191 3 7 21F 0 0 0
10 73 1 10 10F 0 0 0
36 101 3 8 24F 0 0 0
46 104 1 3 3F 0 0 0
18 176 3 1 3F 0 0 0
34 5 3 8 24F 0 0 0
22 92 2 6 12F 0 0 0
11 72 2 10 20F 0 0 0
43 121 2 3 6F 0 0 0
7 70 2 2 4F 0 0 0
8 111 3 1 3F 0 0 0
38 142 1 8 8F 0 0 0
31 0 1 10 10F 0 0 0
44 62 2 3 6F 0 0 0
37 150 1 6 6F 0 0 0
41 120 2 2 4F 0 0 0
34 183 1 7 7F 0 0 0
5 84 1 7 7F 0 0 0
12 193 2 6 12F 0 0 0
9 108 2 6 12F 0 0 0
34 2 1 4 4F 0 0 0
19 108 3 6 18F 0 0 0
25 138 1 7 7F 0 0 0
32 5 2 2 4F 0 0 0
17 23 2 3 6F 0 0 0
17 122 3 3 9F 0 0 0
39 67 1 3 3F 0 0 0
46 45 1 9 9F 0 0 0
11 112 2 4 8F 0 0 0
17 39 2 7 14F 0 0 0
13 113 1 6 6F 0 0 0
23 102 1 6 6F 0 0 0
14 186 3 9 27F 0 0 0
4 61 1 10 10F 0 0 0
7 140 1 5 5F 0 0 0
3 81 2 1 2F 0 0 0
26 66 2 8 16F 0 0 0
18 3 1 7 7F 0 0 0
9 2 3 7 21F 0 0 0
22 64 1 6 6F 0 0 0
42 18 3 6 18F 0 0 0
23 47 3 6 18F 0 0 0
19 24 1 3 3F 0 0 0
8 179 3 2 6F 0 0 0
6 135 1 5 5F 0 0 0
48 76 1 8 8F 0 0 0
3 63 1 10 10F 0 0 0
14 89 3 7 21F 0 0 0
4 133 3 1 3F 0 0 0
8 5 1 6 6F 0 0 0
48 135 1 10 10F 0 0 0
8 74 2 4 8F 0 0 0
17 92 1 2 2F 0 0 0
39 25 1 6 6F 0 0 0
17 46 2 6 12F 0 0 0
43 153 3 7 21F 0 0 0
3 152 1 3 3F 0 0 0
8 29 1 6 6F 0 0 0
48 6 1 5 5F 0 0 0
33 37 2 6 12F 0 0 0
36 121 3 8 24F 0 0 0
37 7 2 6 12F 0 0 0
0 143 1 10 10F 0 0 0
18 132 2 1 2F 0 0 0
36 72 2 6 12F 0 0 0
22 15 1 8 8F 0 0 0
32 50 2 3 6F 0 0 0
40 60 2 9 18F 0 0 0
34 52 1 10 10F 0 0 0
26 59 2 2 4F 0 0 0
30 135 2 8 16F 0 0 0
38 17 2 5 10F 0 0 0
42 0 1 3 3F 0 0 0
34 20 3 30 30F 0 0 0
18 41 3 4 12F 0 0 0
4 98 2 4 8F 0 0 0
17 146 3 2 6F 0 0 0
26 64 3 3 9F 0 0 0
17 111 3 3 9F 0 0 0
3 144 2 5 10F 0 0 0
43 181 2 7 14F 0 0 0
16 163 1 8 8F 0 0 0
28 94 2 3 6F 0 0 0
8 113 2 3 6F 0 0 0
43 184 2 7 14F 0 0 0
39 68 1 8 8F 0 0 0
0 53 2 1 2F 0 0 0
17 144 3 7 21F 0 0 0
34 188 2 9 18F 0 0 0
16 20 3 2 6F 0 0 0
0 150 1 9 9F 0 0 0
40 129 2 8 16F 0 0 0
48 36 3 1 3F 0 0 0
23 13 2 5 10F 0 0 0
23 49 1 7 7F 0 0 0
14 181 1 10 10F 0 0 0
23 186 1 2 2F 0 0 0
11 139 2 4 8F 0 0 0
45 60 3 4 12F 0 0 0
8 193 3 9 27F 0 0 0
16 159 3 6 18F 0 0 0
22 55 1 10 10F 0 0 0
48 122 2 6 12F 0 0 0
18 66 1 5 5F 0 0 0
14 32 2 10 20F 0 0 0
48 149 1 3 3F 0 0 0
26 174 3 30 30F 0 0 0
46 162 3 30 30F 0 0 0
8 98 3 30 30F 0 0 0
7 35 3 4 12F 0 0 0
37 129 1 4 4F 0 0 0
27 115 3 1 3F 0 0 0
42 12 2 10 20F 0 0 0
35 165 2 9 18F 0 0 0
28 23 3 3 9F 0 0 0
20 105 3 7 21F 0 0 0
47 133 2 1 2F 0 0 0
4 167 3 1 3F 0 0 0
15 29 1 6 6F 0 0 0
14 51 3 4 12F 0 0 0
31 93 2 10 20F 0 0 0
46 75 1 2 2F 0 0 0
13 110 3 4 12F 0 0 0
10 146 1 9 9F 0 0 0
25 60 2 2 4F 0 0 0
23 22 2 5 10F 0 0 0
35 65 1 7 7F 0 0 0
9 106 2 4 8F 0 0 0
21 195 2 9 18F 0 0 0
2 111 3 9 27F 0 0 0
6 91 2 5 10F 0 0 0
8 30 2 6 12F 0 0 0
21 139 3 7 21F 0 0 0
21 161 2 7 14F 0 0 0
26 74 3 6 18F 0 0 0
21 135 1 4 4F 0 0 0
47 37 1 3 3F 0 0 0
26 185 1 9 9F 0 0 0
38 62 2 4 8F 0 0 0
46 138 3 7 21F 0 0 0
46 97 3 4 12F 0 0 0
36 196 1 7 7F 0 0 0
10 149 2 5 10F 0 0 0
13 181 2 7 14F 0 0 0
49 180 3 5 15F 0 0 0
16 97 2 8 16F 0 0 0
44 132 3 5 15F 0 0 0
45 140 2 3 6F 0 0 0
22 128 1 2 2F 0 0 0
5 143 3 7 21F 0 0 0
28 173 3 6 18F 0 0 0
31 20 3 1 3F 0 0 0
17 126 3 30 30F 0 0 0
10 195 3 4 12F 0 0 0
48 104 1 10 10F 0 0 0
1 112 3 2 6F 0 0 0
27 65 1 8 8F 0 0 0
31 135 2 3 6F 0 0 0
41 173 2 7 14F 0 0 0
47 16 2 10 20F 0 0 0
24 178 2 6 12F 0 0 0
44 88 3 4 12F 0 0 0
42 143 2 7 14F 0 0 0
48 190 2 8 16F 0 0 0
2 169 3 8 24F 0 0 0
36 65 2 3 6F 0 0 0
43 117 3 2 6F 0 0 0
31 117 1 6 6F 0 0 0
7 74 2 6 12F 0 0 0
22 39 3 3 9F 0 0 0
43 43 2 8 16F 0 0 0
11 80 1 5 5F 0 0 0
5 63 2 9 18F 0 0 0
34 24 1 8 8F 0 0 0
5 54 2 8 16F 0 0 0
26 85 1 3 3F 0 0 0
44 188 3 4 12F 0 0 0
48 103 3 9 27F 0 0 0
48 110 3 2 6F 0 0 0
19 180 1 6 6F 0 0 0
24 45 2 2 4F 0 0 0
33 192 2 4 8F 0 0 0
12 65 1 9 9F 0 0 0
45 137 3 30 30F 0 0 0
40 117 2 10 20F 0 0 0
20 15 3 8 24F 0 0 0
38 172 2 8 16F 0 0 0
25 111 2 6 12F 0 0 0
19 49 3 3 9F 0 0 0
14 34 3 3 9F 0 0 0
25 90 1 7 7F 0 0 0
37 65 2 5 10F 0 0 0
9 26 2 8 16F 0 0 0
47 60 1 3 3F 0 0 0
27 2 1 3 3F 0 0 0
11 157 1 8 8F 0 0 0
19 96 3 9 27F 0 0 0
48 100 3 3 9F 0 0 0
14 151 3 6 18F 0 0 0
35 114 3 3 9F 0 0 0
40 159 3 6 18F 0 0 0
47 45 1 10 10F 0 0 0
13 53 2 2 4F 0 0 0
32 1 3 2 6F 0 0 0
20 84 1 2 2F 0 0 0
16 107 3 7 21F 0 0 0
44 56 1 5 5F 0 0 0
41 26 1 7 7F 0 0 0
28 4 2 3 6F 0 0 0
43 142 1 6 6F 0 0 0
21 71 1 4 4F 0 0 0
33 117 3 7 21F 0 0 0
4 43 1 2 2F 0 0 0
7 132 1 6 6F 0 0 0
37 177 1 10 10F 0 0 0
41 172 3 1 3F 0 0 0
1 120 2 4 8F 0 0 0
15 95 1 3 3F 0 0 0
28 188 2 1 2F 0 0 0
16 138 3 8 24F 0 0 0
19 66 1 6 6F 0 0 0
39 110 3 2 6F 0 0 0
33 74 2 9 18F 0 0 0
32 70 2 4 8F 0 0 0
18 142 1 7 7F 0 0 0
14 131 2 5 10F 0 0 0
3 158 3 4 12F 0 0 0
15 164 3 6 18F 0 0 0
22 152 3 7 21F 0 0 0
14 40 3 7 21F 0 0 0
2 125 2 5 10F 0 0 0
37 131 2 2 4F 0 0 0
13 74 3 8 24F 0 0 0
28 189 1 4 4F 0 0 0
46 192 3 9 27F 0 0 0
26 126 3 5 15F 0 0 0
5 107 1 9 9F 0 0 0
9 31 2 8 16F 0 0 0
4 192 2 9 18F 0 0 0
13 195 1 9 9F 0 0 0
2 77 1 2 2F 0 0 0
19 45 2 10 20F 0 0 0
44 121 1 4 4F 0 0 0
32 39 3 30 30F 0 0 0
15 70 3 30 30F 0 0 0
39 85 3 8 24F 0 0 0
23 59 1 6 6F 0 0 0
23 188 3 1 3F 0 0 0
29 61 3 6 18F 0 0 0
25 68 2 4 8F 0 0 0
48 48 1 10 10F 0 0 0
28 62 3 2 6F 0 0 0
36 62 2 3 6F 0 0 0
31 183 1 6 6F 0 0 0
27 34 1 5 5F 0 0 0
37 199 3 30 30F 0 0 0
10 172 2 1 2F 0 0 0
39 33 1 8 8F 0 0 0
37 116 2 6 12F 0 0 0
46 88 1 6 6F 0 0 0
35 3 3 4 12F 0 0 0
29 84 2 10 20F 0 0 0
44 92 3 1 3F 0 0 0
18 127 2 2 4F 0 0 0
23 107 2 6 12F 0 0 0
46 49 1 3 3F 0 0 0
3 41 2 6 12F 0 0 0
2 105 2 7 14F 0 0 0
22 52 3 4 12F 0 0 0
21 148 2 5 10F 0 0 0
26 8 2 3 6F 0 0 0
40 47 1 3 3F 0 0 0
0 110 3 3 9F 0 0 0
21 56 3 6 18F 0 0 0
46 21 1 2 2F 0 0 0
6 107 2 8 16F 0 0 0
28 153 3 30 30F 0 0 0
33 0 1 8 8F 0 0 0
26 151 2 4 8F 0 0 0
44 25 3 1 3F 0 0 0
8 131 2 7 14F 0 0 0
46 24 2 2 4F 0 0 0
21 28 1 7 7F 0 0 0
27 190 2 3 6F 0 0 0
45 19 2 3 6F 0 0 0
41 42 3 4 12F 0 0 0
8 54 3 1 3F 0 0 0
29 6 3 6 18F 0 0 0
48 85 1 4 4F 0 0 0
23 67 2 6 12F 0 0 0
24 175 3 7 21F 0 0 0
40 161 2 5 10F 0 0 0
47 132 3 6 18F 0 0 0
30 87 2 7 14F 0 0 0
4 83 2 8 16F 0 0 0
18 93 3 6 18F 0 0 0
46 170 1 7 7F 0 0 0
6 173 3 7 21F 0 0 0
45 52 2 8 16F 0 0 0
0 190 1 7 7F 0 0 0
34 94 1 10 10F 0 0 0
45 88 2 10 20F 0 0 0
36 76 1 5 5F 0 0 0
36 157 3 4 12F 0 0 0
7 24 1 3 3F 0 0 0
29 176 3 1 3F 0 0 0
9 197 2 5 10F 0 0 0
34 40 2 6 12F 0 0 0
45 172 1 10 10F 0 0 0
36 169 2 9 18F 0 0 0
44 27 2 10 20F 0 0 0
30 144 2 3 6F 0 0 0
7 67 1 9 9F 0 0 0
26 97 2 2 4F 0 0 0
14 175 1 7 7F 0 0 0
13 184 3 2 6F 0 0 0
5 174 3 8 24F 0 0 0
9 129 2 9 18F 0 0 0
30 190 2 10 20F 0 0 0
49 191 3 30 30F 0 0 0
7 104 2 7 14F 0 0 0
0 73 3 3 9F 0 0 0
1 147 3 7 21F 0 0 0
46 137 3 6 18F 0 0 0
13 36 3 6 18F 0 0 0
20 103 2 2 4F 0 0 0
30 88 3 7 21F 0 0 0
43 182 1 7 7F 0 0 0
1 96 2 3 6F 0 0 0
28 96 2 7 14F 0 0 0
46 81 3 4 12F 0 0 0
20 10 1 6 6F 0 0 0
8 105 2 6 12F 0 0 0
23 50 3 8 24F 0 0 0
15 180 3 5 15F 0 0 0
4 144 1 6 6F 0 0 0
33 28 2 5 10F 0 0 0
38 45 1 5 5F 0 0 0
41 94 2 7 14F 0 0 0
28 46 3 9 27F 0 0 0
8 161 1 7 7F 0 0 0
9 176 1 4 4F 0 0 0
6 28 2 2 4F 0 0 0
0 97 2 10 20F 0 0 0
41 48 2 4 8F 0 0 0
2 78 2 6 12F 0 0 0
2 175 1 9 9F 0 0 0
8 126 1 5 5F 0 0 0
13 132 2 2 4F 0 0 0
16 113 1 9 9F 0 0 0
33 160 3 7 21F 0 0 0
10 80 2 5 10F 0 0 0
42 188 3 4 12F 0 0 0
10 118 3 2 6F 0 0 0
25 32 3 8 24F 0 0 0
7 112 3 5 15F 0 0 0
38 126 2 5 10F 0 0 0
5 0 1 6 6F 0 0 0
12 35 1 4 4F 0 0 0
18 90 3 3 9F 0 0 0
9 198 1 2 2F 0 0 0
33 140 1 5 5F 0 0 0
41 22 3 2 6F 0 0 0
30 39 3 9 27F 0 0 0
36 102 3 9 27F 0 0 0
29 154 2 3 6F 0 0 0
49 144 3 4 12F 0 0 0
33 123 1 5 5F 0 0 0
35 150 3 8 24F 0 0 0
33 40 1 7 7F 0 0 0
19 115 1 9 9F 0 0 0
7 58 3 6 18F 0 0 0
20 64 2 7 14F 0 0 0
20 65 1 9 9F 0 0 0
16 29 2 8 16F 0 0 0
37 157 2 7 14F 0 0 0
6 98 2 10 20F 0 0 0
2 63 3 3 9F 0 0 0
28 82 3 1 3F 0 0 0
17 75 1 6 6F 0 0 0
6 81 2 9 18F 0 0 0
2 158 2 3 6F 0 0 0
9 65 2 10 20F 0 0 0
5 123 3 7 21F 0 0 0
10 63 2 3 6F 0 0 0
13 121 2 3 6F 0 0 0
2 67 1 2 2F 0 0 0
16 151 1 4 4F 0 0 0
13 182 2 3 6F 0 0 0
47 131 1 5 5F 0 0 0
49 161 2 9 18F 0 0 0
3 101 2 9 18F 0 0 0
23 75 3 6 18F 0 0 0
7 142 3 5 15F 0 0 0
12 56 2 7 14F 0 0 0
22 191 1 2 2F 0 0 0
22 85 2 1 2F 0 0 0
20 113 1 3 3F 0 0 0
29 190 3 30 30F 0 0 0
31 5 1 5 5F 0 0 0
31 153 3 8 24F 0 0 0
1 12 2 6 12F 0 0 0
7 85 1 7 7F 0 0 0
14 130 2 1 2F 0 0 0
47 25 2 8 16F 0 0 0
30 181 3 8 24F 0 0 0
49 54 1 5 5F 0 0 0
43 86 3 3 9F 0 0 0
32 27 1 10 10F 0 0 0
14 193 2 2 4F 0 0 0
35 136 1 8 8F 0 0 0
39 164 3 7 21F 0 0 0
3 94 3 30 30F 0 0 0
5 34 3 4 12F 0 0 0
40 74 2 3 6F 0 0 0
32 171 2 8 16F 0 0 0
26 196 3 7 21F 0 0 0
1 140 1 7 7F 0 0 0
30 13 2 6 12F 0 0 0
33 196 3 5 15F 0 0 0
7 0 3 7 21F 0 0 0
3 199 2 9 18F 0 0 0
28 17 1 7 7F 0 0 0
18 159 2 8 16F 0 0 0
25 74 3 5 15F 0 0 0
42 122 3 30 30F 0 0 0
11 59 1 2 2F 0 0 0
11 89 1 6 6F 0 0 0
29 155 2 8 16F 0 0 0
11 29 2 7 14F 0 0 0
23 152 1 10 10F 0 0 0
16 193 2 8 16F 0 0 0
28 52 3 4 12F 0 0 0
24 38 3 7 21F 0 0 0
11 0 1 7 7F 0 0 0
5 140 2 3 6F 0 0 0
21 184 1 7 7F 0 0 0
21 192 1 6 6F 0 0 0
32 9 2 9 18F 0 0 0
30 157 2 9 18F 0 0 0
11 179 2 1 2F 0 0 0
6 124 3 3 9F 0 0 0
1 167 2 9 18F 0 0 0
22 129 1 9 9F 0 0 0
35 33 2 4 8F 0 0 0
28 117 1 6 6F 0 0 0
46 118 3 9 27F 0 0 0
11 126 2 10 20F 0 0 0
45 126 3 1 3F 0 0 0
9 48 3 8 24F 0 0 0
22 65 1 7 7F 0 0 0
34 133 2 9 18F 0 0 0
30 161 2 3 6F 0 0 0
23 183 3 6 18F 0 0 0
12 60 3 2 6F 0 0 0
48 163 2 2 4F 0 0 0
10 6 2 7 14F 0 0 0
17 1 1 10 10F 0 0 0
45 161 2 6 12F 0 0 0
1 183 2 10 20F 0 0 0
44 40 3 8 24F 0 0 0
28 44 2 1 2F 0 0 0
7 8 1 3 3F 0 0 0
16 70 3 1 3F 0 0 0
45 32 1 3 3F 0 0 0
23 130 2 6 12F 0 0 0
24 150 1 10 10F 0 0 0
3 110 2 2 4F 0 0 0
31 169 3 2 6F 0 0 0
49 148 1 7 7F 0 0 0
3 70 2 2 4F 0 0 0
23 178 2 3 6F 0 0 0
7 127 1 9 9F 0 0 0
35 157 2 10 20F 0 0 0
23 131 3 1 3F 0 0 0
37 115 3 3 9F 0 0 0
41 190 3 1 3F 0 0 0
13 9 3 4 12F 0 0 0
40 3 1 4 4F 0 0 0
48 183 1 10 10F 0 0 0
48 56 1 8 8F 0 0 0
18 49 3 30 30F 0 0 0
16 64 1 8 8F 0 0 0
32 130 3 3 9F 0 0 0
22 169 3 1 3F 0 0 0
21 179 3 9 27F 0 0 0
33 70 2 2 4F 0 0 0
26 9 1 3 3F 0 0 0
43 123 3 7 21F 0 0 0
8 170 1 6 6F 0 0 0
30 91 1 6 6F 0 0 0
42 6 3 8 24F 0 0 0
25 146 1 3 3F 0 0 0
1 133 2 7 14F 0 0 0
39 177 1 10 10F 0 0 0
39 188 1 4 4F 0 0 0
37 181 2 1 2F 0 0 0
47 26 3 4 12F 0 0 0
6 170 2 7 14F 0 0 0
8 190 2 8 16F 0 0 0
3 193 3 30 30F 0 0 0
34 187 2 10 20F 0 0 0
25 48 1 2 2F 0 0 0
2 123 2 8 16F 0 0 0
37 77 1 7 7F 0 0 0
39 2 2 5 10F 0 0 0
24 186 3 4 12F 0 0 0
45 188 3 9 27F 0 0 0
27 187 1 7 7F 0 0 0
5 61 3 1 3F 0 0 0
7 124 2 8 16F 0 0 0
38 92 2 9 18F 0 0 0
31 176 1 2 2F 0 0 0
47 146 1 7 7F 0 0 0
49 193 1 3 3F 0 0 0
38 136 1 2 2F 0 0 0
6 167 1 9 9F 0 0 0
17 88 3 7 21F 0 0 0
18 98 1 6 6F 0 0 0
26 82 2 8 16F 0 0 0
11 178 3 2 6F 0 0 0
31 136 1 9 9F 0 0 0
26 32 1 9 9F 0 0 0
23 33 2 6 12F 0 0 0
16 145 3 1 3F 0 0 0
13 162 3 3 9F 0 0 0
4 73 2 3 6F 0 0 0
5 125 3 9 27F 0 0 0
26 140 3 9 27F 0 0 0
30 187 3 2 6F 0 0 0
43 1 2 10 20F 0 0 0
41 2 3 6 18F 0 0 0
40 70 2 8 16F 0 0 0
24 162 1 10 10F 0 0 0
2 176 1 9 9F 0 0 0
34 90 1 10 10F 0 0 0
36 147 1 2 2F 0 0 0
13 163 3 7 21F 0 0 0
37 161 1 3 3F 0 0 0
27 66 3 5 15F 0 0 0
37 70 3 4 12F 0 0 0
16 61 1 3 3F 0 0 0
2 122 2 6 12F 0 0 0
23 160 3 4 12F 0 0 0
3 195 3 9 27F 0 0 0
43 103 2 4 8F 0 0 0
5 182 1 10 10F 0 0 0
17 103 3 8 24F 0 0 0
39 133 2 7 14F 0 0 0
0 130 2 2 4F 0 0 0
17 123 3 4 12F 0 0 0
23 165 3 7 21F 0 0 0
26 195 1 5 5F 0 0 0
43 105 3 8 24F 0 0 0
43 71 3 1 3F 0 0 0
33 94 1 3 3F 0 0 0
13 187 1 3 3F 0 0 0
9 119 3 7 21F 0 0 0
33 110 3 3 9F 0 0 0
21 175 2 1 2F 0 0 0
43 110 1 6 6F 0 0 0
31 182 2 7 14F 0 0 0
18 92 1 6 6F 0 0 0
0 186 2 2 4F 0 0 0
9 89 3 6 18F 0 0 0
11 169 2 4 8F 0 0 0
24 105 3 30 30F 0 0 0
41 27 1 10 10F 0 0 0
49 19 1 8 8F 0 0 0
16 14 1 3 3F 0 0 0
16 72 2 5 10F 0 0 0
11 151 3 1 3F 0 0 0
37 33 3 3 9F 0 0 0
43 138 3 5 15F 0 0 0
48 54 1 3 3F 0 0 0
23 83 3 2 6F 0 0 0
26 178 1 4 4F 0 0 0
37 155 3 4 12F 0 0 0
28 95 3 5 15F 0 0 0
11 86 2 8 16F 0 0 0
19 186 3 5 15F 0 0 0
43 6 1 10 10F 0 0 0
36 61 2 5 10F 0 0 0
7 175 2 2 4F 0 0 0
42 184 3 8 24F 0 0 0
44 125 1 4 4F 0 0 0
13 76 2 6 12F 0 0 0
7 9 2 10 20F 0 0 0
12 181 1 9 9F 0 0 0
15 111 1 5 5F 0 0 0
18 33 1 2 2F 0 0 0
41 150 2 1 2F 0 0 0
49 16 1 6 6F 0 0 0
31 44 2 7 14F 0 0 0
11 136 1 8 8F 0 0 0
30 101 3 5 15F 0 0 0
34 145 3 7 21F 0 0 0
14 17 3 8 24F 0 0 0
16 169 1 10 10F 0 0 0
39 51 1 7 7F 0 0 0
7 144 1 8 8F 0 0 0
7 136 1 2 2F 0 0 0
16 140 3 1 3F 0 0 0
35 18 1 5 5F 0 0 0
45 26 1 7 7F 0 0 0
47 105 1 3 3F 0 0 0
24 174 2 2 4F 0 0 0
21 142 3 9 27F 0 0 0
0 107 1 10 10F 0 0 0
18 105 1 7 7F 0 0 0
26 161 3 8 24F 0 0 0
38 114 2 10 20F 0 0 0
8 135 3 1 3F 0 0 0
44 194 3 30 30F 0 0 0
44 5 3 30 30F 0 0 0
48 53 1 7 7F 0 0 0
5 166 2 4 8F 0 0 0
4 136 2 3 6F 0 0 0
16 17 2 8 16F 0 0 0
16 195 3 9 27F 0 0 0
26 109 1 7 7F 0 0 0
16 196 3 5 15F 0 0 0
31 150 2 5 10F 0 0 0
29 20 3 7 21F 0 0 0
13 11 2 3 6F 0 0 0
11 64 1 5 5F 0 0 0
46 178 1 6 6F 0 0 0
21 86 1 5 5F 0 0 0
5 53 1 4 4F 0 0 0
31 134 3 30 30F 0 0 0
30 26 3 5 15F 0 0 0
11 191 3 5 15F 0 0 0
15 40 2 2 4F 0 0 0
38 137 3 3 9F 0 0 0
42 160 2 7 14F 0 0 0
3 15 2 5 10F 0 0 0
47 6 1 9 9F 0 0 0
28 54 1 10 10F 0 0 0
19 43 3 8 24F 0 0 0
8 15 3 6 18F 0 0 0
33 109 1 8 8F 0 0 0
17 21 3 30 30F 0 0 0
32 17 3 8 24F 0 0 0
7 1 3 3 9F 0 0 0
13 125 3 2 6F 0 0 0
33 136 1 10 10F 0 0 0
32 172 2 1 2F 0 0 0
28 64 3 4 12F 0 0 0
13 102 2 1 2F 0 0 0
49 102 3 9 27F 0 0 0
46 10 3 8 24F 0 0 0
2 9 1 4 4F 0 0 0
47 59 2 7 14F 0 0 0
35 1 2 10 20F 0 0 0
30 112 1 9 9F 0 0 0
6 84 1 7 7F 0 0 0
21 120 1 10 10F 0 0 0
5 180 1 5 5F 0 0 0
34 29 1 4 4F 0 0 0
27 13 1 7 7F 0 0 0
31 190 1 10 10F 0 0 0
42 145 2 6 12F 0 0 0
40 196 3 30 30F 0 0 0
31 32 1 8 8F 0 0 0
10 170 2 8 16F 0 0 0
46 38 1 3 3F 0 0 0
6 66 2 7 14F 0 0 0
40 22 2 10 20F 0 0 0
4 62 2 8 16F 0 0 0
41 8 3 6 18F 0 0 0
43 93 3 9 27F 0 0 0
49 5 3 6 18F 0 0 0
1 61 1 6 6F 0 0 0
38 118 3 6 18F 0 0 0
15 154 1 8 8F 0 0 0
41 80 2 10 20F 0 0 0
12 61 1 10 10F 0 0 0
36 173 3 6 18F 0 0 0
41 131 3 5 15F 0 0 0
32 91 1 5 5F 0 0 0
14 158 3 5 15F 0 0 0
25 195 1 8 8F 0 0 0
1 173 3 7 21F 0 0 0
1 121 3 8 24F 0 0 0
10 40 1 3 3F 0 0 0
17 182 1 10 10F 0 0 0
2 112 3 4 12F 0 0 0
25 119 2 5 10F 0 0 0
40 55 2 9 18F 0 0 0
9 15 3 3 9F 0 0 0
49 139 2 9 18F 0 0 0
11 40 3 1 3F 0 0 0
24 111 3 3 9F 0 0 0
30 137 3 8 24F 0 0 0
36 108 1 4 4F 0 0 0
45 71 3 1 3F 0 0 0
43 26 1 10 10F 0 0 0
3 98 1 10 10F 0 0 0
36 133 2 9 18F 0 0 0
39 132 2 8 16F 0 0 0
24 22 2 7 14F 0 0 0
45 142 1 9 9F 0 0 0
44 140 3 5 15F 0 0 0
31 145 2 2 4F 0 0 0
45 197 1 8 8F 0 0 0
41 36 2 9 18F 0 0 0
21 64 2 3 6F 0 0 0
24 116 3 3 9F 0 0 0
13 189 1 10 10F 0 0 0
1 55 3 9 27F 0 0 0
3 117 1 2 2F 0 0 0
6 159 2 10 20F 0 0 0
0 66 2 7 14F 0 0 0
22 105 3 8 24F 0 0 0
16 67 2 2 4F 0 0 0
0 92 3 4 12F 0 0 0
1 191 3 1 3F 0 0 0
23 39 3 4 12F 0 0 0
26 121 1 4 4F 0 0 0
16 137 3 7 21F 0 0 0
45 65 3 7 21F 0 0 0
5 158 1 9 9F 0 0 0
32 177 3 4 12F 0 0 0
49 56 2 5 10F 0 0 0
19 171 2 7 14F 0 0 0
1 9 2 4 8F 0 0 0
46 126 3 9 27F 0 0 0
17 29 2 6 12F 0 0 0
9 41 2 3 6F 0 0 0
2 43 1 10 10F 0 0 0
18 22 2 5 10F 0 0 0
31 10 3 8 24F 0 0 0
21 53 1 8 8F 0 0 0
29 156 3 7 21F 0 0 0
40 102 2 2 4F 0 0 0
14 65 2 4 8F 0 0 0
20 195 3 8 24F 0 0 0
15 142 3 4 12F 0 0 0
49 186 3 30 30F 0 0 0
2 193 2 8 16F 0 0 0
35 145 3 8 24F 0 0 0
35 130 3 2 6F 0 0 0
47 15 1 6 6F 0 0 0
0 15 1 9 9F 0 0 0
3 133 1 4 4F 0 0 0
41 177 2 9 18F 0 0 0
29 32 2 3 6F 0 0 0
15 107 1 4 4F 0 0 0
26 129 1 5 5F 0 0 0
22 14 2 4 8F 0 0 0
23 190 2 10 20F 0 0 0
44 15 2 1 2F 0 0 0
19 111 3 6 18F 0 0 0
10 34 3 1 3F 0 0 0
17 56 2 3 6F 0 0 0
30 4 1 9 9F 0 0 0
5 192 1 4 4F 0 0 0
1 134 1 8 8F 0 0 0
42 161 1 6 6F 0 0 0
35 179 3 9 27F 0 0 0
11 21 1 8 8F 0 0 0
37 132 1 2 2F 0 0 0
49 95 2 9 18F 0 0 0
45 75 2 2 4F 0 0 0
25 188 2 7 14F 0 0 0
41 57 2 4 8F 0 0 0
24 172 1 10 10F 0 0 0
18 158 2 4 8F 0 0 0
1 152 3 9 27F 0 0 0
1 42 3 8 24F 0 0 0
44 162 3 9 27F 0 0 0
3 20 2 6 12F 0 0 0
3 159 1 7 7F 0 0 0
27 175 1 10 10F 0 0 0
19 116 3 9 27F 0 0 0
1 132 2 7 14F 0 0 0
7 20 2 3 6F 0 0 0
42 100 3 9 27F 0 0 0
3 146 2 7 14F 0 0 0
14 154 3 4 12F 0 0 0
6 71 3 5 15F 0 0 0
49 154 3 9 27F 0 0 0
8 26 2 8 16F 0 0 0
41 133 2 2 4F 0 0 0
46 157 1 4 4F 0 0 0
38 87 3 2 6F 0 0 0
44 160 2 4 8F 0 0 0
41 119 2 5 10F 0 0 0
5 98 1 2 2F 0 0 0
11 47 1 3 3F 0 0 0
34 172 3 1 3F 0 0 0
12 10 1 9 9F 0 0 0
42 31 1 5 5F 0 0 0
44 139 2 4 8F 0 0 0
23 100 2 2 4F 0 0 0
12 75 3 7 21F 0 0 0
34 54 3 9 27F 0 0 0
33 131 2 8 16F 0 0 0
19 56 3 6 18F 0 0 0
5 186 2 10 20F 0 0 0
46 165 2 9 18F 0 0 0
28 145 2 9 18F 0 0 0
45 40 2 10 20F 0 0 0
20 166 1 7 7F 0 0 0
36 122 1 3 3F 0 0 0
40 30 3 1 3F 0 0 0
6 113 2 6 12F 0 0 0
12 77 3 5 15F 0 0 0
13 159 1 5 5F 0 0 0
41 174 1 9 9F 0 0 0
7 158 3 8 24F 0 0 0
17 28 2 6 12F 0 0 0
17 49 2 7 14F 0 0 0
6 38 2 9 18F 0 0 0
30 67 3 4 12F 0 0 0
1 124 3 8 24F 0 0 0
22 45 3 3 9F 0 0 0
24 79 3 8 24F 0 0 0
13 136 1 3 3F 0 0 0
15 115 3 30 30F 0 0 0
40 148 2 8 16F 0 0 0
42 185 2 2 4F 0 0 0
24 176 2 3 6F 0 0 0
48 131 3 1 3F 0 0 0
49 29 1 3 3F 0 0 0
37 16 1 7 7F 0 0 0
27 8 1 10 10F 0 0 0
14 179 2 1 2F 0 0 0
28 89 3 5 15F 0 0 0
32 55 1 5 5F 0 0 0
34 86 2 8 16F 0 0 0
5 62 1 4 4F 0 0 0
28 21 2 7 14F 0 0 0
27 101 1 10 10F 0 0 0
42 56 1 5 5F 0 0 0
42 93 2 9 18F 0 0 0
39 117 2 9 18F 0 0 0
29 161 1 5 5F 0 0 0
40 162 2 4 8F 0 0 0
13 119 2 6 12F 0 0 0
20 34 2 1 2F 0 0 0
16 2 1 7 7F 0 0 0
43 119 2 1 2F 0 0 0
17 17 3 7 21F 0 0 0
21 26 2 7 14F 0 0 0
34 126 1 9 9F 0 0 0
43 80 1 3 3F 0 0 0
24 32 3 7 21F 0 0 0
29 160 3 1 3F 0 0 0
49 146 3 4 12F 0 0 0
19 73 1 10 10F 0 0 0
11 43 1 8 8F 0 0 0
20 19 2 6 12F 0 0 0
10 147 1 9 9F 0 0 0
7 194 2 7 14F 0 0 0
42 52 3 9 27F 0 0 0
38 43 1 2 2F 0 0 0
19 117 2 2 4F 0 0 0
3 48 1 9 9F 0 0 0
9 167 2 8 16F 0 0 0
10 1 1 10 10F 0 0 0
1 21 3 2 6F 0 0 0
48 107 1 4 4F 0 0 0
30 20 3 3 9F 0 0 0
22 95 3 7 21F 0 0 0
44 77 1 4 4F 0 0 0
1 103 3 8 24F 0 0 0
23 21 2 4 8F 0 0 0
17 37 2 4 8F 0 0 0
28 136 1 6 6F 0 0 0
35 7 2 10 20F 0 0 0
8 100 3 3 9F 0 0 0
46 28 1 2 2F 0 0 0
16 1 1 10 10F 0 0 0
3 139 3 30 30F 0 0 0
24 156 3 8 24F 0 0 0
3 28 2 5 10F 0 0 0
22 88 1 10 10F 0 0 0
40 163 1 4 4F 0 0 0
29 175 3 2 6F 0 0 0
12 143 1 7 7F 0 0 0
16 71 2 9 18F 0 0 0
