1024
191 204 15 4 Name 0 0 0
1984 1844 16 4 Name 0 0 0
1525 1892 13 4 Name 0 0 0
340 855 11 4 Name 0 0 0
1365 232 13 4 Name 0 0 0
47 230 15 4 Name 0 0 0
309 2014 10 4 Name 0 0 0
451 69 14 4 Name 0 0 0
1248 754 16 4 Name 0 0 0
1334 1216 8 4 Name 0 0 0
544 648 15 4 Name 0 0 0
208 824 9 4 Name 0 0 0
1088 1727 15 4 Name 0 0 0
1334 884 15 4 Name 0 0 0
429 1081 9 4 Name 0 0 0
468 2019 12 4 Name 0 0 0
577 424 15 4 Name 0 0 0
62 1953 15 4 Name 0 0 0
933 1404 9 4 Name 0 0 0
744 781 12 4 Name 0 0 0
1688 874 11 4 Name 0 0 0
1473 610 9 4 Name 0 0 0
210 784 12 4 Name 0 0 0
123 771 8 4 Name 0 0 0
1967 2030 10 4 Name 0 0 0
2009 609 14 4 Name 0 0 0
336 1116 15 4 Name 0 0 0
1157 1889 14 4 Name 0 0 0
264 34 9 4 Name 0 0 0
414 1140 11 4 Name 0 0 0
43 1349 12 4 Name 0 0 0
2020 209 11 4 Name 0 0 0
1079 401 15 4 Name 0 0 0
1012 580 12 4 Name 0 0 0
311 654 9 4 Name 0 0 0
927 299 10 4 Name 0 0 0
483 139 10 4 Name 0 0 0
1993 1715 10 4 Name 0 0 0
1802 944 11 4 Name 0 0 0
406 1581 12 4 Name 0 0 0
193 830 16 4 Name 0 0 0
1363 1917 13 4 Name 0 0 0
45 895 14 4 Name 0 0 0
659 618 16 4 Name 0 0 0
791 559 11 4 Name 0 0 0
1211 283 9 4 Name 0 0 0
1638 504 11 4 Name 0 0 0
95 1044 9 4 Name 0 0 0
1703 749 11 4 Name 0 0 0
1958 1043 11 4 Name 0 0 0
1692 332 11 4 Name 0 0 0
1628 154 9 4 Name 0 0 0
491 907 15 4 Name 0 0 0
1240 595 10 4 Name 0 0 0
1868 422 14 4 Name 0 0 0
609 648 10 4 Name 0 0 0
1538 140 14 4 Name 0 0 0
1012 1339 12 4 Name 0 0 0
1444 192 11 4 Name 0 0 0
1608 1998 13 4 Name 0 0 0
559 1683 9 4 Name 0 0 0
1841 496 15 4 Name 0 0 0
1018 1938 14 4 Name 0 0 0
180 1647 16 4 Name 0 0 0
835 1741 9 4 Name 0 0 0
1727 422 13 4 Name 0 0 0
48 576 12 4 Name 0 0 0
903 453 13 4 Name 0 0 0
1002 990 12 4 Name 0 0 0
736 899 12 4 Name 0 0 0
422 568 12 4 Name 0 0 0
85 1292 13 4 Name 0 0 0
1631 1004 9 4 Name 0 0 0
1698 1153 8 4 Name 0 0 0
1090 833 16 4 Name 0 0 0
1780 454 9 4 Name 0 0 0
14 1849 11 4 Name 0 0 0
156 152 9 4 Name 0 0 0
17 834 10 4 Name 0 0 0
913 842 16 4 Name 0 0 0
1545 767 8 4 Name 0 0 0
1688 1256 15 4 Name 0 0 0
493 544 12 4 Name 0 0 0
153 1128 15 4 Name 0 0 0
1683 2038 16 4 Name 0 0 0
953 174 12 4 Name 0 0 0
809 2 11 4 Name 0 0 0
4 1001 10 4 Name 0 0 0
750 1900 15 4 Name 0 0 0
830 1835 13 4 Name 0 0 0
816 1689 12 4 Name 0 0 0
769 321 15 4 Name 0 0 0
1684 1125 16 4 Name 0 0 0
413 918 11 4 Name 0 0 0
653 529 9 4 Name 0 0 0
678 1983 8 4 Name 0 0 0
1977 1649 15 4 Name 0 0 0
1977 1949 10 4 Name 0 0 0
916 1559 13 4 Name 0 0 0
1072 1277 11 4 Name 0 0 0
171 1815 11 4 Name 0 0 0
1778 21 12 4 Name 0 0 0
1097 695 13 4 Name 0 0 0
1023 450 11 4 Name 0 0 0
1987 1427 15 4 Name 0 0 0
1272 172 13 4 Name 0 0 0
1369 875 13 4 Name 0 0 0
1842 1146 9 4 Name 0 0 0
1305 451 15 4 Name 0 0 0
49 1302 9 4 Name 0 0 0
68 322 9 4 Name 0 0 0
723 1972 9 4 Name 0 0 0
22 125 11 4 Name 0 0 0
950 1247 9 4 Name 0 0 0
522 103 16 4 Name 0 0 0
1900 1618 10 4 Name 0 0 0
818 677 10 4 Name 0 0 0
1957 198 8 4 Name 0 0 0
1786 384 10 4 Name 0 0 0
1639 1792 15 4 Name 0 0 0
655 159 15 4 Name 0 0 0
352 834 15 4 Name 0 0 0
1030 1858 10 4 Name 0 0 0
1873 692 12 4 Name 0 0 0
894 1683 11 4 Name 0 0 0
1730 1717 16 4 Name 0 0 0
831 428 16 4 Name 0 0 0
859 1462 9 4 Name 0 0 0
1205 220 12 4 Name 0 0 0
247 1967 9 4 Name 0 0 0
68 306 10 4 Name 0 0 0
1313 1963 15 4 Name 0 0 0
1166 1795 10 4 Name 0 0 0
997 704 12 4 Name 0 0 0
1429 1767 9 4 Name 0 0 0
971 660 12 4 Name 0 0 0
798 572 12 4 Name 0 0 0
1770 974 13 4 Name 0 0 0
664 1632 12 4 Name 0 0 0
508 1885 13 4 Name 0 0 0
398 1823 13 4 Name 0 0 0
210 1495 12 4 Name 0 0 0
382 1690 10 4 Name 0 0 0
914 1957 9 4 Name 0 0 0
1399 379 13 4 Name 0 0 0
856 56 16 4 Name 0 0 0
766 804 14 4 Name 0 0 0
1398 1668 14 4 Name 0 0 0
2042 376 11 4 Name 0 0 0
1755 388 10 4 Name 0 0 0
74 1211 11 4 Name 0 0 0
1061 932 15 4 Name 0 0 0
1558 872 9 4 Name 0 0 0
1911 706 12 4 Name 0 0 0
1786 563 10 4 Name 0 0 0
336 769 12 4 Name 0 0 0
1161 1548 13 4 Name 0 0 0
1382 1168 13 4 Name 0 0 0
177 1613 15 4 Name 0 0 0
130 254 10 4 Name 0 0 0
484 82 15 4 Name 0 0 0
116 1147 9 4 Name 0 0 0
858 276 16 4 Name 0 0 0
1916 277 13 4 Name 0 0 0
3 1367 15 4 Name 0 0 0
834 1710 15 4 Name 0 0 0
147 340 10 4 Name 0 0 0
1284 241 12 4 Name 0 0 0
1524 36 11 4 Name 0 0 0
1970 1654 13 4 Name 0 0 0
98 2017 11 4 Name 0 0 0
1042 384 14 4 Name 0 0 0
431 509 14 4 Name 0 0 0
639 1400 13 4 Name 0 0 0
261 1472 14 4 Name 0 0 0
959 1082 13 4 Name 0 0 0
655 1702 12 4 Name 0 0 0
729 219 9 4 Name 0 0 0
1877 1016 15 4 Name 0 0 0
1328 1435 12 4 Name 0 0 0
1034 1294 12 4 Name 0 0 0
673 1575 15 4 Name 0 0 0
983 1367 13 4 Name 0 0 0
1903 1405 13 4 Name 0 0 0
1041 449 11 4 Name 0 0 0
1614 1578 13 4 Name 0 0 0
1 1801 11 4 Name 0 0 0
37 856 10 4 Name 0 0 0
1585 1631 15 4 Name 0 0 0
1695 1561 8 4 Name 0 0 0
1939 1360 14 4 Name 0 0 0
1522 398 13 4 Name 0 0 0
97 1019 13 4 Name 0 0 0
447 35 13 4 Name 0 0 0
71 845 12 4 Name 0 0 0
1999 385 16 4 Name 0 0 0
1396 1823 14 4 Name 0 0 0
1630 1307 10 4 Name 0 0 0
878 1466 14 4 Name 0 0 0
1163 258 10 4 Name 0 0 0
573 317 8 4 Name 0 0 0
75 476 15 4 Name 0 0 0
1082 1789 8 4 Name 0 0 0
1168 1245 14 4 Name 0 0 0
401 2029 14 4 Name 0 0 0
1162 1068 11 4 Name 0 0 0
560 1876 11 4 Name 0 0 0
2047 950 13 4 Name 0 0 0
43 4 10 4 Name 0 0 0
883 1118 10 4 Name 0 0 0
132 726 15 4 Name 0 0 0
707 1865 10 4 Name 0 0 0
1338 497 14 4 Name 0 0 0
1839 1625 11 4 Name 0 0 0
769 141 9 4 Name 0 0 0
299 1980 16 4 Name 0 0 0
423 1605 15 4 Name 0 0 0
1225 258 11 4 Name 0 0 0
798 1911 13 4 Name 0 0 0
1453 1696 16 4 Name 0 0 0
1458 2029 13 4 Name 0 0 0
1725 1923 14 4 Name 0 0 0
40 723 15 4 Name 0 0 0
1922 1186 10 4 Name 0 0 0
945 1171 11 4 Name 0 0 0
981 856 14 4 Name 0 0 0
80 1393 11 4 Name 0 0 0
1860 1985 9 4 Name 0 0 0
1498 1286 14 4 Name 0 0 0
769 1795 9 4 Name 0 0 0
2041 2022 15 4 Name 0 0 0
903 968 15 4 Name 0 0 0
595 1395 13 4 Name 0 0 0
1788 1783 14 4 Name 0 0 0
838 450 13 4 Name 0 0 0
944 284 8 4 Name 0 0 0
1805 985 9 4 Name 0 0 0
1522 1569 9 4 Name 0 0 0
1555 31 12 4 Name 0 0 0
1895 34 14 4 Name 0 0 0
348 886 12 4 Name 0 0 0
185 981 13 4 Name 0 0 0
333 1764 14 4 Name 0 0 0
665 1216 15 4 Name 0 0 0
242 1366 12 4 Name 0 0 0
1495 1380 16 4 Name 0 0 0
1426 1279 14 4 Name 0 0 0
942 1628 9 4 Name 0 0 0
1957 476 11 4 Name 0 0 0
1819 138 8 4 Name 0 0 0
121 1807 16 4 Name 0 0 0
916 1714 14 4 Name 0 0 0
1146 797 14 4 Name 0 0 0
193 816 14 4 Name 0 0 0
518 1342 10 4 Name 0 0 0
2029 629 12 4 Name 0 0 0
1614 1786 14 4 Name 0 0 0
1802 1083 16 4 Name 0 0 0
852 1246 11 4 Name 0 0 0
66 967 12 4 Name 0 0 0
1267 1932 15 4 Name 0 0 0
487 1294 10 4 Name 0 0 0
497 1461 10 4 Name 0 0 0
1912 1409 10 4 Name 0 0 0
1786 1866 12 4 Name 0 0 0
1401 1672 9 4 Name 0 0 0
1539 1958 13 4 Name 0 0 0
904 689 16 4 Name 0 0 0
1524 1616 9 4 Name 0 0 0
74 907 11 4 Name 0 0 0
70 1366 16 4 Name 0 0 0
1365 417 13 4 Name 0 0 0
1452 664 14 4 Name 0 0 0
1658 1084 11 4 Name 0 0 0
933 366 12 4 Name 0 0 0
999 367 10 4 Name 0 0 0
1987 578 12 4 Name 0 0 0
200 1638 13 4 Name 0 0 0
708 1902 11 4 Name 0 0 0
1855 1867 11 4 Name 0 0 0
212 1634 11 4 Name 0 0 0
270 145 15 4 Name 0 0 0
570 531 9 4 Name 0 0 0
67 1187 11 4 Name 0 0 0
830 1710 16 4 Name 0 0 0
1004 1312 12 4 Name 0 0 0
2040 570 14 4 Name 0 0 0
1504 672 11 4 Name 0 0 0
600 1288 13 4 Name 0 0 0
1129 1118 10 4 Name 0 0 0
295 1599 10 4 Name 0 0 0
109 1810 9 4 Name 0 0 0
19 896 14 4 Name 0 0 0
1373 1852 15 4 Name 0 0 0
1905 24 11 4 Name 0 0 0
178 885 13 4 Name 0 0 0
791 199 9 4 Name 0 0 0
814 565 13 4 Name 0 0 0
956 1002 15 4 Name 0 0 0
1881 1050 10 4 Name 0 0 0
1495 593 10 4 Name 0 0 0
1650 1316 16 4 Name 0 0 0
1274 1481 15 4 Name 0 0 0
233 1381 9 4 Name 0 0 0
376 945 13 4 Name 0 0 0
323 340 14 4 Name 0 0 0
473 962 10 4 Name 0 0 0
1084 18 11 4 Name 0 0 0
82 1476 10 4 Name 0 0 0
1402 979 9 4 Name 0 0 0
1837 176 15 4 Name 0 0 0
1135 1785 12 4 Name 0 0 0
1762 12 13 4 Name 0 0 0
614 1262 15 4 Name 0 0 0
1252 544 15 4 Name 0 0 0
1333 1756 8 4 Name 0 0 0
1144 1696 9 4 Name 0 0 0
854 865 11 4 Name 0 0 0
832 317 13 4 Name 0 0 0
1816 1014 12 4 Name 0 0 0
1278 679 16 4 Name 0 0 0
1371 997 11 4 Name 0 0 0
1663 745 9 4 Name 0 0 0
4 1141 13 4 Name 0 0 0
1176 1519 8 4 Name 0 0 0
1071 543 15 4 Name 0 0 0
730 1098 14 4 Name 0 0 0
1112 1222 13 4 Name 0 0 0
985 1012 15 4 Name 0 0 0
1755 292 13 4 Name 0 0 0
657 739 8 4 Name 0 0 0
1778 423 9 4 Name 0 0 0
1320 1008 15 4 Name 0 0 0
1583 1289 13 4 Name 0 0 0
906 1821 12 4 Name 0 0 0
1345 1459 12 4 Name 0 0 0
1719 2003 16 4 Name 0 0 0
1486 939 15 4 Name 0 0 0
1649 1967 12 4 Name 0 0 0
1250 1392 14 4 Name 0 0 0
1682 901 11 4 Name 0 0 0
512 1740 8 4 Name 0 0 0
770 381 15 4 Name 0 0 0
1742 101 8 4 Name 0 0 0
881 506 15 4 Name 0 0 0
1302 129 12 4 Name 0 0 0
232 348 11 4 Name 0 0 0
857 484 14 4 Name 0 0 0
1890 1206 16 4 Name 0 0 0
727 1753 10 4 Name 0 0 0
467 466 16 4 Name 0 0 0
429 1377 16 4 Name 0 0 0
1513 1016 15 4 Name 0 0 0
765 1801 10 4 Name 0 0 0
694 954 13 4 Name 0 0 0
24 518 8 4 Name 0 0 0
487 71 11 4 Name 0 0 0
1372 175 15 4 Name 0 0 0
36 714 14 4 Name 0 0 0
774 747 10 4 Name 0 0 0
308 1458 13 4 Name 0 0 0
1072 152 9 4 Name 0 0 0
1891 1282 10 4 Name 0 0 0
1418 1358 15 4 Name 0 0 0
1430 1477 13 4 Name 0 0 0
1848 913 10 4 Name 0 0 0
179 572 15 4 Name 0 0 0
1758 1934 9 4 Name 0 0 0
225 1186 16 4 Name 0 0 0
1170 1790 16 4 Name 0 0 0
1412 928 11 4 Name 0 0 0
197 1552 14 4 Name 0 0 0
1107 1993 12 4 Name 0 0 0
764 888 9 4 Name 0 0 0
910 683 10 4 Name 0 0 0
425 988 13 4 Name 0 0 0
1996 1686 9 4 Name 0 0 0
740 1095 11 4 Name 0 0 0
1615 741 16 4 Name 0 0 0
1506 121 12 4 Name 0 0 0
688 1508 8 4 Name 0 0 0
1726 1096 8 4 Name 0 0 0
1217 1549 9 4 Name 0 0 0
1144 1539 12 4 Name 0 0 0
255 246 10 4 Name 0 0 0
1215 1857 8 4 Name 0 0 0
1065 1097 16 4 Name 0 0 0
1662 10 15 4 Name 0 0 0
478 941 11 4 Name 0 0 0
4 112 13 4 Name 0 0 0
1709 1596 11 4 Name 0 0 0
51 1552 13 4 Name 0 0 0
925 101 9 4 Name 0 0 0
384 1174 15 4 Name 0 0 0
1671 486 10 4 Name 0 0 0
1398 136 10 4 Name 0 0 0
696 1594 16 4 Name 0 0 0
1048 907 10 4 Name 0 0 0
19 660 12 4 Name 0 0 0
1827 2 12 4 Name 0 0 0
295 1152 10 4 Name 0 0 0
1097 18 11 4 Name 0 0 0
975 1530 11 4 Name 0 0 0
182 1375 14 4 Name 0 0 0
997 1806 10 4 Name 0 0 0
666 1979 12 4 Name 0 0 0
1828 77 9 4 Name 0 0 0
1713 601 15 4 Name 0 0 0
661 1613 11 4 Name 0 0 0
96 1162 15 4 Name 0 0 0
39 687 9 4 Name 0 0 0
1683 852 12 4 Name 0 0 0
825 921 9 4 Name 0 0 0
1249 586 11 4 Name 0 0 0
1880 657 9 4 Name 0 0 0
1942 461 16 4 Name 0 0 0
233 1064 12 4 Name 0 0 0
1151 196 11 4 Name 0 0 0
1617 899 10 4 Name 0 0 0
1136 218 15 4 Name 0 0 0
371 1748 14 4 Name 0 0 0
576 1061 12 4 Name 0 0 0
1072 1923 9 4 Name 0 0 0
1043 812 14 4 Name 0 0 0
1741 575 11 4 Name 0 0 0
825 1985 11 4 Name 0 0 0
341 163 14 4 Name 0 0 0
1447 532 15 4 Name 0 0 0
817 1427 8 4 Name 0 0 0
1807 213 9 4 Name 0 0 0
1897 127 14 4 Name 0 0 0
930 26 10 4 Name 0 0 0
929 344 11 4 Name 0 0 0
269 466 9 4 Name 0 0 0
8 393 14 4 Name 0 0 0
1653 1144 11 4 Name 0 0 0
1101 1303 14 4 Name 0 0 0
763 1263 14 4 Name 0 0 0
282 1329 10 4 Name 0 0 0
1776 1619 10 4 Name 0 0 0
1850 1661 15 4 Name 0 0 0
853 1383 11 4 Name 0 0 0
1961 2042 12 4 Name 0 0 0
1425 2028 11 4 Name 0 0 0
1001 1123 12 4 Name 0 0 0
1941 936 13 4 Name 0 0 0
148 1047 10 4 Name 0 0 0
1661 1122 9 4 Name 0 0 0
434 391 13 4 Name 0 0 0
1813 1672 10 4 Name 0 0 0
118 672 14 4 Name 0 0 0
862 1281 12 4 Name 0 0 0
1616 871 15 4 Name 0 0 0
545 203 9 4 Name 0 0 0
46 509 16 4 Name 0 0 0
346 966 13 4 Name 0 0 0
1772 1380 9 4 Name 0 0 0
588 1725 8 4 Name 0 0 0
1507 1056 10 4 Name 0 0 0
1600 1945 11 4 Name 0 0 0
182 639 10 4 Name 0 0 0
446 820 8 4 Name 0 0 0
667 139 14 4 Name 0 0 0
940 1588 12 4 Name 0 0 0
147 175 12 4 Name 0 0 0
166 1990 12 4 Name 0 0 0
700 982 9 4 Name 0 0 0
552 1906 11 4 Name 0 0 0
336 1121 16 4 Name 0 0 0
1046 1893 12 4 Name 0 0 0
994 803 11 4 Name 0 0 0
1767 148 14 4 Name 0 0 0
1306 1297 15 4 Name 0 0 0
1865 1613 16 4 Name 0 0 0
1687 661 11 4 Name 0 0 0
260 1610 15 4 Name 0 0 0
55 1848 13 4 Name 0 0 0
1237 936 15 4 Name 0 0 0
118 1253 14 4 Name 0 0 0
1959 1536 8 4 Name 0 0 0
350 317 8 4 Name 0 0 0
1362 1834 8 4 Name 0 0 0
795 1299 11 4 Name 0 0 0
1499 635 10 4 Name 0 0 0
1856 1994 8 4 Name 0 0 0
810 880 9 4 Name 0 0 0
1716 105 11 4 Name 0 0 0
769 1961 14 4 Name 0 0 0
1319 429 11 4 Name 0 0 0
981 1367 16 4 Name 0 0 0
624 1225 9 4 Name 0 0 0
1753 1866 15 4 Name 0 0 0
1620 1993 9 4 Name 0 0 0
1512 816 12 4 Name 0 0 0
869 1329 16 4 Name 0 0 0
171 791 13 4 Name 0 0 0
1683 1628 16 4 Name 0 0 0
1167 903 15 4 Name 0 0 0
1359 1852 9 4 Name 0 0 0
657 1158 12 4 Name 0 0 0
1006 1441 9 4 Name 0 0 0
706 763 14 4 Name 0 0 0
1543 1422 15 4 Name 0 0 0
287 1404 14 4 Name 0 0 0
1480 1084 15 4 Name 0 0 0
37 1149 10 4 Name 0 0 0
1528 631 14 4 Name 0 0 0
1086 702 12 4 Name 0 0 0
953 426 8 4 Name 0 0 0
1212 1762 9 4 Name 0 0 0
1320 1635 11 4 Name 0 0 0
474 170 9 4 Name 0 0 0
1211 1347 11 4 Name 0 0 0
40 334 15 4 Name 0 0 0
561 1312 9 4 Name 0 0 0
825 975 15 4 Name 0 0 0
661 143 14 4 Name 0 0 0
1824 2036 14 4 Name 0 0 0
1521 1630 9 4 Name 0 0 0
1197 883 15 4 Name 0 0 0
2047 468 9 4 Name 0 0 0
1315 2040 9 4 Name 0 0 0
100 901 12 4 Name 0 0 0
1441 1629 10 4 Name 0 0 0
1941 1749 12 4 Name 0 0 0
541 504 9 4 Name 0 0 0
687 7 13 4 Name 0 0 0
816 1116 11 4 Name 0 0 0
672 1614 16 4 Name 0 0 0
599 1325 9 4 Name 0 0 0
1265 163 9 4 Name 0 0 0
1982 736 10 4 Name 0 0 0
2035 1369 14 4 Name 0 0 0
1352 149 12 4 Name 0 0 0
1055 1593 15 4 Name 0 0 0
1151 572 14 4 Name 0 0 0
1083 736 15 4 Name 0 0 0
1912 524 11 4 Name 0 0 0
727 626 11 4 Name 0 0 0
1804 1987 14 4 Name 0 0 0
696 891 13 4 Name 0 0 0
951 828 15 4 Name 0 0 0
1320 599 13 4 Name 0 0 0
134 485 12 4 Name 0 0 0
513 1545 13 4 Name 0 0 0
904 869 15 4 Name 0 0 0
1694 1064 13 4 Name 0 0 0
416 1005 11 4 Name 0 0 0
1447 1870 15 4 Name 0 0 0
293 1049 9 4 Name 0 0 0
992 1888 9 4 Name 0 0 0
200 1534 13 4 Name 0 0 0
1861 73 11 4 Name 0 0 0
877 150 13 4 Name 0 0 0
1306 343 12 4 Name 0 0 0
1977 937 8 4 Name 0 0 0
380 277 12 4 Name 0 0 0
270 932 11 4 Name 0 0 0
1731 566 9 4 Name 0 0 0
771 1100 10 4 Name 0 0 0
1744 1634 11 4 Name 0 0 0
1154 1746 15 4 Name 0 0 0
835 1645 14 4 Name 0 0 0
1009 170 10 4 Name 0 0 0
13 1090 14 4 Name 0 0 0
1046 422 12 4 Name 0 0 0
491 497 10 4 Name 0 0 0
14 189 14 4 Name 0 0 0
1156 1531 9 4 Name 0 0 0
12 188 15 4 Name 0 0 0
1405 1257 14 4 Name 0 0 0
239 1468 14 4 Name 0 0 0
1383 71 9 4 Name 0 0 0
346 1801 10 4 Name 0 0 0
433 1284 10 4 Name 0 0 0
1971 1766 16 4 Name 0 0 0
394 816 12 4 Name 0 0 0
1941 1514 15 4 Name 0 0 0
428 487 8 4 Name 0 0 0
1008 913 9 4 Name 0 0 0
1259 1677 12 4 Name 0 0 0
224 500 9 4 Name 0 0 0
623 1536 13 4 Name 0 0 0
597 1288 14 4 Name 0 0 0
1474 1640 8 4 Name 0 0 0
497 1130 11 4 Name 0 0 0
1491 736 9 4 Name 0 0 0
1428 98 13 4 Name 0 0 0
1227 1560 11 4 Name 0 0 0
1753 1881 12 4 Name 0 0 0
1557 1416 12 4 Name 0 0 0
938 1384 8 4 Name 0 0 0
1299 393 10 4 Name 0 0 0
649 1998 13 4 Name 0 0 0
621 102 16 4 Name 0 0 0
722 2045 13 4 Name 0 0 0
49 731 16 4 Name 0 0 0
61 1204 8 4 Name 0 0 0
703 1834 12 4 Name 0 0 0
1592 1735 9 4 Name 0 0 0
1163 1200 16 4 Name 0 0 0
329 630 9 4 Name 0 0 0
1854 548 10 4 Name 0 0 0
873 401 10 4 Name 0 0 0
1219 83 15 4 Name 0 0 0
1243 1909 10 4 Name 0 0 0
2017 882 8 4 Name 0 0 0
605 1721 14 4 Name 0 0 0
1499 1493 15 4 Name 0 0 0
1991 1315 13 4 Name 0 0 0
1242 316 15 4 Name 0 0 0
1251 301 11 4 Name 0 0 0
1441 1851 13 4 Name 0 0 0
1529 174 13 4 Name 0 0 0
1322 2002 16 4 Name 0 0 0
1737 1616 13 4 Name 0 0 0
626 1227 10 4 Name 0 0 0
1198 1064 15 4 Name 0 0 0
1619 417 14 4 Name 0 0 0
282 382 9 4 Name 0 0 0
1484 1894 14 4 Name 0 0 0
1157 1638 11 4 Name 0 0 0
134 547 11 4 Name 0 0 0
919 1353 11 4 Name 0 0 0
1795 963 13 4 Name 0 0 0
1745 729 16 4 Name 0 0 0
915 1155 14 4 Name 0 0 0
1503 1944 8 4 Name 0 0 0
185 1018 14 4 Name 0 0 0
1856 1881 13 4 Name 0 0 0
993 596 10 4 Name 0 0 0
1550 1746 15 4 Name 0 0 0
1113 822 15 4 Name 0 0 0
957 647 13 4 Name 0 0 0
1783 1389 15 4 Name 0 0 0
1201 893 14 4 Name 0 0 0
1414 865 8 4 Name 0 0 0
1206 1510 13 4 Name 0 0 0
794 552 9 4 Name 0 0 0
1572 1231 12 4 Name 0 0 0
1460 1949 9 4 Name 0 0 0
2031 416 9 4 Name 0 0 0
498 875 13 4 Name 0 0 0
549 1772 11 4 Name 0 0 0
992 559 13 4 Name 0 0 0
460 1605 9 4 Name 0 0 0
2015 1434 12 4 Name 0 0 0
944 522 11 4 Name 0 0 0
43 1971 10 4 Name 0 0 0
1402 1364 14 4 Name 0 0 0
1907 1784 14 4 Name 0 0 0
1599 1499 15 4 Name 0 0 0
1712 1375 15 4 Name 0 0 0
58 1969 12 4 Name 0 0 0
1242 1032 14 4 Name 0 0 0
1288 1156 8 4 Name 0 0 0
1471 1634 14 4 Name 0 0 0
279 1640 8 4 Name 0 0 0
1567 259 10 4 Name 0 0 0
321 724 16 4 Name 0 0 0
5 880 10 4 Name 0 0 0
1597 974 9 4 Name 0 0 0
814 514 13 4 Name 0 0 0
1530 698 12 4 Name 0 0 0
202 1928 12 4 Name 0 0 0
1035 1422 10 4 Name 0 0 0
332 1766 12 4 Name 0 0 0
664 385 10 4 Name 0 0 0
719 1399 15 4 Name 0 0 0
1282 818 15 4 Name 0 0 0
1076 284 13 4 Name 0 0 0
1083 720 15 4 Name 0 0 0
1744 1281 15 4 Name 0 0 0
1616 625 9 4 Name 0 0 0
670 766 12 4 Name 0 0 0
1195 723 10 4 Name 0 0 0
2002 99 9 4 Name 0 0 0
2040 1849 16 4 Name 0 0 0
1384 202 10 4 Name 0 0 0
550 943 12 4 Name 0 0 0
981 774 10 4 Name 0 0 0
1551 11 13 4 Name 0 0 0
113 109 11 4 Name 0 0 0
867 2047 12 4 Name 0 0 0
1827 1528 13 4 Name 0 0 0
1666 316 8 4 Name 0 0 0
2006 10 9 4 Name 0 0 0
1451 262 10 4 Name 0 0 0
97 1090 9 4 Name 0 0 0
841 1558 13 4 Name 0 0 0
1619 85 12 4 Name 0 0 0
1424 620 9 4 Name 0 0 0
875 793 11 4 Name 0 0 0
529 661 15 4 Name 0 0 0
1336 932 10 4 Name 0 0 0
1610 276 12 4 Name 0 0 0
95 680 16 4 Name 0 0 0
1695 99 8 4 Name 0 0 0
1890 98 11 4 Name 0 0 0
319 651 13 4 Name 0 0 0
579 1264 8 4 Name 0 0 0
237 433 12 4 Name 0 0 0
1995 1907 11 4 Name 0 0 0
1689 1914 11 4 Name 0 0 0
639 1427 14 4 Name 0 0 0
527 552 10 4 Name 0 0 0
433 588 10 4 Name 0 0 0
986 434 9 4 Name 0 0 0
696 1819 12 4 Name 0 0 0
1580 534 15 4 Name 0 0 0
1307 1944 15 4 Name 0 0 0
1783 1249 15 4 Name 0 0 0
1629 523 15 4 Name 0 0 0
229 930 14 4 Name 0 0 0
844 189 9 4 Name 0 0 0
1845 1403 10 4 Name 0 0 0
1071 855 13 4 Name 0 0 0
602 998 9 4 Name 0 0 0
1337 1906 8 4 Name 0 0 0
1468 531 14 4 Name 0 0 0
271 483 11 4 Name 0 0 0
1754 1073 11 4 Name 0 0 0
735 1987 13 4 Name 0 0 0
1329 1005 10 4 Name 0 0 0
716 2027 15 4 Name 0 0 0
372 1428 8 4 Name 0 0 0
621 533 14 4 Name 0 0 0
434 547 11 4 Name 0 0 0
1228 919 11 4 Name 0 0 0
364 1664 15 4 Name 0 0 0
1722 1900 15 4 Name 0 0 0
1064 852 11 4 Name 0 0 0
587 1102 10 4 Name 0 0 0
328 1874 11 4 Name 0 0 0
158 1522 9 4 Name 0 0 0
1577 527 15 4 Name 0 0 0
340 983 12 4 Name 0 0 0
1447 1550 14 4 Name 0 0 0
1715 1272 12 4 Name 0 0 0
1765 981 15 4 Name 0 0 0
1310 980 11 4 Name 0 0 0
651 147 11 4 Name 0 0 0
635 1455 13 4 Name 0 0 0
1114 238 16 4 Name 0 0 0
1223 128 9 4 Name 0 0 0
1990 750 9 4 Name 0 0 0
290 686 14 4 Name 0 0 0
1077 1247 11 4 Name 0 0 0
258 2034 9 4 Name 0 0 0
940 745 15 4 Name 0 0 0
1559 45 12 4 Name 0 0 0
295 662 14 4 Name 0 0 0
1461 556 9 4 Name 0 0 0
1297 1940 10 4 Name 0 0 0
2047 78 10 4 Name 0 0 0
1070 1692 11 4 Name 0 0 0
671 1991 14 4 Name 0 0 0
259 1510 11 4 Name 0 0 0
1785 1671 9 4 Name 0 0 0
12 613 8 4 Name 0 0 0
1851 371 15 4 Name 0 0 0
556 1665 16 4 Name 0 0 0
304 1374 12 4 Name 0 0 0
913 1254 14 4 Name 0 0 0
1005 288 8 4 Name 0 0 0
1861 938 13 4 Name 0 0 0
708 1974 9 4 Name 0 0 0
1597 393 12 4 Name 0 0 0
2019 1744 15 4 Name 0 0 0
1594 1515 14 4 Name 0 0 0
272 1955 16 4 Name 0 0 0
645 1576 13 4 Name 0 0 0
170 467 14 4 Name 0 0 0
613 577 11 4 Name 0 0 0
1622 1339 11 4 Name 0 0 0
1456 172 12 4 Name 0 0 0
818 388 9 4 Name 0 0 0
267 1526 10 4 Name 0 0 0
412 1708 13 4 Name 0 0 0
620 1172 9 4 Name 0 0 0
1933 63 12 4 Name 0 0 0
956 855 11 4 Name 0 0 0
817 992 9 4 Name 0 0 0
1773 1259 14 4 Name 0 0 0
1047 343 12 4 Name 0 0 0
584 256 15 4 Name 0 0 0
731 279 12 4 Name 0 0 0
879 534 15 4 Name 0 0 0
121 1066 15 4 Name 0 0 0
1606 1485 15 4 Name 0 0 0
1283 1874 13 4 Name 0 0 0
316 454 11 4 Name 0 0 0
1432 1714 12 4 Name 0 0 0
1516 998 12 4 Name 0 0 0
1207 685 13 4 Name 0 0 0
730 1439 14 4 Name 0 0 0
1091 1420 16 4 Name 0 0 0
1375 1783 11 4 Name 0 0 0
1659 1811 14 4 Name 0 0 0
1811 1325 11 4 Name 0 0 0
1042 375 9 4 Name 0 0 0
1300 988 9 4 Name 0 0 0
1250 1275 8 4 Name 0 0 0
51 974 8 4 Name 0 0 0
1472 1769 14 4 Name 0 0 0
947 631 16 4 Name 0 0 0
270 1505 9 4 Name 0 0 0
1325 798 10 4 Name 0 0 0
584 1916 9 4 Name 0 0 0
1493 759 14 4 Name 0 0 0
1714 2036 13 4 Name 0 0 0
420 369 9 4 Name 0 0 0
306 752 8 4 Name 0 0 0
1462 449 12 4 Name 0 0 0
811 1878 14 4 Name 0 0 0
1878 1357 15 4 Name 0 0 0
1551 1568 16 4 Name 0 0 0
1991 1553 8 4 Name 0 0 0
832 970 14 4 Name 0 0 0
458 192 16 4 Name 0 0 0
682 2017 11 4 Name 0 0 0
196 1426 13 4 Name 0 0 0
688 1414 13 4 Name 0 0 0
1651 1797 11 4 Name 0 0 0
1224 1342 14 4 Name 0 0 0
1399 706 15 4 Name 0 0 0
633 1005 9 4 Name 0 0 0
523 977 14 4 Name 0 0 0
1384 334 11 4 Name 0 0 0
43 663 13 4 Name 0 0 0
1626 692 10 4 Name 0 0 0
1508 102 14 4 Name 0 0 0
724 58 12 4 Name 0 0 0
821 1094 10 4 Name 0 0 0
186 1407 12 4 Name 0 0 0
1520 105 9 4 Name 0 0 0
2015 74 14 4 Name 0 0 0
1915 904 8 4 Name 0 0 0
2013 1256 11 4 Name 0 0 0
1284 1045 8 4 Name 0 0 0
1628 1546 14 4 Name 0 0 0
677 388 12 4 Name 0 0 0
442 326 10 4 Name 0 0 0
1941 1127 15 4 Name 0 0 0
1244 1274 11 4 Name 0 0 0
1968 343 13 4 Name 0 0 0
218 515 15 4 Name 0 0 0
1535 502 15 4 Name 0 0 0
1837 101 15 4 Name 0 0 0
1020 1944 8 4 Name 0 0 0
452 907 9 4 Name 0 0 0
44 1449 8 4 Name 0 0 0
1231 773 13 4 Name 0 0 0
1436 594 13 4 Name 0 0 0
480 693 10 4 Name 0 0 0
1725 288 10 4 Name 0 0 0
534 1516 14 4 Name 0 0 0
959 901 12 4 Name 0 0 0
947 846 14 4 Name 0 0 0
944 131 11 4 Name 0 0 0
674 320 15 4 Name 0 0 0
190 1151 13 4 Name 0 0 0
125 1745 11 4 Name 0 0 0
1871 1645 14 4 Name 0 0 0
1615 1980 15 4 Name 0 0 0
1983 538 10 4 Name 0 0 0
651 2004 10 4 Name 0 0 0
1208 1670 13 4 Name 0 0 0
117 403 15 4 Name 0 0 0
439 1658 13 4 Name 0 0 0
994 358 11 4 Name 0 0 0
786 285 12 4 Name 0 0 0
1010 1559 11 4 Name 0 0 0
1047 769 14 4 Name 0 0 0
1879 158 13 4 Name 0 0 0
1055 1867 13 4 Name 0 0 0
1119 1355 8 4 Name 0 0 0
643 1689 14 4 Name 0 0 0
556 1224 15 4 Name 0 0 0
1426 1538 11 4 Name 0 0 0
1030 1705 8 4 Name 0 0 0
1263 1318 11 4 Name 0 0 0
654 703 15 4 Name 0 0 0
1429 71 11 4 Name 0 0 0
642 1965 9 4 Name 0 0 0
1294 1470 12 4 Name 0 0 0
89 1844 15 4 Name 0 0 0
1665 589 9 4 Name 0 0 0
1653 775 9 4 Name 0 0 0
1732 1717 15 4 Name 0 0 0
245 2017 12 4 Name 0 0 0
217 1388 10 4 Name 0 0 0
674 1440 9 4 Name 0 0 0
192 1507 10 4 Name 0 0 0
512 1938 10 4 Name 0 0 0
1696 765 11 4 Name 0 0 0
446 709 16 4 Name 0 0 0
294 629 10 4 Name 0 0 0
1428 1246 11 4 Name 0 0 0
47 1198 10 4 Name 0 0 0
1962 359 9 4 Name 0 0 0
1264 661 10 4 Name 0 0 0
985 1873 16 4 Name 0 0 0
1680 319 15 4 Name 0 0 0
1580 1847 13 4 Name 0 0 0
1595 404 14 4 Name 0 0 0
245 1846 10 4 Name 0 0 0
836 1683 8 4 Name 0 0 0
133 2038 9 4 Name 0 0 0
1845 253 9 4 Name 0 0 0
1572 404 16 4 Name 0 0 0
2024 207 12 4 Name 0 0 0
46 1562 10 4 Name 0 0 0
897 1858 10 4 Name 0 0 0
1252 56 10 4 Name 0 0 0
2034 863 11 4 Name 0 0 0
1496 1604 8 4 Name 0 0 0
1848 4 12 4 Name 0 0 0
1900 1898 8 4 Name 0 0 0
1480 1975 10 4 Name 0 0 0
1617 1919 13 4 Name 0 0 0
1393 1908 15 4 Name 0 0 0
313 95 8 4 Name 0 0 0
1261 662 14 4 Name 0 0 0
703 712 16 4 Name 0 0 0
662 374 9 4 Name 0 0 0
1716 1070 15 4 Name 0 0 0
740 1490 10 4 Name 0 0 0
644 160 9 4 Name 0 0 0
127 645 15 4 Name 0 0 0
1236 852 8 4 Name 0 0 0
1229 354 8 4 Name 0 0 0
406 652 13 4 Name 0 0 0
1208 1783 11 4 Name 0 0 0
446 997 10 4 Name 0 0 0
1013 1191 10 4 Name 0 0 0
1933 401 11 4 Name 0 0 0
648 1772 16 4 Name 0 0 0
760 1667 9 4 Name 0 0 0
951 855 14 4 Name 0 0 0
180 1204 11 4 Name 0 0 0
1029 836 11 4 Name 0 0 0
504 1962 10 4 Name 0 0 0
784 1943 10 4 Name 0 0 0
179 1003 13 4 Name 0 0 0
233 265 13 4 Name 0 0 0
464 1079 12 4 Name 0 0 0
983 0 15 4 Name 0 0 0
135 99 13 4 Name 0 0 0
1860 1547 11 4 Name 0 0 0
1435 1096 14 4 Name 0 0 0
224 1236 14 4 Name 0 0 0
319 1746 16 4 Name 0 0 0
355 163 13 4 Name 0 0 0
1626 1256 10 4 Name 0 0 0
1068 728 9 4 Name 0 0 0
830 872 15 4 Name 0 0 0
970 1661 13 4 Name 0 0 0
1609 1555 13 4 Name 0 0 0
257 1003 12 4 Name 0 0 0
1069 843 11 4 Name 0 0 0
1952 1060 13 4 Name 0 0 0
1563 635 9 4 Name 0 0 0
1474 1805 14 4 Name 0 0 0
7 605 13 4 Name 0 0 0
399 1342 14 4 Name 0 0 0
252 341 13 4 Name 0 0 0
1446 1681 13 4 Name 0 0 0
443 1189 15 4 Name 0 0 0
1353 1179 11 4 Name 0 0 0
1147 1002 10 4 Name 0 0 0
1827 284 15 4 Name 0 0 0
48 1009 12 4 Name 0 0 0
1452 1515 12 4 Name 0 0 0
1256 800 8 4 Name 0 0 0
1392 868 8 4 Name 0 0 0
1692 1400 15 4 Name 0 0 0
1315 112 9 4 Name 0 0 0
1584 96 14 4 Name 0 0 0
779 2036 15 4 Name 0 0 0
139 1458 15 4 Name 0 0 0
1150 1562 8 4 Name 0 0 0
125 1568 9 4 Name 0 0 0
1973 912 14 4 Name 0 0 0
701 153 14 4 Name 0 0 0
52 2021 11 4 Name 0 0 0
1605 2046 11 4 Name 0 0 0
1915 1558 10 4 Name 0 0 0
1426 909 13 4 Name 0 0 0
1090 1267 13 4 Name 0 0 0
1848 2000 13 4 Name 0 0 0
1548 922 10 4 Name 0 0 0
48 836 12 4 Name 0 0 0
1068 508 15 4 Name 0 0 0
816 927 16 4 Name 0 0 0
2005 1408 9 4 Name 0 0 0
503 1372 10 4 Name 0 0 0
1132 516 11 4 Name 0 0 0
997 1230 12 4 Name 0 0 0
88 262 15 4 Name 0 0 0
714 1455 10 4 Name 0 0 0
1122 1588 15 4 Name 0 0 0
1632 809 12 4 Name 0 0 0
1579 1395 14 4 Name 0 0 0
604 1424 14 4 Name 0 0 0
1909 223 13 4 Name 0 0 0
1493 1803 16 4 Name 0 0 0
940 210 10 4 Name 0 0 0
1166 156 15 4 Name 0 0 0
2027 1220 14 4 Name 0 0 0
631 168 9 4 Name 0 0 0
734 1621 12 4 Name 0 0 0
921 249 13 4 Name 0 0 0
231 1392 13 4 Name 0 0 0
1689 7 10 4 Name 0 0 0
288 187 8 4 Name 0 0 0
1055 374 9 4 Name 0 0 0
1089 765 14 4 Name 0 0 0
132 1960 15 4 Name 0 0 0
24 418 8 4 Name 0 0 0
2046 872 11 4 Name 0 0 0
713 1805 15 4 Name 0 0 0
798 175 8 4 Name 0 0 0
1343 1823 9 4 Name 0 0 0
x-Min=0
x-Max=2048
y-Min=0
y-Max=2048
min label height=4.0
max label height=4.0
min label width=8.0
max label width=16.0
