1024
825 8054 349 16 Name 0 0 0
6963 7062 70 16 Name 0 0 0
7000 5117 597 16 Name 0 0 0
5763 5709 520 16 Name 0 0 0
445 4110 774 16 Name 0 0 0
1960 178 973 16 Name 0 0 0
5847 6855 426 16 Name 0 0 0
6507 1057 710 16 Name 0 0 0
6477 1151 446 16 Name 0 0 0
4356 6894 970 16 Name 0 0 0
2841 4871 156 16 Name 0 0 0
7396 2735 913 16 Name 0 0 0
6966 789 459 16 Name 0 0 0
5501 1913 499 16 Name 0 0 0
6400 7192 744 16 Name 0 0 0
7899 6347 560 16 Name 0 0 0
5480 5112 852 16 Name 0 0 0
6239 1526 693 16 Name 0 0 0
3180 4526 202 16 Name 0 0 0
2324 6742 482 16 Name 0 0 0
1210 4651 113 16 Name 0 0 0
8126 1127 930 16 Name 0 0 0
7371 5963 204 16 Name 0 0 0
713 1236 487 16 Name 0 0 0
2359 4957 686 16 Name 0 0 0
7090 1614 83 16 Name 0 0 0
5009 5793 197 16 Name 0 0 0
2157 6304 514 16 Name 0 0 0
5393 1476 148 16 Name 0 0 0
4712 2627 991 16 Name 0 0 0
7961 816 369 16 Name 0 0 0
4012 3975 1015 16 Name 0 0 0
1783 346 69 16 Name 0 0 0
3329 2198 793 16 Name 0 0 0
7975 4438 497 16 Name 0 0 0
989 6315 822 16 Name 0 0 0
1985 5140 766 16 Name 0 0 0
6662 7435 368 16 Name 0 0 0
2475 5335 321 16 Name 0 0 0
4684 4121 810 16 Name 0 0 0
1437 4250 355 16 Name 0 0 0
5006 3014 185 16 Name 0 0 0
6073 2122 963 16 Name 0 0 0
7581 6054 200 16 Name 0 0 0
5114 3750 669 16 Name 0 0 0
7790 6249 924 16 Name 0 0 0
629 1630 364 16 Name 0 0 0
3926 7669 998 16 Name 0 0 0
7424 2433 464 16 Name 0 0 0
5318 1841 557 16 Name 0 0 0
116 5801 889 16 Name 0 0 0
2540 4729 159 16 Name 0 0 0
6588 2471 265 16 Name 0 0 0
4689 2694 573 16 Name 0 0 0
8008 7232 868 16 Name 0 0 0
97 4519 812 16 Name 0 0 0
6977 7531 447 16 Name 0 0 0
2719 1439 879 16 Name 0 0 0
864 3383 155 16 Name 0 0 0
1266 1145 893 16 Name 0 0 0
1479 1754 574 16 Name 0 0 0
544 5455 100 16 Name 0 0 0
2088 4540 212 16 Name 0 0 0
651 198 395 16 Name 0 0 0
2500 487 787 16 Name 0 0 0
3484 5773 196 16 Name 0 0 0
5044 1367 338 16 Name 0 0 0
6179 2233 615 16 Name 0 0 0
860 456 405 16 Name 0 0 0
995 4131 961 16 Name 0 0 0
2598 5716 850 16 Name 0 0 0
750 4773 886 16 Name 0 0 0
1901 4987 751 16 Name 0 0 0
5546 4998 765 16 Name 0 0 0
2933 1195 57 16 Name 0 0 0
765 1848 484 16 Name 0 0 0
7618 7955 764 16 Name 0 0 0
3143 7485 892 16 Name 0 0 0
2476 6369 545 16 Name 0 0 0
2334 7749 996 16 Name 0 0 0
1885 7251 41 16 Name 0 0 0
2640 6452 369 16 Name 0 0 0
3853 609 920 16 Name 0 0 0
5598 5172 610 16 Name 0 0 0
2915 6820 613 16 Name 0 0 0
3309 4192 881 16 Name 0 0 0
468 5565 487 16 Name 0 0 0
5183 967 691 16 Name 0 0 0
1270 7948 734 16 Name 0 0 0
6996 8055 748 16 Name 0 0 0
1129 1851 585 16 Name 0 0 0
2925 4541 803 16 Name 0 0 0
809 4002 71 16 Name 0 0 0
4939 4587 937 16 Name 0 0 0
7898 6231 195 16 Name 0 0 0
2882 3394 212 16 Name 0 0 0
3381 7949 130 16 Name 0 0 0
4821 1004 420 16 Name 0 0 0
6369 4841 739 16 Name 0 0 0
7659 4033 754 16 Name 0 0 0
5788 4782 378 16 Name 0 0 0
6311 6009 996 16 Name 0 0 0
4866 6519 951 16 Name 0 0 0
7144 3353 277 16 Name 0 0 0
6791 3624 999 16 Name 0 0 0
491 2293 144 16 Name 0 0 0
3888 6552 760 16 Name 0 0 0
1422 2934 951 16 Name 0 0 0
2603 1399 64 16 Name 0 0 0
961 3774 627 16 Name 0 0 0
6680 8040 135 16 Name 0 0 0
6597 1902 288 16 Name 0 0 0
3463 4837 819 16 Name 0 0 0
4986 4316 462 16 Name 0 0 0
6307 5024 635 16 Name 0 0 0
4848 3093 553 16 Name 0 0 0
1310 8067 783 16 Name 0 0 0
1833 4421 339 16 Name 0 0 0
6880 1791 127 16 Name 0 0 0
7235 7978 216 16 Name 0 0 0
3839 5366 888 16 Name 0 0 0
156 3260 366 16 Name 0 0 0
8112 639 650 16 Name 0 0 0
3696 2791 913 16 Name 0 0 0
3539 4333 932 16 Name 0 0 0
3665 7369 64 16 Name 0 0 0
2732 3377 41 16 Name 0 0 0
4562 7669 609 16 Name 0 0 0
1584 4528 896 16 Name 0 0 0
1265 343 479 16 Name 0 0 0
3218 4470 238 16 Name 0 0 0
4905 3257 536 16 Name 0 0 0
1833 2259 474 16 Name 0 0 0
4120 100 863 16 Name 0 0 0
3834 8084 274 16 Name 0 0 0
6774 4634 512 16 Name 0 0 0
7369 5323 927 16 Name 0 0 0
3034 6419 216 16 Name 0 0 0
5102 4944 246 16 Name 0 0 0
4500 6059 925 16 Name 0 0 0
5522 624 953 16 Name 0 0 0
4318 6791 474 16 Name 0 0 0
366 4195 519 16 Name 0 0 0
3534 7898 198 16 Name 0 0 0
4376 7890 488 16 Name 0 0 0
3024 4366 297 16 Name 0 0 0
2067 1767 555 16 Name 0 0 0
5870 5069 95 16 Name 0 0 0
4543 2125 187 16 Name 0 0 0
1965 5672 318 16 Name 0 0 0
5738 1970 529 16 Name 0 0 0
3156 2844 235 16 Name 0 0 0
2859 2366 270 16 Name 0 0 0
3598 6325 744 16 Name 0 0 0
7414 5771 415 16 Name 0 0 0
869 4319 995 16 Name 0 0 0
1782 782 399 16 Name 0 0 0
5674 4575 867 16 Name 0 0 0
1489 680 349 16 Name 0 0 0
2808 3632 466 16 Name 0 0 0
5192 1457 313 16 Name 0 0 0
5609 5647 277 16 Name 0 0 0
3550 3191 412 16 Name 0 0 0
71 5433 897 16 Name 0 0 0
839 5559 697 16 Name 0 0 0
7054 6586 130 16 Name 0 0 0
4980 4380 242 16 Name 0 0 0
4519 5526 119 16 Name 0 0 0
2534 7143 232 16 Name 0 0 0
5639 4118 162 16 Name 0 0 0
2280 3194 671 16 Name 0 0 0
6253 2729 567 16 Name 0 0 0
4277 2124 231 16 Name 0 0 0
7274 1591 982 16 Name 0 0 0
7710 6311 463 16 Name 0 0 0
575 3467 964 16 Name 0 0 0
185 2881 925 16 Name 0 0 0
4851 5187 650 16 Name 0 0 0
4196 2477 491 16 Name 0 0 0
834 3956 905 16 Name 0 0 0
2647 7866 1012 16 Name 0 0 0
4370 3354 452 16 Name 0 0 0
3687 2960 380 16 Name 0 0 0
988 8046 130 16 Name 0 0 0
1348 2478 556 16 Name 0 0 0
8025 6765 449 16 Name 0 0 0
2451 2750 770 16 Name 0 0 0
5787 1202 582 16 Name 0 0 0
1701 6191 606 16 Name 0 0 0
1139 4921 35 16 Name 0 0 0
1427 6010 790 16 Name 0 0 0
7659 191 286 16 Name 0 0 0
3284 4172 65 16 Name 0 0 0
1475 6172 616 16 Name 0 0 0
631 5836 237 16 Name 0 0 0
8010 1110 91 16 Name 0 0 0
557 5489 160 16 Name 0 0 0
3562 3578 531 16 Name 0 0 0
3595 4078 300 16 Name 0 0 0
6906 3021 257 16 Name 0 0 0
7479 4890 894 16 Name 0 0 0
4273 7881 947 16 Name 0 0 0
6958 193 375 16 Name 0 0 0
4079 388 386 16 Name 0 0 0
7653 3926 342 16 Name 0 0 0
2332 8024 451 16 Name 0 0 0
2282 5352 996 16 Name 0 0 0
8025 5360 193 16 Name 0 0 0
6823 2271 416 16 Name 0 0 0
4184 3675 1020 16 Name 0 0 0
4156 6328 560 16 Name 0 0 0
5978 983 692 16 Name 0 0 0
656 8176 978 16 Name 0 0 0
151 450 716 16 Name 0 0 0
4449 8147 298 16 Name 0 0 0
441 6477 282 16 Name 0 0 0
437 1423 887 16 Name 0 0 0
2090 6775 543 16 Name 0 0 0
3053 2047 361 16 Name 0 0 0
7347 1238 146 16 Name 0 0 0
3448 521 690 16 Name 0 0 0
5474 8175 116 16 Name 0 0 0
7113 2444 215 16 Name 0 0 0
2448 2244 655 16 Name 0 0 0
2532 2299 755 16 Name 0 0 0
5138 6272 286 16 Name 0 0 0
1910 1898 710 16 Name 0 0 0
4446 1949 466 16 Name 0 0 0
6884 4556 993 16 Name 0 0 0
6705 2417 502 16 Name 0 0 0
7539 7306 32 16 Name 0 0 0
942 7116 267 16 Name 0 0 0
3647 2774 943 16 Name 0 0 0
4296 1021 89 16 Name 0 0 0
3889 7866 265 16 Name 0 0 0
7221 4503 37 16 Name 0 0 0
948 297 906 16 Name 0 0 0
8088 5947 478 16 Name 0 0 0
4036 1358 926 16 Name 0 0 0
5380 6733 638 16 Name 0 0 0
2038 8048 603 16 Name 0 0 0
2424 2385 780 16 Name 0 0 0
5537 923 905 16 Name 0 0 0
4305 7591 953 16 Name 0 0 0
1675 425 776 16 Name 0 0 0
80 3607 533 16 Name 0 0 0
4640 5227 555 16 Name 0 0 0
6504 4886 276 16 Name 0 0 0
1442 4213 416 16 Name 0 0 0
6779 6332 751 16 Name 0 0 0
2552 6735 754 16 Name 0 0 0
1449 4722 848 16 Name 0 0 0
4242 6496 812 16 Name 0 0 0
320 2501 292 16 Name 0 0 0
2824 7878 342 16 Name 0 0 0
6393 6420 82 16 Name 0 0 0
3139 2791 735 16 Name 0 0 0
8187 5661 913 16 Name 0 0 0
2511 3792 552 16 Name 0 0 0
8069 413 684 16 Name 0 0 0
1857 4506 736 16 Name 0 0 0
6065 7661 167 16 Name 0 0 0
8016 4303 287 16 Name 0 0 0
3078 2146 84 16 Name 0 0 0
1621 1525 129 16 Name 0 0 0
1257 3732 564 16 Name 0 0 0
5878 6975 794 16 Name 0 0 0
6763 6462 154 16 Name 0 0 0
5245 4895 753 16 Name 0 0 0
7183 6053 60 16 Name 0 0 0
7930 627 858 16 Name 0 0 0
1489 1644 223 16 Name 0 0 0
1014 7327 55 16 Name 0 0 0
788 6433 612 16 Name 0 0 0
5876 6191 393 16 Name 0 0 0
5466 4299 587 16 Name 0 0 0
3560 185 170 16 Name 0 0 0
3236 1365 471 16 Name 0 0 0
6829 6226 620 16 Name 0 0 0
2346 5818 302 16 Name 0 0 0
5937 2245 229 16 Name 0 0 0
802 7298 610 16 Name 0 0 0
4521 5334 783 16 Name 0 0 0
7702 2094 156 16 Name 0 0 0
3180 970 321 16 Name 0 0 0
732 4586 702 16 Name 0 0 0
2658 6544 1005 16 Name 0 0 0
4562 7689 132 16 Name 0 0 0
7941 3779 154 16 Name 0 0 0
2338 700 715 16 Name 0 0 0
9 541 616 16 Name 0 0 0
3597 2348 626 16 Name 0 0 0
7279 1288 50 16 Name 0 0 0
813 7201 797 16 Name 0 0 0
7163 4829 517 16 Name 0 0 0
2735 1007 488 16 Name 0 0 0
3698 2974 933 16 Name 0 0 0
4968 7757 639 16 Name 0 0 0
6105 2604 102 16 Name 0 0 0
7290 1894 575 16 Name 0 0 0
5871 101 943 16 Name 0 0 0
6351 5501 178 16 Name 0 0 0
6218 6312 969 16 Name 0 0 0
6751 2009 826 16 Name 0 0 0
7295 3946 552 16 Name 0 0 0
1038 966 370 16 Name 0 0 0
6824 3421 721 16 Name 0 0 0
3194 5851 731 16 Name 0 0 0
1105 1211 181 16 Name 0 0 0
7410 6148 618 16 Name 0 0 0
4503 4958 790 16 Name 0 0 0
4075 2545 210 16 Name 0 0 0
1929 784 1023 16 Name 0 0 0
244 1408 962 16 Name 0 0 0
1629 4271 134 16 Name 0 0 0
4327 3601 781 16 Name 0 0 0
8147 3494 615 16 Name 0 0 0
107 7585 1018 16 Name 0 0 0
1216 128 431 16 Name 0 0 0
6178 5913 80 16 Name 0 0 0
7151 928 981 16 Name 0 0 0
6568 2978 319 16 Name 0 0 0
6692 4399 798 16 Name 0 0 0
3242 7705 48 16 Name 0 0 0
7054 1268 635 16 Name 0 0 0
1138 1923 436 16 Name 0 0 0
1999 2698 98 16 Name 0 0 0
4651 1348 911 16 Name 0 0 0
4130 1662 327 16 Name 0 0 0
8063 7520 174 16 Name 0 0 0
4195 5816 568 16 Name 0 0 0
118 4535 354 16 Name 0 0 0
248 5667 388 16 Name 0 0 0
3893 5569 108 16 Name 0 0 0
7542 7135 983 16 Name 0 0 0
6546 5642 156 16 Name 0 0 0
6159 3953 235 16 Name 0 0 0
2354 5322 915 16 Name 0 0 0
167 5782 223 16 Name 0 0 0
674 1661 983 16 Name 0 0 0
3057 4555 706 16 Name 0 0 0
7376 3048 130 16 Name 0 0 0
2970 6249 621 16 Name 0 0 0
836 4127 405 16 Name 0 0 0
5346 3544 879 16 Name 0 0 0
1647 7321 476 16 Name 0 0 0
4957 3417 707 16 Name 0 0 0
6488 3697 815 16 Name 0 0 0
6461 308 281 16 Name 0 0 0
8192 3556 871 16 Name 0 0 0
4127 4814 466 16 Name 0 0 0
1639 5413 376 16 Name 0 0 0
3787 2215 910 16 Name 0 0 0
1218 6918 130 16 Name 0 0 0
1805 3144 136 16 Name 0 0 0
7036 6173 182 16 Name 0 0 0
236 2229 330 16 Name 0 0 0
723 1534 770 16 Name 0 0 0
2957 5427 417 16 Name 0 0 0
571 4714 971 16 Name 0 0 0
4010 2686 320 16 Name 0 0 0
7065 4695 900 16 Name 0 0 0
709 5602 54 16 Name 0 0 0
5602 7069 599 16 Name 0 0 0
4279 3240 679 16 Name 0 0 0
6034 321 230 16 Name 0 0 0
4076 4417 354 16 Name 0 0 0
7377 2198 825 16 Name 0 0 0
7496 7462 637 16 Name 0 0 0
2532 2465 706 16 Name 0 0 0
4201 2660 857 16 Name 0 0 0
7549 7316 790 16 Name 0 0 0
3088 2666 489 16 Name 0 0 0
313 1663 507 16 Name 0 0 0
1706 3919 256 16 Name 0 0 0
5187 2888 306 16 Name 0 0 0
3270 695 80 16 Name 0 0 0
769 6475 125 16 Name 0 0 0
8161 6216 940 16 Name 0 0 0
6643 5750 905 16 Name 0 0 0
3503 6585 150 16 Name 0 0 0
3491 6779 34 16 Name 0 0 0
510 651 649 16 Name 0 0 0
7040 5493 439 16 Name 0 0 0
4163 317 259 16 Name 0 0 0
5352 4993 113 16 Name 0 0 0
5685 8102 860 16 Name 0 0 0
7831 382 705 16 Name 0 0 0
4599 4990 293 16 Name 0 0 0
5243 925 416 16 Name 0 0 0
5907 8109 997 16 Name 0 0 0
471 2563 480 16 Name 0 0 0
4053 6311 962 16 Name 0 0 0
2327 6699 984 16 Name 0 0 0
5078 891 356 16 Name 0 0 0
5621 933 545 16 Name 0 0 0
4663 8180 565 16 Name 0 0 0
2078 2462 549 16 Name 0 0 0
3366 7034 228 16 Name 0 0 0
4830 7988 688 16 Name 0 0 0
6453 527 792 16 Name 0 0 0
5159 169 51 16 Name 0 0 0
2413 5706 847 16 Name 0 0 0
4668 6791 887 16 Name 0 0 0
3571 5132 891 16 Name 0 0 0
6659 2955 431 16 Name 0 0 0
1331 3236 793 16 Name 0 0 0
4762 5717 730 16 Name 0 0 0
296 4472 145 16 Name 0 0 0
5743 6788 81 16 Name 0 0 0
7779 4555 690 16 Name 0 0 0
461 963 933 16 Name 0 0 0
2948 170 288 16 Name 0 0 0
7728 5316 217 16 Name 0 0 0
5126 1099 617 16 Name 0 0 0
2496 3338 633 16 Name 0 0 0
332 5462 437 16 Name 0 0 0
5366 1354 872 16 Name 0 0 0
5303 7113 276 16 Name 0 0 0
2215 6707 470 16 Name 0 0 0
4245 1890 938 16 Name 0 0 0
2860 176 415 16 Name 0 0 0
2148 1089 467 16 Name 0 0 0
3144 6197 419 16 Name 0 0 0
7140 4631 501 16 Name 0 0 0
5504 6429 126 16 Name 0 0 0
7133 2006 543 16 Name 0 0 0
1046 1451 45 16 Name 0 0 0
5579 3852 744 16 Name 0 0 0
2383 8034 620 16 Name 0 0 0
6727 2081 485 16 Name 0 0 0
1459 4997 763 16 Name 0 0 0
8030 3596 394 16 Name 0 0 0
1320 7208 421 16 Name 0 0 0
1011 6059 564 16 Name 0 0 0
2330 2506 491 16 Name 0 0 0
4073 3991 624 16 Name 0 0 0
1589 4191 735 16 Name 0 0 0
7712 7987 810 16 Name 0 0 0
6577 951 357 16 Name 0 0 0
2210 659 903 16 Name 0 0 0
1334 2383 751 16 Name 0 0 0
3182 8084 1014 16 Name 0 0 0
5817 2425 867 16 Name 0 0 0
728 6106 565 16 Name 0 0 0
6658 3787 628 16 Name 0 0 0
270 6929 637 16 Name 0 0 0
5953 1860 545 16 Name 0 0 0
5156 2054 362 16 Name 0 0 0
3386 6903 280 16 Name 0 0 0
769 1592 207 16 Name 0 0 0
7003 2681 278 16 Name 0 0 0
501 473 185 16 Name 0 0 0
4443 6762 686 16 Name 0 0 0
3652 1394 581 16 Name 0 0 0
1776 993 884 16 Name 0 0 0
4497 7713 708 16 Name 0 0 0
456 4469 679 16 Name 0 0 0
1274 2235 795 16 Name 0 0 0
1506 2404 518 16 Name 0 0 0
4240 5963 633 16 Name 0 0 0
6883 5559 715 16 Name 0 0 0
1922 4838 867 16 Name 0 0 0
1720 3657 161 16 Name 0 0 0
4449 4696 367 16 Name 0 0 0
906 5940 921 16 Name 0 0 0
7026 7409 1007 16 Name 0 0 0
7952 1417 789 16 Name 0 0 0
3152 3809 81 16 Name 0 0 0
3608 6174 305 16 Name 0 0 0
3345 1106 265 16 Name 0 0 0
7484 3494 554 16 Name 0 0 0
6965 3994 932 16 Name 0 0 0
4127 6154 97 16 Name 0 0 0
6357 3091 890 16 Name 0 0 0
4071 2842 635 16 Name 0 0 0
3929 6971 745 16 Name 0 0 0
658 5700 876 16 Name 0 0 0
2967 6470 696 16 Name 0 0 0
297 7042 660 16 Name 0 0 0
1720 2492 173 16 Name 0 0 0
180 7796 400 16 Name 0 0 0
6089 7581 110 16 Name 0 0 0
1101 4724 288 16 Name 0 0 0
644 6770 604 16 Name 0 0 0
5760 501 934 16 Name 0 0 0
3576 472 193 16 Name 0 0 0
8015 2223 491 16 Name 0 0 0
6369 1988 340 16 Name 0 0 0
1778 3999 884 16 Name 0 0 0
1813 2155 499 16 Name 0 0 0
6064 1423 205 16 Name 0 0 0
3515 2298 481 16 Name 0 0 0
7219 2350 480 16 Name 0 0 0
4325 2860 798 16 Name 0 0 0
5593 2972 69 16 Name 0 0 0
4996 1461 668 16 Name 0 0 0
5974 3010 547 16 Name 0 0 0
1322 7976 629 16 Name 0 0 0
7709 2533 428 16 Name 0 0 0
3020 4884 78 16 Name 0 0 0
3485 1355 945 16 Name 0 0 0
1181 5966 252 16 Name 0 0 0
5983 2245 495 16 Name 0 0 0
1797 4787 828 16 Name 0 0 0
4502 3937 542 16 Name 0 0 0
4938 3000 262 16 Name 0 0 0
621 2010 680 16 Name 0 0 0
2757 8008 508 16 Name 0 0 0
440 1377 238 16 Name 0 0 0
6861 4089 917 16 Name 0 0 0
3166 4669 815 16 Name 0 0 0
3647 6427 249 16 Name 0 0 0
486 4479 999 16 Name 0 0 0
3030 2932 793 16 Name 0 0 0
4932 865 235 16 Name 0 0 0
2467 8012 239 16 Name 0 0 0
959 5994 486 16 Name 0 0 0
2528 6977 690 16 Name 0 0 0
1809 1794 265 16 Name 0 0 0
4339 5336 855 16 Name 0 0 0
3724 7736 363 16 Name 0 0 0
1611 5262 891 16 Name 0 0 0
2908 7274 167 16 Name 0 0 0
6281 4448 870 16 Name 0 0 0
3218 3489 113 16 Name 0 0 0
1008 472 251 16 Name 0 0 0
4347 1848 658 16 Name 0 0 0
930 2397 465 16 Name 0 0 0
3423 7074 973 16 Name 0 0 0
4058 4741 108 16 Name 0 0 0
4620 3588 186 16 Name 0 0 0
1633 4220 379 16 Name 0 0 0
1515 6934 733 16 Name 0 0 0
3701 908 490 16 Name 0 0 0
5694 1966 436 16 Name 0 0 0
6390 7448 672 16 Name 0 0 0
5224 849 276 16 Name 0 0 0
2734 3344 404 16 Name 0 0 0
6736 4339 271 16 Name 0 0 0
5507 6568 434 16 Name 0 0 0
7407 1903 545 16 Name 0 0 0
379 3205 815 16 Name 0 0 0
983 6104 534 16 Name 0 0 0
5647 3490 418 16 Name 0 0 0
2781 8150 986 16 Name 0 0 0
4843 4439 191 16 Name 0 0 0
2727 4551 240 16 Name 0 0 0
5447 6990 472 16 Name 0 0 0
548 3763 193 16 Name 0 0 0
3489 4 782 16 Name 0 0 0
7422 7719 1011 16 Name 0 0 0
329 6101 167 16 Name 0 0 0
6735 4576 516 16 Name 0 0 0
7604 7561 398 16 Name 0 0 0
7548 2358 299 16 Name 0 0 0
6911 6788 54 16 Name 0 0 0
7692 7963 1000 16 Name 0 0 0
1280 1865 244 16 Name 0 0 0
4971 5132 54 16 Name 0 0 0
1115 4583 573 16 Name 0 0 0
1552 4169 113 16 Name 0 0 0
6142 297 985 16 Name 0 0 0
5691 1225 612 16 Name 0 0 0
7611 327 760 16 Name 0 0 0
7996 189 233 16 Name 0 0 0
4453 1105 944 16 Name 0 0 0
7239 2152 802 16 Name 0 0 0
6836 7989 359 16 Name 0 0 0
5775 563 967 16 Name 0 0 0
1731 850 866 16 Name 0 0 0
1902 4430 245 16 Name 0 0 0
3848 5294 486 16 Name 0 0 0
7983 5202 323 16 Name 0 0 0
5675 3224 897 16 Name 0 0 0
3848 549 724 16 Name 0 0 0
1564 3624 209 16 Name 0 0 0
776 5338 162 16 Name 0 0 0
5152 8098 844 16 Name 0 0 0
7405 7499 921 16 Name 0 0 0
4311 6536 838 16 Name 0 0 0
3081 1866 671 16 Name 0 0 0
5031 3591 438 16 Name 0 0 0
4354 4465 513 16 Name 0 0 0
2667 2455 743 16 Name 0 0 0
4117 2370 453 16 Name 0 0 0
1331 8 570 16 Name 0 0 0
3604 2137 748 16 Name 0 0 0
7715 2369 583 16 Name 0 0 0
2328 3110 128 16 Name 0 0 0
3299 3492 99 16 Name 0 0 0
1434 3651 829 16 Name 0 0 0
8062 5603 693 16 Name 0 0 0
6738 5191 62 16 Name 0 0 0
8176 7173 883 16 Name 0 0 0
3067 2260 51 16 Name 0 0 0
5636 312 827 16 Name 0 0 0
8164 5809 868 16 Name 0 0 0
2187 1828 985 16 Name 0 0 0
7556 4280 403 16 Name 0 0 0
434 2362 835 16 Name 0 0 0
4174 3873 411 16 Name 0 0 0
2256 7782 814 16 Name 0 0 0
96 3240 280 16 Name 0 0 0
5048 3024 117 16 Name 0 0 0
3281 8000 280 16 Name 0 0 0
6680 7464 812 16 Name 0 0 0
1854 233 84 16 Name 0 0 0
6089 728 1012 16 Name 0 0 0
5089 5623 266 16 Name 0 0 0
1051 3045 671 16 Name 0 0 0
5629 2537 931 16 Name 0 0 0
793 1450 755 16 Name 0 0 0
1952 1436 916 16 Name 0 0 0
5274 4077 317 16 Name 0 0 0
5787 1282 207 16 Name 0 0 0
6818 3101 957 16 Name 0 0 0
8161 5970 806 16 Name 0 0 0
2724 1334 1006 16 Name 0 0 0
3871 6858 737 16 Name 0 0 0
4206 38 520 16 Name 0 0 0
8068 7283 709 16 Name 0 0 0
1521 1093 367 16 Name 0 0 0
7005 1422 781 16 Name 0 0 0
4994 975 310 16 Name 0 0 0
3272 3842 720 16 Name 0 0 0
3293 2577 800 16 Name 0 0 0
4397 4379 876 16 Name 0 0 0
4131 2473 543 16 Name 0 0 0
211 1837 683 16 Name 0 0 0
3539 6659 856 16 Name 0 0 0
7249 5282 568 16 Name 0 0 0
1463 7048 406 16 Name 0 0 0
3344 5496 386 16 Name 0 0 0
7733 4425 859 16 Name 0 0 0
4986 5780 172 16 Name 0 0 0
2609 6985 933 16 Name 0 0 0
3402 6296 729 16 Name 0 0 0
6170 1841 538 16 Name 0 0 0
2258 12 290 16 Name 0 0 0
318 5790 450 16 Name 0 0 0
3601 3228 816 16 Name 0 0 0
2799 1966 683 16 Name 0 0 0
4582 4370 411 16 Name 0 0 0
888 1509 436 16 Name 0 0 0
7076 7574 639 16 Name 0 0 0
6179 1631 379 16 Name 0 0 0
1836 1817 1007 16 Name 0 0 0
5905 1178 990 16 Name 0 0 0
3316 3147 640 16 Name 0 0 0
1699 198 918 16 Name 0 0 0
2688 3768 217 16 Name 0 0 0
170 4533 569 16 Name 0 0 0
3139 7052 609 16 Name 0 0 0
3214 6874 74 16 Name 0 0 0
6808 4062 83 16 Name 0 0 0
1088 7230 530 16 Name 0 0 0
7103 5716 969 16 Name 0 0 0
1585 7031 461 16 Name 0 0 0
1415 1811 308 16 Name 0 0 0
4683 540 222 16 Name 0 0 0
4884 857 918 16 Name 0 0 0
6784 201 388 16 Name 0 0 0
1761 2933 268 16 Name 0 0 0
3965 7966 890 16 Name 0 0 0
3567 3131 305 16 Name 0 0 0
2815 7216 153 16 Name 0 0 0
6042 7911 963 16 Name 0 0 0
5020 4521 58 16 Name 0 0 0
4036 1423 177 16 Name 0 0 0
1435 7160 235 16 Name 0 0 0
6719 4993 652 16 Name 0 0 0
753 7575 858 16 Name 0 0 0
715 3298 118 16 Name 0 0 0
2340 6490 107 16 Name 0 0 0
6356 4122 748 16 Name 0 0 0
2871 2412 766 16 Name 0 0 0
4134 7592 888 16 Name 0 0 0
6494 5250 36 16 Name 0 0 0
6453 1898 537 16 Name 0 0 0
3835 4841 868 16 Name 0 0 0
6077 4442 538 16 Name 0 0 0
1546 6341 783 16 Name 0 0 0
5184 3143 512 16 Name 0 0 0
4104 7906 643 16 Name 0 0 0
7510 3660 627 16 Name 0 0 0
2086 2371 342 16 Name 0 0 0
4226 1057 250 16 Name 0 0 0
5530 5275 539 16 Name 0 0 0
2684 3404 450 16 Name 0 0 0
1128 7282 758 16 Name 0 0 0
1330 7076 325 16 Name 0 0 0
1436 2211 818 16 Name 0 0 0
5343 6575 269 16 Name 0 0 0
960 2390 991 16 Name 0 0 0
3812 5093 355 16 Name 0 0 0
3447 7323 163 16 Name 0 0 0
2166 6176 613 16 Name 0 0 0
1441 2379 254 16 Name 0 0 0
4124 1066 105 16 Name 0 0 0
6090 6369 721 16 Name 0 0 0
6314 3947 986 16 Name 0 0 0
6731 5422 614 16 Name 0 0 0
5050 7764 810 16 Name 0 0 0
3296 4693 311 16 Name 0 0 0
3114 507 355 16 Name 0 0 0
906 4409 273 16 Name 0 0 0
7374 4192 74 16 Name 0 0 0
763 6981 457 16 Name 0 0 0
1800 5060 1022 16 Name 0 0 0
5820 2081 755 16 Name 0 0 0
7588 1076 657 16 Name 0 0 0
698 5137 788 16 Name 0 0 0
1222 3973 974 16 Name 0 0 0
7234 7232 970 16 Name 0 0 0
6671 4831 1023 16 Name 0 0 0
8071 5647 602 16 Name 0 0 0
8142 3942 643 16 Name 0 0 0
1771 4036 236 16 Name 0 0 0
2024 7796 841 16 Name 0 0 0
2957 7865 979 16 Name 0 0 0
6769 1117 538 16 Name 0 0 0
608 5278 212 16 Name 0 0 0
7742 1485 425 16 Name 0 0 0
1620 5596 187 16 Name 0 0 0
6618 7193 35 16 Name 0 0 0
4097 2080 1022 16 Name 0 0 0
1962 746 201 16 Name 0 0 0
4023 7812 824 16 Name 0 0 0
7548 5010 503 16 Name 0 0 0
1012 6877 998 16 Name 0 0 0
5438 2747 417 16 Name 0 0 0
5463 1746 385 16 Name 0 0 0
1681 2955 237 16 Name 0 0 0
1375 1892 267 16 Name 0 0 0
6746 2811 1003 16 Name 0 0 0
4297 5179 838 16 Name 0 0 0
7093 587 665 16 Name 0 0 0
3936 2658 119 16 Name 0 0 0
3851 4731 77 16 Name 0 0 0
7874 1684 990 16 Name 0 0 0
2309 7147 494 16 Name 0 0 0
4394 4488 44 16 Name 0 0 0
3740 1255 946 16 Name 0 0 0
7237 3211 650 16 Name 0 0 0
3564 6489 717 16 Name 0 0 0
2700 2922 531 16 Name 0 0 0
8128 730 738 16 Name 0 0 0
8001 5896 539 16 Name 0 0 0
78 7121 44 16 Name 0 0 0
4780 847 345 16 Name 0 0 0
602 2070 849 16 Name 0 0 0
5394 6868 40 16 Name 0 0 0
3792 5693 32 16 Name 0 0 0
6881 2574 319 16 Name 0 0 0
7943 3850 364 16 Name 0 0 0
1354 3447 845 16 Name 0 0 0
5331 4616 812 16 Name 0 0 0
2978 5696 248 16 Name 0 0 0
5547 5894 440 16 Name 0 0 0
1342 1025 776 16 Name 0 0 0
2481 3506 131 16 Name 0 0 0
2866 120 439 16 Name 0 0 0
6155 4086 85 16 Name 0 0 0
549 7030 116 16 Name 0 0 0
474 6352 819 16 Name 0 0 0
1655 5387 706 16 Name 0 0 0
6923 1998 616 16 Name 0 0 0
263 6193 903 16 Name 0 0 0
1643 7078 256 16 Name 0 0 0
13 1135 592 16 Name 0 0 0
1421 4514 433 16 Name 0 0 0
7999 2635 746 16 Name 0 0 0
4015 4109 476 16 Name 0 0 0
3607 6567 266 16 Name 0 0 0
4885 5697 612 16 Name 0 0 0
7044 6045 606 16 Name 0 0 0
2563 5992 657 16 Name 0 0 0
2067 7424 386 16 Name 0 0 0
5316 2171 863 16 Name 0 0 0
7605 2368 498 16 Name 0 0 0
7835 6912 639 16 Name 0 0 0
4125 261 145 16 Name 0 0 0
1205 2483 890 16 Name 0 0 0
7508 5877 704 16 Name 0 0 0
56 7246 516 16 Name 0 0 0
982 6640 155 16 Name 0 0 0
3957 4852 137 16 Name 0 0 0
7759 2948 34 16 Name 0 0 0
7501 1203 677 16 Name 0 0 0
4678 7561 95 16 Name 0 0 0
2233 2725 324 16 Name 0 0 0
2456 6777 764 16 Name 0 0 0
2662 2869 686 16 Name 0 0 0
3926 4730 619 16 Name 0 0 0
8173 6256 659 16 Name 0 0 0
6987 5785 298 16 Name 0 0 0
2467 2502 215 16 Name 0 0 0
7847 6692 281 16 Name 0 0 0
3267 3005 341 16 Name 0 0 0
7233 1229 145 16 Name 0 0 0
5964 7804 262 16 Name 0 0 0
3110 2328 450 16 Name 0 0 0
5633 4703 138 16 Name 0 0 0
5280 3999 719 16 Name 0 0 0
8104 2683 127 16 Name 0 0 0
3581 1701 571 16 Name 0 0 0
4328 5011 333 16 Name 0 0 0
4941 3497 829 16 Name 0 0 0
2584 6551 802 16 Name 0 0 0
1736 603 981 16 Name 0 0 0
5510 3324 588 16 Name 0 0 0
6400 6578 905 16 Name 0 0 0
2566 3025 730 16 Name 0 0 0
3569 2247 541 16 Name 0 0 0
6055 4422 120 16 Name 0 0 0
622 2067 405 16 Name 0 0 0
2990 3840 466 16 Name 0 0 0
5866 1291 674 16 Name 0 0 0
8085 7858 889 16 Name 0 0 0
1261 5833 928 16 Name 0 0 0
7772 5101 801 16 Name 0 0 0
1394 3598 599 16 Name 0 0 0
3750 7249 610 16 Name 0 0 0
4116 3205 114 16 Name 0 0 0
8057 2579 596 16 Name 0 0 0
4780 7395 211 16 Name 0 0 0
2440 4094 37 16 Name 0 0 0
5207 1523 216 16 Name 0 0 0
7330 722 633 16 Name 0 0 0
6126 688 841 16 Name 0 0 0
2452 6050 842 16 Name 0 0 0
2138 2532 316 16 Name 0 0 0
3121 2154 719 16 Name 0 0 0
7662 4566 425 16 Name 0 0 0
5490 6809 916 16 Name 0 0 0
567 5498 262 16 Name 0 0 0
731 4551 564 16 Name 0 0 0
6524 2670 177 16 Name 0 0 0
737 6448 269 16 Name 0 0 0
3860 633 884 16 Name 0 0 0
755 3666 106 16 Name 0 0 0
1887 3393 539 16 Name 0 0 0
7591 4439 989 16 Name 0 0 0
6872 3612 121 16 Name 0 0 0
2589 2924 931 16 Name 0 0 0
6778 8094 108 16 Name 0 0 0
3123 6074 977 16 Name 0 0 0
1867 1964 311 16 Name 0 0 0
2206 444 242 16 Name 0 0 0
6223 2433 668 16 Name 0 0 0
4965 3828 127 16 Name 0 0 0
2280 5522 418 16 Name 0 0 0
218 5523 453 16 Name 0 0 0
7796 1981 42 16 Name 0 0 0
3029 5852 875 16 Name 0 0 0
3562 4349 666 16 Name 0 0 0
8157 2106 652 16 Name 0 0 0
2345 261 813 16 Name 0 0 0
2147 2544 289 16 Name 0 0 0
1533 5169 981 16 Name 0 0 0
1515 254 923 16 Name 0 0 0
6726 1409 438 16 Name 0 0 0
2770 4879 937 16 Name 0 0 0
1068 4114 565 16 Name 0 0 0
5516 1317 677 16 Name 0 0 0
4428 816 632 16 Name 0 0 0
2293 8042 864 16 Name 0 0 0
4849 2983 326 16 Name 0 0 0
2751 8121 173 16 Name 0 0 0
2512 2437 108 16 Name 0 0 0
7176 3758 590 16 Name 0 0 0
7821 87 841 16 Name 0 0 0
6430 2563 90 16 Name 0 0 0
2669 4224 658 16 Name 0 0 0
2989 6326 711 16 Name 0 0 0
1095 5968 816 16 Name 0 0 0
5582 2555 830 16 Name 0 0 0
2855 5432 764 16 Name 0 0 0
6823 2123 356 16 Name 0 0 0
5779 6333 833 16 Name 0 0 0
6751 6330 260 16 Name 0 0 0
5400 5604 659 16 Name 0 0 0
2700 724 833 16 Name 0 0 0
7349 2923 393 16 Name 0 0 0
4587 1512 663 16 Name 0 0 0
4255 3535 790 16 Name 0 0 0
1244 530 176 16 Name 0 0 0
5160 5385 747 16 Name 0 0 0
6618 5382 531 16 Name 0 0 0
3386 854 643 16 Name 0 0 0
7133 7236 378 16 Name 0 0 0
603 4970 892 16 Name 0 0 0
3249 6382 831 16 Name 0 0 0
1702 5882 665 16 Name 0 0 0
3 234 119 16 Name 0 0 0
418 1869 844 16 Name 0 0 0
3899 6813 440 16 Name 0 0 0
7343 6850 299 16 Name 0 0 0
3597 3003 57 16 Name 0 0 0
668 1026 718 16 Name 0 0 0
4749 4789 242 16 Name 0 0 0
2592 1093 373 16 Name 0 0 0
8154 2439 951 16 Name 0 0 0
3813 3681 490 16 Name 0 0 0
8058 6529 863 16 Name 0 0 0
2033 5200 360 16 Name 0 0 0
6473 3787 369 16 Name 0 0 0
6296 1976 641 16 Name 0 0 0
7392 6194 220 16 Name 0 0 0
5087 2048 200 16 Name 0 0 0
1249 1675 876 16 Name 0 0 0
2903 4182 254 16 Name 0 0 0
7139 5943 920 16 Name 0 0 0
5782 5969 132 16 Name 0 0 0
290 786 902 16 Name 0 0 0
6959 1357 734 16 Name 0 0 0
7664 7847 200 16 Name 0 0 0
1617 1486 1021 16 Name 0 0 0
2174 2398 924 16 Name 0 0 0
6595 7829 478 16 Name 0 0 0
4480 4186 522 16 Name 0 0 0
6143 1468 333 16 Name 0 0 0
3889 2204 416 16 Name 0 0 0
5855 3898 548 16 Name 0 0 0
3645 1542 599 16 Name 0 0 0
5906 471 1018 16 Name 0 0 0
211 5214 259 16 Name 0 0 0
1327 3389 512 16 Name 0 0 0
4556 6619 237 16 Name 0 0 0
619 6027 132 16 Name 0 0 0
5767 4296 452 16 Name 0 0 0
1698 5820 284 16 Name 0 0 0
2910 3303 673 16 Name 0 0 0
1070 530 926 16 Name 0 0 0
7397 1949 39 16 Name 0 0 0
6799 2023 70 16 Name 0 0 0
7205 2079 906 16 Name 0 0 0
5179 7833 897 16 Name 0 0 0
2391 7957 477 16 Name 0 0 0
7785 3888 901 16 Name 0 0 0
6226 6370 181 16 Name 0 0 0
1812 3641 1009 16 Name 0 0 0
6149 4934 910 16 Name 0 0 0
830 1332 226 16 Name 0 0 0
2916 3576 258 16 Name 0 0 0
3273 1406 840 16 Name 0 0 0
5103 6802 76 16 Name 0 0 0
2268 4029 714 16 Name 0 0 0
2597 6688 673 16 Name 0 0 0
307 647 522 16 Name 0 0 0
1270 4612 200 16 Name 0 0 0
3807 5266 842 16 Name 0 0 0
4557 6025 928 16 Name 0 0 0
5277 971 298 16 Name 0 0 0
7709 6368 873 16 Name 0 0 0
5574 8100 576 16 Name 0 0 0
7466 258 159 16 Name 0 0 0
2062 1046 103 16 Name 0 0 0
3681 5062 792 16 Name 0 0 0
1175 7687 736 16 Name 0 0 0
6156 5307 284 16 Name 0 0 0
3684 5909 1015 16 Name 0 0 0
5237 5351 951 16 Name 0 0 0
6333 5609 656 16 Name 0 0 0
2011 5642 528 16 Name 0 0 0
6454 2848 621 16 Name 0 0 0
6580 7328 472 16 Name 0 0 0
4235 7753 1017 16 Name 0 0 0
2984 2504 389 16 Name 0 0 0
7325 4434 373 16 Name 0 0 0
2014 1763 641 16 Name 0 0 0
4642 7690 221 16 Name 0 0 0
5185 6087 206 16 Name 0 0 0
1209 4536 588 16 Name 0 0 0
5729 7826 983 16 Name 0 0 0
617 725 899 16 Name 0 0 0
120 4242 349 16 Name 0 0 0
3683 2129 875 16 Name 0 0 0
7887 4794 441 16 Name 0 0 0
1000 6179 915 16 Name 0 0 0
6628 8128 415 16 Name 0 0 0
4214 3714 619 16 Name 0 0 0
4176 1382 630 16 Name 0 0 0
6602 203 529 16 Name 0 0 0
4910 4191 631 16 Name 0 0 0
4455 4137 533 16 Name 0 0 0
667 969 149 16 Name 0 0 0
4497 4331 276 16 Name 0 0 0
3018 7461 1023 16 Name 0 0 0
560 4005 708 16 Name 0 0 0
5484 2192 620 16 Name 0 0 0
5690 3665 479 16 Name 0 0 0
3379 3432 994 16 Name 0 0 0
4009 5654 413 16 Name 0 0 0
1544 7532 267 16 Name 0 0 0
7630 7847 814 16 Name 0 0 0
5576 4172 981 16 Name 0 0 0
3415 2142 615 16 Name 0 0 0
7805 6488 364 16 Name 0 0 0
155 6249 202 16 Name 0 0 0
6267 3673 462 16 Name 0 0 0
6768 5515 44 16 Name 0 0 0
5116 3487 589 16 Name 0 0 0
3212 7967 674 16 Name 0 0 0
1155 1725 835 16 Name 0 0 0
1968 1287 290 16 Name 0 0 0
496 5900 155 16 Name 0 0 0
778 8165 525 16 Name 0 0 0
3448 2712 346 16 Name 0 0 0
2982 1615 786 16 Name 0 0 0
3183 4785 1021 16 Name 0 0 0
6104 7141 718 16 Name 0 0 0
95 7599 456 16 Name 0 0 0
7876 8167 810 16 Name 0 0 0
2120 996 313 16 Name 0 0 0
4265 6509 253 16 Name 0 0 0
1690 2432 540 16 Name 0 0 0
6688 1555 580 16 Name 0 0 0
6586 6892 150 16 Name 0 0 0
3186 4235 311 16 Name 0 0 0
6280 556 518 16 Name 0 0 0
5291 3784 910 16 Name 0 0 0
2020 726 480 16 Name 0 0 0
x-Min=0
x-Max=8192
y-Min=0
y-Max=8192
min label height=16.0
max label height=16.0
min label width=32.0
max label width=1024
