1024
908 132 104 4 Name 0 0 0
1680 626 112 4 Name 0 0 0
1503 76 26 4 Name 0 0 0
1419 128 43 4 Name 0 0 0
1804 1732 33 4 Name 0 0 0
1674 874 29 4 Name 0 0 0
261 938 18 4 Name 0 0 0
1138 1764 126 4 Name 0 0 0
379 1657 93 4 Name 0 0 0
1784 622 109 4 Name 0 0 0
196 1537 103 4 Name 0 0 0
315 824 102 4 Name 0 0 0
713 802 78 4 Name 0 0 0
679 479 13 4 Name 0 0 0
1052 77 72 4 Name 0 0 0
1372 898 71 4 Name 0 0 0
939 1542 81 4 Name 0 0 0
937 487 92 4 Name 0 0 0
414 902 63 4 Name 0 0 0
1566 1841 71 4 Name 0 0 0
965 1106 45 4 Name 0 0 0
1645 143 17 4 Name 0 0 0
1774 147 20 4 Name 0 0 0
1069 1896 14 4 Name 0 0 0
917 603 59 4 Name 0 0 0
1802 906 106 4 Name 0 0 0
174 877 12 4 Name 0 0 0
136 902 85 4 Name 0 0 0
1531 700 118 4 Name 0 0 0
1739 1542 93 4 Name 0 0 0
209 1937 41 4 Name 0 0 0
817 862 11 4 Name 0 0 0
1403 1661 39 4 Name 0 0 0
720 672 17 4 Name 0 0 0
414 438 30 4 Name 0 0 0
1554 1761 82 4 Name 0 0 0
109 107 63 4 Name 0 0 0
854 1755 71 4 Name 0 0 0
1965 1855 34 4 Name 0 0 0
254 259 61 4 Name 0 0 0
822 161 107 4 Name 0 0 0
1057 1639 23 4 Name 0 0 0
1092 152 29 4 Name 0 0 0
637 1098 34 4 Name 0 0 0
272 786 20 4 Name 0 0 0
78 769 109 4 Name 0 0 0
708 1042 114 4 Name 0 0 0
318 1140 36 4 Name 0 0 0
40 651 26 4 Name 0 0 0
140 234 44 4 Name 0 0 0
1707 183 98 4 Name 0 0 0
1056 189 111 4 Name 0 0 0
117 1183 126 4 Name 0 0 0
449 1782 118 4 Name 0 0 0
1248 412 113 4 Name 0 0 0
1068 710 100 4 Name 0 0 0
2008 1930 117 4 Name 0 0 0
1678 505 33 4 Name 0 0 0
822 923 57 4 Name 0 0 0
957 1119 92 4 Name 0 0 0
934 1444 75 4 Name 0 0 0
2 278 33 4 Name 0 0 0
780 1095 13 4 Name 0 0 0
1103 161 100 4 Name 0 0 0
543 912 61 4 Name 0 0 0
735 17 69 4 Name 0 0 0
1711 1835 123 4 Name 0 0 0
1849 1176 70 4 Name 0 0 0
136 1516 45 4 Name 0 0 0
1926 1526 26 4 Name 0 0 0
854 430 70 4 Name 0 0 0
93 1357 125 4 Name 0 0 0
2020 1759 50 4 Name 0 0 0
1819 762 16 4 Name 0 0 0
1926 841 27 4 Name 0 0 0
1706 999 58 4 Name 0 0 0
556 1989 59 4 Name 0 0 0
1618 1519 81 4 Name 0 0 0
1956 528 87 4 Name 0 0 0
82 928 40 4 Name 0 0 0
1496 1973 89 4 Name 0 0 0
830 116 23 4 Name 0 0 0
1199 637 11 4 Name 0 0 0
822 2044 59 4 Name 0 0 0
657 942 120 4 Name 0 0 0
258 27 92 4 Name 0 0 0
1488 1965 100 4 Name 0 0 0
953 1827 46 4 Name 0 0 0
694 893 78 4 Name 0 0 0
646 516 81 4 Name 0 0 0
1153 1912 53 4 Name 0 0 0
462 57 78 4 Name 0 0 0
183 295 83 4 Name 0 0 0
448 1117 122 4 Name 0 0 0
1491 1434 32 4 Name 0 0 0
136 855 61 4 Name 0 0 0
1155 81 69 4 Name 0 0 0
775 245 46 4 Name 0 0 0
459 1544 66 4 Name 0 0 0
1658 189 115 4 Name 0 0 0
1290 601 122 4 Name 0 0 0
178 965 116 4 Name 0 0 0
389 611 37 4 Name 0 0 0
674 26 78 4 Name 0 0 0
692 1286 85 4 Name 0 0 0
1737 1591 35 4 Name 0 0 0
581 1117 125 4 Name 0 0 0
673 913 70 4 Name 0 0 0
612 1587 96 4 Name 0 0 0
1616 1262 92 4 Name 0 0 0
1909 363 122 4 Name 0 0 0
1458 2031 61 4 Name 0 0 0
490 1889 58 4 Name 0 0 0
1535 307 22 4 Name 0 0 0
1623 1363 25 4 Name 0 0 0
1659 939 80 4 Name 0 0 0
493 659 75 4 Name 0 0 0
226 1784 62 4 Name 0 0 0
1607 1879 95 4 Name 0 0 0
237 701 52 4 Name 0 0 0
1137 1030 63 4 Name 0 0 0
1736 1039 73 4 Name 0 0 0
1977 1664 77 4 Name 0 0 0
29 995 54 4 Name 0 0 0
1016 697 24 4 Name 0 0 0
751 134 30 4 Name 0 0 0
1503 802 59 4 Name 0 0 0
1897 1181 18 4 Name 0 0 0
1368 264 105 4 Name 0 0 0
1311 1887 89 4 Name 0 0 0
369 190 48 4 Name 0 0 0
1506 793 33 4 Name 0 0 0
1928 758 89 4 Name 0 0 0
1361 1549 116 4 Name 0 0 0
314 1567 62 4 Name 0 0 0
672 1781 69 4 Name 0 0 0
1310 1795 64 4 Name 0 0 0
1784 2026 92 4 Name 0 0 0
49 125 47 4 Name 0 0 0
575 789 71 4 Name 0 0 0
771 883 47 4 Name 0 0 0
373 1384 52 4 Name 0 0 0
855 1083 99 4 Name 0 0 0
1407 491 103 4 Name 0 0 0
1683 1407 27 4 Name 0 0 0
1227 1455 75 4 Name 0 0 0
26 462 71 4 Name 0 0 0
1065 573 102 4 Name 0 0 0
697 1687 111 4 Name 0 0 0
1294 1883 122 4 Name 0 0 0
882 1352 97 4 Name 0 0 0
766 1333 37 4 Name 0 0 0
373 1065 38 4 Name 0 0 0
720 1868 40 4 Name 0 0 0
1175 273 27 4 Name 0 0 0
1451 1248 113 4 Name 0 0 0
1891 1925 76 4 Name 0 0 0
950 969 91 4 Name 0 0 0
1584 1643 95 4 Name 0 0 0
279 1224 29 4 Name 0 0 0
885 1282 32 4 Name 0 0 0
618 2000 70 4 Name 0 0 0
943 1082 36 4 Name 0 0 0
124 932 115 4 Name 0 0 0
1738 1436 52 4 Name 0 0 0
306 1922 119 4 Name 0 0 0
575 1575 22 4 Name 0 0 0
205 1118 73 4 Name 0 0 0
473 826 68 4 Name 0 0 0
209 183 32 4 Name 0 0 0
1769 1588 119 4 Name 0 0 0
989 1745 58 4 Name 0 0 0
327 1357 75 4 Name 0 0 0
296 905 57 4 Name 0 0 0
863 631 29 4 Name 0 0 0
728 304 24 4 Name 0 0 0
671 1486 119 4 Name 0 0 0
1059 131 65 4 Name 0 0 0
1226 508 64 4 Name 0 0 0
590 1614 52 4 Name 0 0 0
1863 281 67 4 Name 0 0 0
1713 418 115 4 Name 0 0 0
492 58 118 4 Name 0 0 0
1536 321 57 4 Name 0 0 0
1089 88 54 4 Name 0 0 0
1050 1387 125 4 Name 0 0 0
1362 1277 117 4 Name 0 0 0
598 752 71 4 Name 0 0 0
546 852 56 4 Name 0 0 0
1062 1176 89 4 Name 0 0 0
375 197 125 4 Name 0 0 0
1943 401 91 4 Name 0 0 0
523 1682 26 4 Name 0 0 0
514 1109 73 4 Name 0 0 0
1430 658 123 4 Name 0 0 0
627 1736 94 4 Name 0 0 0
590 743 119 4 Name 0 0 0
1142 1810 97 4 Name 0 0 0
627 1970 127 4 Name 0 0 0
1741 1458 82 4 Name 0 0 0
602 1709 43 4 Name 0 0 0
1885 515 24 4 Name 0 0 0
2018 375 16 4 Name 0 0 0
1709 610 109 4 Name 0 0 0
301 1213 52 4 Name 0 0 0
1357 1523 127 4 Name 0 0 0
303 1785 44 4 Name 0 0 0
2034 915 122 4 Name 0 0 0
257 304 89 4 Name 0 0 0
1014 1045 11 4 Name 0 0 0
343 324 125 4 Name 0 0 0
92 2008 99 4 Name 0 0 0
898 1142 80 4 Name 0 0 0
161 1405 73 4 Name 0 0 0
569 69 12 4 Name 0 0 0
965 1223 112 4 Name 0 0 0
447 1630 69 4 Name 0 0 0
819 1159 11 4 Name 0 0 0
592 1554 60 4 Name 0 0 0
219 1988 24 4 Name 0 0 0
1510 271 38 4 Name 0 0 0
1076 1991 109 4 Name 0 0 0
273 1537 53 4 Name 0 0 0
214 799 20 4 Name 0 0 0
310 1886 126 4 Name 0 0 0
123 625 72 4 Name 0 0 0
91 436 32 4 Name 0 0 0
348 1007 38 4 Name 0 0 0
1294 831 58 4 Name 0 0 0
1507 376 114 4 Name 0 0 0
619 1723 98 4 Name 0 0 0
1682 70 124 4 Name 0 0 0
385 1680 79 4 Name 0 0 0
122 1422 47 4 Name 0 0 0
934 1557 58 4 Name 0 0 0
1856 1093 87 4 Name 0 0 0
1424 1286 127 4 Name 0 0 0
557 1744 28 4 Name 0 0 0
1291 299 108 4 Name 0 0 0
1308 1512 42 4 Name 0 0 0
505 1952 127 4 Name 0 0 0
1199 1780 22 4 Name 0 0 0
1377 1498 89 4 Name 0 0 0
1360 15 48 4 Name 0 0 0
1422 1575 92 4 Name 0 0 0
206 1186 90 4 Name 0 0 0
1265 790 113 4 Name 0 0 0
559 1538 28 4 Name 0 0 0
1294 2003 23 4 Name 0 0 0
350 888 75 4 Name 0 0 0
618 1454 36 4 Name 0 0 0
1844 70 96 4 Name 0 0 0
672 753 54 4 Name 0 0 0
60 1672 28 4 Name 0 0 0
884 1071 115 4 Name 0 0 0
2031 1264 9 4 Name 0 0 0
971 1788 109 4 Name 0 0 0
1782 1391 83 4 Name 0 0 0
85 841 49 4 Name 0 0 0
208 50 75 4 Name 0 0 0
449 1429 63 4 Name 0 0 0
932 58 127 4 Name 0 0 0
1203 374 114 4 Name 0 0 0
1530 480 123 4 Name 0 0 0
917 682 125 4 Name 0 0 0
1318 455 35 4 Name 0 0 0
695 324 46 4 Name 0 0 0
1126 789 120 4 Name 0 0 0
319 293 78 4 Name 0 0 0
430 930 67 4 Name 0 0 0
100 1647 84 4 Name 0 0 0
1168 1284 79 4 Name 0 0 0
1823 484 109 4 Name 0 0 0
1593 1078 73 4 Name 0 0 0
209 614 66 4 Name 0 0 0
1095 164 23 4 Name 0 0 0
1049 1122 50 4 Name 0 0 0
475 355 40 4 Name 0 0 0
1508 1872 86 4 Name 0 0 0
2041 1690 31 4 Name 0 0 0
866 1955 82 4 Name 0 0 0
119 1392 15 4 Name 0 0 0
1987 1988 69 4 Name 0 0 0
1361 2043 81 4 Name 0 0 0
944 229 37 4 Name 0 0 0
488 393 14 4 Name 0 0 0
345 299 52 4 Name 0 0 0
1784 770 32 4 Name 0 0 0
1656 1512 82 4 Name 0 0 0
1989 1909 85 4 Name 0 0 0
777 552 120 4 Name 0 0 0
1825 280 114 4 Name 0 0 0
434 1085 46 4 Name 0 0 0
1232 1244 33 4 Name 0 0 0
851 1603 34 4 Name 0 0 0
1135 1516 79 4 Name 0 0 0
525 1393 87 4 Name 0 0 0
1228 1366 19 4 Name 0 0 0
120 771 77 4 Name 0 0 0
697 73 12 4 Name 0 0 0
1549 1987 14 4 Name 0 0 0
102 178 48 4 Name 0 0 0
1392 191 34 4 Name 0 0 0
1547 941 86 4 Name 0 0 0
401 95 120 4 Name 0 0 0
1610 41 95 4 Name 0 0 0
1330 812 45 4 Name 0 0 0
242 2017 98 4 Name 0 0 0
534 444 45 4 Name 0 0 0
1225 772 64 4 Name 0 0 0
1981 1688 33 4 Name 0 0 0
890 1858 75 4 Name 0 0 0
1432 943 73 4 Name 0 0 0
197 257 91 4 Name 0 0 0
745 1114 118 4 Name 0 0 0
1499 1803 25 4 Name 0 0 0
608 1692 18 4 Name 0 0 0
278 105 124 4 Name 0 0 0
1473 415 73 4 Name 0 0 0
630 690 56 4 Name 0 0 0
43 48 95 4 Name 0 0 0
291 1545 88 4 Name 0 0 0
1167 698 58 4 Name 0 0 0
255 509 9 4 Name 0 0 0
62 841 44 4 Name 0 0 0
696 187 86 4 Name 0 0 0
1018 1423 63 4 Name 0 0 0
1798 976 25 4 Name 0 0 0
130 804 105 4 Name 0 0 0
722 1960 126 4 Name 0 0 0
1282 1202 48 4 Name 0 0 0
695 291 124 4 Name 0 0 0
781 465 121 4 Name 0 0 0
248 218 95 4 Name 0 0 0
988 1769 48 4 Name 0 0 0
2039 1092 43 4 Name 0 0 0
1258 660 109 4 Name 0 0 0
174 1246 51 4 Name 0 0 0
1696 1747 38 4 Name 0 0 0
837 257 114 4 Name 0 0 0
1584 1080 72 4 Name 0 0 0
1618 1375 75 4 Name 0 0 0
1039 1266 29 4 Name 0 0 0
1535 1560 64 4 Name 0 0 0
1994 1210 120 4 Name 0 0 0
1301 445 85 4 Name 0 0 0
14 1224 73 4 Name 0 0 0
1144 566 65 4 Name 0 0 0
713 819 49 4 Name 0 0 0
1326 48 47 4 Name 0 0 0
1234 230 23 4 Name 0 0 0
486 121 75 4 Name 0 0 0
1515 975 98 4 Name 0 0 0
1534 330 72 4 Name 0 0 0
1602 1401 56 4 Name 0 0 0
863 45 34 4 Name 0 0 0
1236 1694 62 4 Name 0 0 0
1731 806 83 4 Name 0 0 0
1246 156 11 4 Name 0 0 0
1033 1932 30 4 Name 0 0 0
650 1035 15 4 Name 0 0 0
704 1976 58 4 Name 0 0 0
1125 523 122 4 Name 0 0 0
775 1197 81 4 Name 0 0 0
1365 777 102 4 Name 0 0 0
1153 1154 13 4 Name 0 0 0
1068 1174 118 4 Name 0 0 0
432 1145 51 4 Name 0 0 0
631 1076 98 4 Name 0 0 0
1358 2000 53 4 Name 0 0 0
225 733 80 4 Name 0 0 0
2005 1205 47 4 Name 0 0 0
701 1973 36 4 Name 0 0 0
1928 475 50 4 Name 0 0 0
1810 615 43 4 Name 0 0 0
972 1479 18 4 Name 0 0 0
1926 1225 76 4 Name 0 0 0
160 1488 40 4 Name 0 0 0
1842 1326 109 4 Name 0 0 0
342 1892 116 4 Name 0 0 0
1927 1770 35 4 Name 0 0 0
680 191 20 4 Name 0 0 0
1690 1866 15 4 Name 0 0 0
1559 1419 22 4 Name 0 0 0
1731 638 21 4 Name 0 0 0
1170 946 38 4 Name 0 0 0
1560 951 77 4 Name 0 0 0
491 518 109 4 Name 0 0 0
428 1979 106 4 Name 0 0 0
529 919 18 4 Name 0 0 0
531 561 60 4 Name 0 0 0
1041 1197 60 4 Name 0 0 0
1169 407 79 4 Name 0 0 0
954 1144 33 4 Name 0 0 0
1807 1916 67 4 Name 0 0 0
560 1696 110 4 Name 0 0 0
1803 657 126 4 Name 0 0 0
1717 934 41 4 Name 0 0 0
806 1992 57 4 Name 0 0 0
1083 1899 33 4 Name 0 0 0
1670 2018 13 4 Name 0 0 0
1203 34 99 4 Name 0 0 0
1105 466 17 4 Name 0 0 0
1481 1194 122 4 Name 0 0 0
1544 1949 97 4 Name 0 0 0
1323 1999 105 4 Name 0 0 0
300 1531 62 4 Name 0 0 0
722 420 72 4 Name 0 0 0
862 179 52 4 Name 0 0 0
591 444 92 4 Name 0 0 0
557 22 103 4 Name 0 0 0
354 851 23 4 Name 0 0 0
4 846 95 4 Name 0 0 0
1155 1526 33 4 Name 0 0 0
1424 34 83 4 Name 0 0 0
1033 1718 123 4 Name 0 0 0
1085 190 49 4 Name 0 0 0
614 761 94 4 Name 0 0 0
1285 1522 21 4 Name 0 0 0
580 1033 49 4 Name 0 0 0
754 1466 86 4 Name 0 0 0
935 1479 113 4 Name 0 0 0
1133 610 78 4 Name 0 0 0
1657 1582 128 4 Name 0 0 0
1265 894 59 4 Name 0 0 0
801 82 112 4 Name 0 0 0
476 914 53 4 Name 0 0 0
698 1764 115 4 Name 0 0 0
1581 577 76 4 Name 0 0 0
1459 1634 94 4 Name 0 0 0
1314 352 104 4 Name 0 0 0
483 377 40 4 Name 0 0 0
1760 1098 96 4 Name 0 0 0
1538 1318 10 4 Name 0 0 0
1834 17 56 4 Name 0 0 0
788 1534 90 4 Name 0 0 0
946 777 47 4 Name 0 0 0
1439 1393 78 4 Name 0 0 0
909 934 58 4 Name 0 0 0
1381 1418 11 4 Name 0 0 0
1449 1161 71 4 Name 0 0 0
1956 469 100 4 Name 0 0 0
507 234 121 4 Name 0 0 0
2 463 13 4 Name 0 0 0
1110 303 14 4 Name 0 0 0
1341 1472 60 4 Name 0 0 0
1120 1597 29 4 Name 0 0 0
971 797 100 4 Name 0 0 0
1428 496 118 4 Name 0 0 0
72 1643 32 4 Name 0 0 0
792 100 29 4 Name 0 0 0
825 1368 52 4 Name 0 0 0
1158 1609 35 4 Name 0 0 0
1273 283 14 4 Name 0 0 0
34 372 87 4 Name 0 0 0
1925 1502 79 4 Name 0 0 0
1394 48 15 4 Name 0 0 0
865 1809 20 4 Name 0 0 0
79 1554 32 4 Name 0 0 0
1299 884 121 4 Name 0 0 0
376 306 97 4 Name 0 0 0
298 65 118 4 Name 0 0 0
1799 288 71 4 Name 0 0 0
929 238 82 4 Name 0 0 0
331 978 59 4 Name 0 0 0
344 1810 83 4 Name 0 0 0
634 1545 20 4 Name 0 0 0
1244 1521 34 4 Name 0 0 0
827 1172 20 4 Name 0 0 0
399 1010 31 4 Name 0 0 0
137 228 92 4 Name 0 0 0
521 1351 61 4 Name 0 0 0
1654 460 121 4 Name 0 0 0
145 1443 38 4 Name 0 0 0
1560 725 14 4 Name 0 0 0
851 917 68 4 Name 0 0 0
1725 528 41 4 Name 0 0 0
1678 559 127 4 Name 0 0 0
1393 175 37 4 Name 0 0 0
490 895 33 4 Name 0 0 0
414 843 84 4 Name 0 0 0
829 436 93 4 Name 0 0 0
1049 1829 32 4 Name 0 0 0
253 1766 60 4 Name 0 0 0
354 1556 86 4 Name 0 0 0
1570 1336 45 4 Name 0 0 0
737 100 49 4 Name 0 0 0
1665 383 89 4 Name 0 0 0
32 1456 53 4 Name 0 0 0
1105 1667 70 4 Name 0 0 0
1933 119 91 4 Name 0 0 0
488 1053 19 4 Name 0 0 0
1903 1437 42 4 Name 0 0 0
853 988 70 4 Name 0 0 0
504 789 67 4 Name 0 0 0
462 89 111 4 Name 0 0 0
194 1443 62 4 Name 0 0 0
1046 1664 104 4 Name 0 0 0
1277 124 67 4 Name 0 0 0
199 211 31 4 Name 0 0 0
44 1024 24 4 Name 0 0 0
1389 990 100 4 Name 0 0 0
1723 1077 88 4 Name 0 0 0
912 1523 73 4 Name 0 0 0
983 1707 40 4 Name 0 0 0
78 1674 66 4 Name 0 0 0
2020 895 115 4 Name 0 0 0
528 1466 89 4 Name 0 0 0
381 51 116 4 Name 0 0 0
302 1549 110 4 Name 0 0 0
1649 1684 39 4 Name 0 0 0
254 1347 59 4 Name 0 0 0
1099 341 85 4 Name 0 0 0
1638 1936 37 4 Name 0 0 0
665 886 34 4 Name 0 0 0
1726 1577 116 4 Name 0 0 0
1748 1968 31 4 Name 0 0 0
958 629 117 4 Name 0 0 0
1271 206 22 4 Name 0 0 0
418 1081 84 4 Name 0 0 0
1477 1781 117 4 Name 0 0 0
1202 1323 31 4 Name 0 0 0
153 1347 100 4 Name 0 0 0
1742 23 65 4 Name 0 0 0
535 742 46 4 Name 0 0 0
1425 876 118 4 Name 0 0 0
177 723 11 4 Name 0 0 0
1398 1863 27 4 Name 0 0 0
1837 531 81 4 Name 0 0 0
566 487 64 4 Name 0 0 0
214 1565 49 4 Name 0 0 0
1650 557 68 4 Name 0 0 0
1965 166 99 4 Name 0 0 0
1996 592 79 4 Name 0 0 0
772 1944 51 4 Name 0 0 0
151 1187 93 4 Name 0 0 0
416 48 81 4 Name 0 0 0
1706 1165 122 4 Name 0 0 0
1638 459 123 4 Name 0 0 0
660 1928 28 4 Name 0 0 0
1348 1090 103 4 Name 0 0 0
1761 264 109 4 Name 0 0 0
633 969 48 4 Name 0 0 0
994 607 61 4 Name 0 0 0
234 817 11 4 Name 0 0 0
939 730 56 4 Name 0 0 0
565 540 43 4 Name 0 0 0
1334 1067 78 4 Name 0 0 0
21 383 119 4 Name 0 0 0
30 701 57 4 Name 0 0 0
1315 262 123 4 Name 0 0 0
1329 49 66 4 Name 0 0 0
599 1955 76 4 Name 0 0 0
490 1439 105 4 Name 0 0 0
967 316 44 4 Name 0 0 0
1698 1901 93 4 Name 0 0 0
114 1485 92 4 Name 0 0 0
905 48 97 4 Name 0 0 0
686 1263 105 4 Name 0 0 0
1047 1803 61 4 Name 0 0 0
323 1804 111 4 Name 0 0 0
19 161 22 4 Name 0 0 0
1651 1754 116 4 Name 0 0 0
541 1037 81 4 Name 0 0 0
1226 707 31 4 Name 0 0 0
776 1305 95 4 Name 0 0 0
1582 2004 16 4 Name 0 0 0
1737 1991 127 4 Name 0 0 0
228 492 100 4 Name 0 0 0
1011 1567 104 4 Name 0 0 0
1551 1196 86 4 Name 0 0 0
646 1468 118 4 Name 0 0 0
1494 133 86 4 Name 0 0 0
1552 896 85 4 Name 0 0 0
264 836 34 4 Name 0 0 0
937 1139 28 4 Name 0 0 0
1408 589 125 4 Name 0 0 0
1678 2031 51 4 Name 0 0 0
719 1462 64 4 Name 0 0 0
1395 1046 57 4 Name 0 0 0
818 945 85 4 Name 0 0 0
1617 336 72 4 Name 0 0 0
2040 1770 60 4 Name 0 0 0
2013 1086 12 4 Name 0 0 0
627 486 124 4 Name 0 0 0
581 1585 122 4 Name 0 0 0
121 1383 26 4 Name 0 0 0
1281 952 126 4 Name 0 0 0
278 1994 88 4 Name 0 0 0
2005 1064 91 4 Name 0 0 0
2017 574 106 4 Name 0 0 0
1795 1484 53 4 Name 0 0 0
807 1061 124 4 Name 0 0 0
1014 707 30 4 Name 0 0 0
487 460 92 4 Name 0 0 0
1519 619 27 4 Name 0 0 0
407 0 20 4 Name 0 0 0
1214 82 109 4 Name 0 0 0
1715 1418 104 4 Name 0 0 0
396 1839 97 4 Name 0 0 0
256 1691 52 4 Name 0 0 0
503 1070 76 4 Name 0 0 0
1064 1881 122 4 Name 0 0 0
1464 734 115 4 Name 0 0 0
1459 926 10 4 Name 0 0 0
691 412 125 4 Name 0 0 0
1683 152 45 4 Name 0 0 0
1445 171 31 4 Name 0 0 0
654 1919 30 4 Name 0 0 0
763 626 26 4 Name 0 0 0
1040 865 21 4 Name 0 0 0
256 1184 98 4 Name 0 0 0
1392 1260 113 4 Name 0 0 0
1433 1305 120 4 Name 0 0 0
1962 1028 50 4 Name 0 0 0
1730 373 86 4 Name 0 0 0
172 311 28 4 Name 0 0 0
402 545 26 4 Name 0 0 0
1091 1513 36 4 Name 0 0 0
1925 1270 104 4 Name 0 0 0
1655 440 71 4 Name 0 0 0
458 1931 54 4 Name 0 0 0
458 1012 34 4 Name 0 0 0
964 1659 35 4 Name 0 0 0
760 1994 79 4 Name 0 0 0
1580 499 116 4 Name 0 0 0
1617 739 67 4 Name 0 0 0
599 684 87 4 Name 0 0 0
1980 1215 35 4 Name 0 0 0
545 1656 26 4 Name 0 0 0
1743 283 29 4 Name 0 0 0
356 1738 94 4 Name 0 0 0
520 1733 42 4 Name 0 0 0
675 151 105 4 Name 0 0 0
1784 491 70 4 Name 0 0 0
2003 358 10 4 Name 0 0 0
1832 1952 45 4 Name 0 0 0
1715 1861 116 4 Name 0 0 0
1930 197 32 4 Name 0 0 0
5 955 11 4 Name 0 0 0
1327 1708 30 4 Name 0 0 0
783 278 32 4 Name 0 0 0
1189 550 96 4 Name 0 0 0
425 1102 94 4 Name 0 0 0
76 604 66 4 Name 0 0 0
32 372 60 4 Name 0 0 0
1259 450 14 4 Name 0 0 0
1348 385 82 4 Name 0 0 0
144 287 38 4 Name 0 0 0
650 417 97 4 Name 0 0 0
666 1039 82 4 Name 0 0 0
159 1455 50 4 Name 0 0 0
2038 133 18 4 Name 0 0 0
276 437 107 4 Name 0 0 0
1101 955 63 4 Name 0 0 0
1874 737 30 4 Name 0 0 0
675 1127 63 4 Name 0 0 0
1576 1034 119 4 Name 0 0 0
1264 1842 76 4 Name 0 0 0
460 189 48 4 Name 0 0 0
179 1455 83 4 Name 0 0 0
906 217 110 4 Name 0 0 0
1161 1098 54 4 Name 0 0 0
1452 744 27 4 Name 0 0 0
1701 520 50 4 Name 0 0 0
368 418 62 4 Name 0 0 0
1797 1235 125 4 Name 0 0 0
2045 1890 20 4 Name 0 0 0
1810 1363 23 4 Name 0 0 0
1277 736 113 4 Name 0 0 0
1851 193 124 4 Name 0 0 0
1790 1385 116 4 Name 0 0 0
1074 1797 19 4 Name 0 0 0
815 1366 73 4 Name 0 0 0
1515 1628 39 4 Name 0 0 0
677 633 47 4 Name 0 0 0
1518 881 49 4 Name 0 0 0
1501 1967 65 4 Name 0 0 0
1285 273 90 4 Name 0 0 0
334 1476 116 4 Name 0 0 0
629 180 63 4 Name 0 0 0
822 458 101 4 Name 0 0 0
1003 1951 79 4 Name 0 0 0
1075 401 21 4 Name 0 0 0
1553 1607 62 4 Name 0 0 0
1019 1085 61 4 Name 0 0 0
1467 480 102 4 Name 0 0 0
824 1036 126 4 Name 0 0 0
1753 800 19 4 Name 0 0 0
1488 404 89 4 Name 0 0 0
702 1755 40 4 Name 0 0 0
469 966 47 4 Name 0 0 0
1853 1314 60 4 Name 0 0 0
258 642 16 4 Name 0 0 0
643 497 15 4 Name 0 0 0
1128 1477 74 4 Name 0 0 0
1931 2019 117 4 Name 0 0 0
1800 456 116 4 Name 0 0 0
1663 1985 50 4 Name 0 0 0
305 831 84 4 Name 0 0 0
1041 93 44 4 Name 0 0 0
1226 1912 59 4 Name 0 0 0
1512 250 48 4 Name 0 0 0
1668 624 31 4 Name 0 0 0
436 948 23 4 Name 0 0 0
1791 1491 32 4 Name 0 0 0
1043 93 40 4 Name 0 0 0
1248 1221 42 4 Name 0 0 0
1736 812 76 4 Name 0 0 0
1330 1946 119 4 Name 0 0 0
1295 182 18 4 Name 0 0 0
1049 67 88 4 Name 0 0 0
921 14 84 4 Name 0 0 0
715 774 51 4 Name 0 0 0
1200 997 73 4 Name 0 0 0
65 639 95 4 Name 0 0 0
360 600 112 4 Name 0 0 0
745 490 104 4 Name 0 0 0
274 1493 128 4 Name 0 0 0
871 103 82 4 Name 0 0 0
20 1020 85 4 Name 0 0 0
1667 668 39 4 Name 0 0 0
810 1404 19 4 Name 0 0 0
1218 180 48 4 Name 0 0 0
1032 1776 29 4 Name 0 0 0
1171 398 53 4 Name 0 0 0
820 1210 10 4 Name 0 0 0
93 613 35 4 Name 0 0 0
562 1483 99 4 Name 0 0 0
1364 254 114 4 Name 0 0 0
658 297 114 4 Name 0 0 0
1476 2034 110 4 Name 0 0 0
1915 294 57 4 Name 0 0 0
2043 290 46 4 Name 0 0 0
1225 9 44 4 Name 0 0 0
1674 763 99 4 Name 0 0 0
721 1294 9 4 Name 0 0 0
1462 971 16 4 Name 0 0 0
1908 1609 28 4 Name 0 0 0
530 1860 77 4 Name 0 0 0
787 1477 62 4 Name 0 0 0
325 1712 118 4 Name 0 0 0
1519 594 93 4 Name 0 0 0
1585 668 39 4 Name 0 0 0
1600 1950 80 4 Name 0 0 0
1580 4 20 4 Name 0 0 0
1942 2005 99 4 Name 0 0 0
882 459 60 4 Name 0 0 0
1362 1276 91 4 Name 0 0 0
1919 1362 18 4 Name 0 0 0
1738 961 9 4 Name 0 0 0
1912 1853 8 4 Name 0 0 0
1644 1153 59 4 Name 0 0 0
313 1896 42 4 Name 0 0 0
1472 113 59 4 Name 0 0 0
1690 1625 63 4 Name 0 0 0
1943 1242 92 4 Name 0 0 0
510 991 125 4 Name 0 0 0
1225 1696 99 4 Name 0 0 0
1490 92 80 4 Name 0 0 0
900 1248 21 4 Name 0 0 0
925 1005 27 4 Name 0 0 0
1845 1403 13 4 Name 0 0 0
1945 609 32 4 Name 0 0 0
1713 1169 10 4 Name 0 0 0
795 1030 34 4 Name 0 0 0
86 379 23 4 Name 0 0 0
484 1043 85 4 Name 0 0 0
896 403 106 4 Name 0 0 0
2 819 83 4 Name 0 0 0
733 1003 46 4 Name 0 0 0
1488 1655 13 4 Name 0 0 0
613 1714 119 4 Name 0 0 0
1932 593 125 4 Name 0 0 0
839 1873 125 4 Name 0 0 0
226 874 84 4 Name 0 0 0
720 1087 42 4 Name 0 0 0
1740 1176 95 4 Name 0 0 0
800 1367 16 4 Name 0 0 0
1148 886 102 4 Name 0 0 0
816 981 74 4 Name 0 0 0
1170 1973 113 4 Name 0 0 0
49 813 62 4 Name 0 0 0
919 570 32 4 Name 0 0 0
961 1049 47 4 Name 0 0 0
1920 1268 59 4 Name 0 0 0
83 1459 60 4 Name 0 0 0
433 914 38 4 Name 0 0 0
214 948 18 4 Name 0 0 0
1980 1879 54 4 Name 0 0 0
1790 531 92 4 Name 0 0 0
1452 824 84 4 Name 0 0 0
1263 806 86 4 Name 0 0 0
463 734 107 4 Name 0 0 0
1690 116 79 4 Name 0 0 0
977 1440 49 4 Name 0 0 0
888 476 20 4 Name 0 0 0
1032 1192 34 4 Name 0 0 0
476 401 103 4 Name 0 0 0
1766 1050 125 4 Name 0 0 0
1559 1992 23 4 Name 0 0 0
427 1047 64 4 Name 0 0 0
1918 619 71 4 Name 0 0 0
1107 1769 69 4 Name 0 0 0
158 1511 15 4 Name 0 0 0
1101 737 69 4 Name 0 0 0
1656 401 60 4 Name 0 0 0
1828 1834 76 4 Name 0 0 0
1816 401 77 4 Name 0 0 0
384 590 126 4 Name 0 0 0
1241 271 91 4 Name 0 0 0
243 781 25 4 Name 0 0 0
82 492 126 4 Name 0 0 0
788 1860 20 4 Name 0 0 0
140 329 62 4 Name 0 0 0
805 330 48 4 Name 0 0 0
890 313 56 4 Name 0 0 0
99 1388 89 4 Name 0 0 0
222 592 112 4 Name 0 0 0
807 590 13 4 Name 0 0 0
172 31 121 4 Name 0 0 0
150 1237 16 4 Name 0 0 0
1671 1598 46 4 Name 0 0 0
1612 1267 84 4 Name 0 0 0
1967 1526 49 4 Name 0 0 0
600 1707 63 4 Name 0 0 0
1318 74 85 4 Name 0 0 0
116 1927 82 4 Name 0 0 0
63 1031 41 4 Name 0 0 0
166 187 61 4 Name 0 0 0
836 739 96 4 Name 0 0 0
370 1110 90 4 Name 0 0 0
870 1108 58 4 Name 0 0 0
96 334 33 4 Name 0 0 0
461 957 123 4 Name 0 0 0
646 1359 19 4 Name 0 0 0
1580 1865 109 4 Name 0 0 0
2003 754 49 4 Name 0 0 0
383 1941 110 4 Name 0 0 0
1437 1812 126 4 Name 0 0 0
695 550 23 4 Name 0 0 0
1942 776 25 4 Name 0 0 0
1567 1964 125 4 Name 0 0 0
1042 888 40 4 Name 0 0 0
1758 1865 76 4 Name 0 0 0
945 946 125 4 Name 0 0 0
763 1884 45 4 Name 0 0 0
1878 470 106 4 Name 0 0 0
2027 76 50 4 Name 0 0 0
1571 713 24 4 Name 0 0 0
1330 818 49 4 Name 0 0 0
573 520 54 4 Name 0 0 0
1488 1056 15 4 Name 0 0 0
873 453 62 4 Name 0 0 0
1809 1503 35 4 Name 0 0 0
1398 1032 70 4 Name 0 0 0
1468 1057 36 4 Name 0 0 0
116 17 94 4 Name 0 0 0
1077 746 77 4 Name 0 0 0
282 1744 93 4 Name 0 0 0
653 1997 66 4 Name 0 0 0
1571 895 30 4 Name 0 0 0
1145 1788 78 4 Name 0 0 0
800 1191 63 4 Name 0 0 0
1440 32 126 4 Name 0 0 0
181 61 29 4 Name 0 0 0
172 1642 84 4 Name 0 0 0
948 953 19 4 Name 0 0 0
388 796 59 4 Name 0 0 0
1075 519 25 4 Name 0 0 0
64 388 29 4 Name 0 0 0
216 842 24 4 Name 0 0 0
158 1309 79 4 Name 0 0 0
1774 1938 49 4 Name 0 0 0
1221 925 30 4 Name 0 0 0
1041 898 18 4 Name 0 0 0
1806 1170 83 4 Name 0 0 0
566 1711 9 4 Name 0 0 0
479 1267 54 4 Name 0 0 0
195 67 118 4 Name 0 0 0
1665 272 113 4 Name 0 0 0
635 259 54 4 Name 0 0 0
62 1930 75 4 Name 0 0 0
430 1148 99 4 Name 0 0 0
1179 674 15 4 Name 0 0 0
1264 922 64 4 Name 0 0 0
541 1733 31 4 Name 0 0 0
27 762 109 4 Name 0 0 0
736 1637 64 4 Name 0 0 0
18 1157 21 4 Name 0 0 0
1157 1435 123 4 Name 0 0 0
1998 1590 22 4 Name 0 0 0
289 425 24 4 Name 0 0 0
1074 1123 86 4 Name 0 0 0
1310 485 119 4 Name 0 0 0
1596 1709 54 4 Name 0 0 0
807 1614 42 4 Name 0 0 0
1539 837 80 4 Name 0 0 0
206 1633 84 4 Name 0 0 0
589 901 75 4 Name 0 0 0
1779 746 117 4 Name 0 0 0
1012 1978 49 4 Name 0 0 0
1478 1586 38 4 Name 0 0 0
1714 1344 70 4 Name 0 0 0
253 28 20 4 Name 0 0 0
1777 400 83 4 Name 0 0 0
634 432 115 4 Name 0 0 0
224 1315 71 4 Name 0 0 0
982 66 78 4 Name 0 0 0
1070 1603 11 4 Name 0 0 0
1699 1018 103 4 Name 0 0 0
1023 558 55 4 Name 0 0 0
908 1192 36 4 Name 0 0 0
1259 1664 86 4 Name 0 0 0
1877 1468 122 4 Name 0 0 0
122 1408 10 4 Name 0 0 0
1429 1421 55 4 Name 0 0 0
1726 1308 36 4 Name 0 0 0
830 1659 94 4 Name 0 0 0
1768 1690 55 4 Name 0 0 0
102 1905 71 4 Name 0 0 0
1470 142 119 4 Name 0 0 0
931 1132 125 4 Name 0 0 0
113 816 127 4 Name 0 0 0
1633 206 35 4 Name 0 0 0
432 2005 118 4 Name 0 0 0
53 1895 18 4 Name 0 0 0
29 34 93 4 Name 0 0 0
1099 92 34 4 Name 0 0 0
1616 1591 56 4 Name 0 0 0
225 523 98 4 Name 0 0 0
560 1089 51 4 Name 0 0 0
736 1949 95 4 Name 0 0 0
913 1941 118 4 Name 0 0 0
2 875 78 4 Name 0 0 0
1272 1384 41 4 Name 0 0 0
2015 1874 125 4 Name 0 0 0
1017 296 64 4 Name 0 0 0
1859 1030 94 4 Name 0 0 0
1620 672 57 4 Name 0 0 0
1218 644 12 4 Name 0 0 0
446 458 42 4 Name 0 0 0
1800 1079 58 4 Name 0 0 0
1628 228 113 4 Name 0 0 0
1978 202 102 4 Name 0 0 0
1091 836 83 4 Name 0 0 0
2034 690 47 4 Name 0 0 0
1924 37 42 4 Name 0 0 0
1804 243 70 4 Name 0 0 0
168 751 9 4 Name 0 0 0
616 1942 82 4 Name 0 0 0
409 167 70 4 Name 0 0 0
1115 1040 22 4 Name 0 0 0
2025 1574 57 4 Name 0 0 0
1692 1926 123 4 Name 0 0 0
992 262 33 4 Name 0 0 0
1190 1640 110 4 Name 0 0 0
267 1367 43 4 Name 0 0 0
1549 1583 72 4 Name 0 0 0
957 1681 93 4 Name 0 0 0
465 211 61 4 Name 0 0 0
1007 727 70 4 Name 0 0 0
1951 858 109 4 Name 0 0 0
275 540 117 4 Name 0 0 0
1831 2015 49 4 Name 0 0 0
190 1619 12 4 Name 0 0 0
1762 1895 116 4 Name 0 0 0
479 1426 54 4 Name 0 0 0
779 1054 108 4 Name 0 0 0
1905 1105 75 4 Name 0 0 0
182 771 121 4 Name 0 0 0
1754 1775 29 4 Name 0 0 0
872 1875 21 4 Name 0 0 0
1093 790 49 4 Name 0 0 0
323 334 45 4 Name 0 0 0
1071 1061 75 4 Name 0 0 0
973 1818 102 4 Name 0 0 0
148 1934 52 4 Name 0 0 0
1743 1504 50 4 Name 0 0 0
743 1428 27 4 Name 0 0 0
424 170 125 4 Name 0 0 0
1330 186 19 4 Name 0 0 0
653 1530 37 4 Name 0 0 0
1147 948 124 4 Name 0 0 0
582 364 44 4 Name 0 0 0
1713 7 70 4 Name 0 0 0
999 504 118 4 Name 0 0 0
244 92 63 4 Name 0 0 0
1826 596 113 4 Name 0 0 0
1030 1310 76 4 Name 0 0 0
1247 1985 125 4 Name 0 0 0
482 1452 49 4 Name 0 0 0
1426 489 67 4 Name 0 0 0
554 99 66 4 Name 0 0 0
673 342 122 4 Name 0 0 0
939 1266 53 4 Name 0 0 0
875 97 50 4 Name 0 0 0
429 132 74 4 Name 0 0 0
1172 1906 113 4 Name 0 0 0
1376 1792 47 4 Name 0 0 0
1464 976 30 4 Name 0 0 0
1641 1282 126 4 Name 0 0 0
95 271 58 4 Name 0 0 0
511 268 95 4 Name 0 0 0
78 1229 27 4 Name 0 0 0
440 485 31 4 Name 0 0 0
1318 1154 35 4 Name 0 0 0
1434 153 103 4 Name 0 0 0
1799 508 14 4 Name 0 0 0
1400 86 89 4 Name 0 0 0
1284 1998 68 4 Name 0 0 0
1474 441 50 4 Name 0 0 0
641 1829 92 4 Name 0 0 0
1989 771 56 4 Name 0 0 0
1068 1339 127 4 Name 0 0 0
384 1714 14 4 Name 0 0 0
1817 175 67 4 Name 0 0 0
2026 766 52 4 Name 0 0 0
725 722 78 4 Name 0 0 0
1984 1219 25 4 Name 0 0 0
1370 978 51 4 Name 0 0 0
1986 1619 55 4 Name 0 0 0
9 1424 40 4 Name 0 0 0
1025 1203 107 4 Name 0 0 0
x-Min=0
x-Max=2048
y-Min=0
y-Max=2048
min label height=4.0
max label height=4.0
min label width=8.0
max label width=128
