1024
4363 1086 130 23 Name 0 0 0
1973 639 227 25 Name 0 0 0
1376 5730 107 19 Name 0 0 0
4203 3647 322 24 Name 0 0 0
2310 2549 97 20 Name 0 0 0
4935 2083 168 21 Name 0 0 0
3279 6086 303 32 Name 0 0 0
5547 1158 416 18 Name 0 0 0
2259 1439 416 28 Name 0 0 0
4920 1096 150 24 Name 0 0 0
7760 7190 274 23 Name 0 0 0
682 7279 78 28 Name 0 0 0
6651 7056 337 20 Name 0 0 0
5693 7378 334 25 Name 0 0 0
5989 2767 84 18 Name 0 0 0
1837 2834 86 18 Name 0 0 0
5562 882 489 18 Name 0 0 0
5856 4251 363 28 Name 0 0 0
5186 53 456 17 Name 0 0 0
7850 2088 214 22 Name 0 0 0
5193 3287 179 26 Name 0 0 0
6479 4032 351 23 Name 0 0 0
2832 7448 106 19 Name 0 0 0
4115 850 379 20 Name 0 0 0
5869 8184 343 20 Name 0 0 0
5729 6904 232 21 Name 0 0 0
2095 4517 462 16 Name 0 0 0
2588 7310 219 18 Name 0 0 0
7530 7516 102 20 Name 0 0 0
6408 5409 386 29 Name 0 0 0
3627 5177 106 19 Name 0 0 0
7788 7314 275 29 Name 0 0 0
108 4068 55 18 Name 0 0 0
2217 5701 75 32 Name 0 0 0
660 3096 165 18 Name 0 0 0
8062 1624 122 22 Name 0 0 0
5342 1470 393 25 Name 0 0 0
2228 7393 250 27 Name 0 0 0
6085 4938 194 17 Name 0 0 0
2384 7734 78 29 Name 0 0 0
8008 4727 72 29 Name 0 0 0
6190 3060 261 22 Name 0 0 0
167 3519 113 32 Name 0 0 0
3327 2408 481 31 Name 0 0 0
4308 3886 144 20 Name 0 0 0
67 7184 495 21 Name 0 0 0
4669 2366 415 21 Name 0 0 0
7073 126 86 26 Name 0 0 0
48 7176 491 16 Name 0 0 0
2126 3070 339 17 Name 0 0 0
7399 210 300 22 Name 0 0 0
1344 6038 269 23 Name 0 0 0
6452 512 328 21 Name 0 0 0
1094 1067 305 24 Name 0 0 0
5633 4382 180 21 Name 0 0 0
6618 3357 402 24 Name 0 0 0
4233 6646 127 32 Name 0 0 0
3120 5051 507 26 Name 0 0 0
6779 146 380 30 Name 0 0 0
3928 4440 243 17 Name 0 0 0
4301 1022 459 20 Name 0 0 0
5384 3650 291 22 Name 0 0 0
3489 151 509 24 Name 0 0 0
3339 2533 450 27 Name 0 0 0
5704 161 93 27 Name 0 0 0
329 7434 499 29 Name 0 0 0
432 6667 142 25 Name 0 0 0
4737 392 377 16 Name 0 0 0
3154 5079 230 18 Name 0 0 0
6821 2143 213 20 Name 0 0 0
7786 5719 191 29 Name 0 0 0
8187 7237 183 19 Name 0 0 0
7340 3553 387 32 Name 0 0 0
2082 3191 176 27 Name 0 0 0
6161 8069 336 22 Name 0 0 0
5592 4789 230 25 Name 0 0 0
2921 1647 277 20 Name 0 0 0
5685 2009 279 22 Name 0 0 0
3412 719 473 29 Name 0 0 0
3084 1370 380 23 Name 0 0 0
7368 5128 61 22 Name 0 0 0
2415 2473 319 25 Name 0 0 0
6085 4835 450 22 Name 0 0 0
359 5431 125 30 Name 0 0 0
4645 3310 274 20 Name 0 0 0
7793 3641 425 17 Name 0 0 0
7127 4606 290 20 Name 0 0 0
7792 6592 205 19 Name 0 0 0
5435 7636 88 19 Name 0 0 0
5785 4211 458 17 Name 0 0 0
1559 4058 227 22 Name 0 0 0
1940 54 367 21 Name 0 0 0
3958 1387 91 20 Name 0 0 0
7437 447 75 25 Name 0 0 0
7508 2726 216 31 Name 0 0 0
1824 2977 283 26 Name 0 0 0
6946 5221 246 27 Name 0 0 0
7606 5447 48 23 Name 0 0 0
1220 1195 199 31 Name 0 0 0
2495 5961 117 22 Name 0 0 0
1025 413 460 19 Name 0 0 0
6987 5599 90 23 Name 0 0 0
6299 2753 237 31 Name 0 0 0
4327 24 62 21 Name 0 0 0
6358 7020 216 29 Name 0 0 0
453 7003 143 17 Name 0 0 0
3753 2506 313 32 Name 0 0 0
1484 2227 352 27 Name 0 0 0
4021 5022 409 25 Name 0 0 0
2158 6542 380 29 Name 0 0 0
1008 6818 181 26 Name 0 0 0
198 7078 82 21 Name 0 0 0
216 5125 329 19 Name 0 0 0
8021 1959 295 26 Name 0 0 0
5170 348 191 20 Name 0 0 0
1030 5043 52 32 Name 0 0 0
4122 6622 189 30 Name 0 0 0
5362 6763 287 24 Name 0 0 0
6539 4796 134 17 Name 0 0 0
5558 6187 244 22 Name 0 0 0
4463 3774 486 17 Name 0 0 0
4592 6715 131 26 Name 0 0 0
508 548 467 18 Name 0 0 0
4229 3033 424 26 Name 0 0 0
3727 8101 455 30 Name 0 0 0
5912 4006 89 29 Name 0 0 0
3081 8116 437 30 Name 0 0 0
7688 7327 374 23 Name 0 0 0
4653 3004 463 29 Name 0 0 0
3854 422 82 27 Name 0 0 0
2585 5697 115 16 Name 0 0 0
7326 3608 260 24 Name 0 0 0
7104 6336 224 21 Name 0 0 0
3620 4653 33 21 Name 0 0 0
1296 5047 411 25 Name 0 0 0
3756 954 244 23 Name 0 0 0
6190 432 33 19 Name 0 0 0
1655 7644 356 31 Name 0 0 0
2746 7775 394 24 Name 0 0 0
768 5276 271 31 Name 0 0 0
207 5409 352 19 Name 0 0 0
6262 3119 444 21 Name 0 0 0
775 120 218 17 Name 0 0 0
3307 1443 346 18 Name 0 0 0
3052 7144 412 30 Name 0 0 0
2948 2412 300 28 Name 0 0 0
3348 1564 207 17 Name 0 0 0
6642 4542 351 23 Name 0 0 0
4806 2228 432 20 Name 0 0 0
4001 7095 193 19 Name 0 0 0
5936 966 260 28 Name 0 0 0
3428 479 418 30 Name 0 0 0
6011 5795 229 17 Name 0 0 0
1907 4902 231 19 Name 0 0 0
2069 7151 151 18 Name 0 0 0
1963 6737 199 31 Name 0 0 0
5289 3794 133 28 Name 0 0 0
4727 1493 158 26 Name 0 0 0
1801 4799 139 27 Name 0 0 0
6037 2336 153 18 Name 0 0 0
2675 4185 389 31 Name 0 0 0
7065 6154 407 28 Name 0 0 0
5094 634 205 21 Name 0 0 0
845 2910 56 22 Name 0 0 0
4482 7088 256 18 Name 0 0 0
2250 4417 334 21 Name 0 0 0
5119 6432 225 30 Name 0 0 0
5813 2135 386 28 Name 0 0 0
3574 8110 113 22 Name 0 0 0
5389 5987 186 22 Name 0 0 0
6837 1947 487 22 Name 0 0 0
5286 3384 151 19 Name 0 0 0
2590 3462 399 26 Name 0 0 0
335 2090 154 29 Name 0 0 0
3311 2673 80 32 Name 0 0 0
630 3135 257 17 Name 0 0 0
6896 7957 46 16 Name 0 0 0
62 359 478 24 Name 0 0 0
3070 8045 236 27 Name 0 0 0
1029 1819 34 28 Name 0 0 0
5919 5742 213 27 Name 0 0 0
2650 7143 117 19 Name 0 0 0
7984 6836 446 19 Name 0 0 0
4332 2258 432 21 Name 0 0 0
5713 6315 360 21 Name 0 0 0
2308 3565 252 30 Name 0 0 0
132 788 100 18 Name 0 0 0
1239 2627 158 27 Name 0 0 0
630 4656 209 30 Name 0 0 0
6756 892 263 27 Name 0 0 0
6953 2391 87 22 Name 0 0 0
15 274 358 27 Name 0 0 0
1280 5831 253 23 Name 0 0 0
3816 6335 365 20 Name 0 0 0
563 2839 373 23 Name 0 0 0
7459 6706 481 28 Name 0 0 0
2485 4236 465 24 Name 0 0 0
4918 8168 399 18 Name 0 0 0
2824 4909 467 30 Name 0 0 0
6936 3626 466 28 Name 0 0 0
6883 6704 264 19 Name 0 0 0
4115 5584 407 22 Name 0 0 0
4315 2323 79 29 Name 0 0 0
1557 8035 380 22 Name 0 0 0
7864 1331 446 32 Name 0 0 0
7613 4015 73 30 Name 0 0 0
5714 4515 66 29 Name 0 0 0
6166 2764 169 28 Name 0 0 0
5782 5238 236 32 Name 0 0 0
5890 5434 180 27 Name 0 0 0
7116 5804 44 21 Name 0 0 0
8044 1597 302 23 Name 0 0 0
6575 2795 103 21 Name 0 0 0
7459 4440 89 31 Name 0 0 0
1368 4708 135 17 Name 0 0 0
7592 2391 477 19 Name 0 0 0
899 2009 469 18 Name 0 0 0
5425 7570 490 30 Name 0 0 0
3480 3929 35 25 Name 0 0 0
1420 1668 399 16 Name 0 0 0
1387 4529 156 22 Name 0 0 0
2683 7390 387 30 Name 0 0 0
2890 7153 232 17 Name 0 0 0
7174 1714 292 20 Name 0 0 0
7473 6543 427 18 Name 0 0 0
6172 5788 57 19 Name 0 0 0
4437 1911 499 31 Name 0 0 0
5593 6805 408 19 Name 0 0 0
6639 1454 63 17 Name 0 0 0
2310 4781 381 19 Name 0 0 0
4132 290 60 25 Name 0 0 0
3947 1990 173 19 Name 0 0 0
4995 7214 465 28 Name 0 0 0
7265 2857 464 23 Name 0 0 0
5110 5513 117 31 Name 0 0 0
3332 2496 324 17 Name 0 0 0
3282 2736 156 31 Name 0 0 0
189 1087 139 30 Name 0 0 0
7774 7969 511 26 Name 0 0 0
786 15 296 19 Name 0 0 0
7517 3406 270 30 Name 0 0 0
4117 5542 114 19 Name 0 0 0
3526 7716 244 18 Name 0 0 0
3580 110 466 17 Name 0 0 0
3154 7530 312 22 Name 0 0 0
5815 68 218 29 Name 0 0 0
6680 3295 156 29 Name 0 0 0
5769 4708 334 23 Name 0 0 0
821 4364 321 16 Name 0 0 0
1772 8065 178 18 Name 0 0 0
4397 3557 115 19 Name 0 0 0
3258 4475 69 22 Name 0 0 0
1248 2714 369 30 Name 0 0 0
6588 6867 444 23 Name 0 0 0
3431 6558 119 27 Name 0 0 0
6031 654 132 30 Name 0 0 0
2499 5340 55 25 Name 0 0 0
6661 6082 274 18 Name 0 0 0
321 5207 404 25 Name 0 0 0
432 4196 109 30 Name 0 0 0
5729 1884 323 28 Name 0 0 0
1427 2317 460 27 Name 0 0 0
476 1703 98 26 Name 0 0 0
6861 951 441 27 Name 0 0 0
5464 348 117 17 Name 0 0 0
2210 6164 504 26 Name 0 0 0
34 6564 155 24 Name 0 0 0
4311 2909 290 17 Name 0 0 0
6941 7109 510 30 Name 0 0 0
530 4152 337 27 Name 0 0 0
144 4727 64 21 Name 0 0 0
1689 1498 94 29 Name 0 0 0
6136 907 134 30 Name 0 0 0
5381 5621 170 28 Name 0 0 0
4444 575 458 29 Name 0 0 0
6388 6074 283 29 Name 0 0 0
5522 3961 62 26 Name 0 0 0
79 1734 322 31 Name 0 0 0
7303 2062 110 21 Name 0 0 0
172 6103 456 20 Name 0 0 0
4681 6367 430 20 Name 0 0 0
1865 4586 401 31 Name 0 0 0
3425 3444 474 16 Name 0 0 0
2095 7823 302 31 Name 0 0 0
351 1602 373 27 Name 0 0 0
6511 7033 302 19 Name 0 0 0
3962 6714 212 19 Name 0 0 0
6934 2112 277 29 Name 0 0 0
1009 427 465 19 Name 0 0 0
2480 4323 495 19 Name 0 0 0
7907 221 34 22 Name 0 0 0
2627 7103 87 27 Name 0 0 0
8080 169 56 18 Name 0 0 0
7905 1145 386 25 Name 0 0 0
8095 1715 161 24 Name 0 0 0
6900 6399 357 26 Name 0 0 0
1512 2089 420 21 Name 0 0 0
7194 7395 188 17 Name 0 0 0
5732 1269 280 23 Name 0 0 0
156 464 398 16 Name 0 0 0
5813 474 80 25 Name 0 0 0
2983 6699 131 23 Name 0 0 0
7172 7779 453 16 Name 0 0 0
7898 6572 307 29 Name 0 0 0
3283 4575 424 31 Name 0 0 0
5460 2506 302 29 Name 0 0 0
2380 1431 250 21 Name 0 0 0
2316 1207 362 25 Name 0 0 0
5040 572 333 26 Name 0 0 0
6548 3051 80 27 Name 0 0 0
869 5236 373 24 Name 0 0 0
1371 4508 401 20 Name 0 0 0
460 5349 50 28 Name 0 0 0
4130 2482 198 30 Name 0 0 0
1292 7698 369 27 Name 0 0 0
392 1938 289 17 Name 0 0 0
3097 3382 401 23 Name 0 0 0
5088 1495 354 29 Name 0 0 0
203 1315 510 26 Name 0 0 0
3382 7529 249 16 Name 0 0 0
4260 6278 449 23 Name 0 0 0
3019 4784 383 16 Name 0 0 0
6270 2582 245 31 Name 0 0 0
2498 2437 178 31 Name 0 0 0
168 2647 476 25 Name 0 0 0
3273 1049 470 26 Name 0 0 0
1775 2695 378 25 Name 0 0 0
4752 1979 340 28 Name 0 0 0
3944 4342 350 26 Name 0 0 0
1176 235 484 28 Name 0 0 0
2590 722 61 21 Name 0 0 0
6238 424 310 17 Name 0 0 0
413 929 342 25 Name 0 0 0
607 332 195 29 Name 0 0 0
4492 4308 295 19 Name 0 0 0
7898 2070 341 25 Name 0 0 0
4093 11 343 26 Name 0 0 0
5601 4819 367 25 Name 0 0 0
5295 7638 254 27 Name 0 0 0
3490 4272 339 20 Name 0 0 0
3421 126 395 23 Name 0 0 0
1149 1052 493 24 Name 0 0 0
2345 1974 279 24 Name 0 0 0
5013 5342 241 32 Name 0 0 0
4858 7644 493 23 Name 0 0 0
4105 2034 372 17 Name 0 0 0
5778 501 420 23 Name 0 0 0
7209 697 229 27 Name 0 0 0
273 6934 321 31 Name 0 0 0
5086 1728 394 19 Name 0 0 0
2531 2750 455 24 Name 0 0 0
3738 4055 398 29 Name 0 0 0
3202 2306 352 25 Name 0 0 0
2572 4946 464 23 Name 0 0 0
4986 6175 345 29 Name 0 0 0
6287 1501 368 22 Name 0 0 0
6655 52 363 20 Name 0 0 0
109 1642 326 19 Name 0 0 0
4182 1045 351 25 Name 0 0 0
1358 4001 51 16 Name 0 0 0
2938 7286 200 22 Name 0 0 0
3795 3399 466 32 Name 0 0 0
3492 8078 339 23 Name 0 0 0
3948 3644 104 26 Name 0 0 0
6665 3429 272 29 Name 0 0 0
7310 4576 145 30 Name 0 0 0
2710 773 394 28 Name 0 0 0
2907 37 221 17 Name 0 0 0
480 6019 392 27 Name 0 0 0
983 7069 44 31 Name 0 0 0
5981 2529 269 16 Name 0 0 0
1754 650 470 29 Name 0 0 0
6710 1031 326 24 Name 0 0 0
2366 6910 50 23 Name 0 0 0
6525 4712 124 21 Name 0 0 0
8150 1399 477 22 Name 0 0 0
5573 4658 237 24 Name 0 0 0
2466 369 400 24 Name 0 0 0
4496 7962 91 22 Name 0 0 0
5854 7506 394 28 Name 0 0 0
2652 4668 435 17 Name 0 0 0
299 5259 188 26 Name 0 0 0
4541 6047 345 19 Name 0 0 0
7855 2598 414 19 Name 0 0 0
1091 5554 236 31 Name 0 0 0
1222 2830 91 21 Name 0 0 0
1410 7318 53 17 Name 0 0 0
3872 6296 506 22 Name 0 0 0
810 2035 300 17 Name 0 0 0
7969 7622 219 26 Name 0 0 0
3665 7725 292 28 Name 0 0 0
1190 2634 241 24 Name 0 0 0
4940 6724 249 18 Name 0 0 0
6050 7920 66 24 Name 0 0 0
1580 6799 308 32 Name 0 0 0
7405 3394 279 17 Name 0 0 0
7137 7836 177 24 Name 0 0 0
5190 2766 475 18 Name 0 0 0
6133 729 279 27 Name 0 0 0
808 8189 270 29 Name 0 0 0
6798 1898 452 30 Name 0 0 0
3811 5964 383 18 Name 0 0 0
3501 573 313 31 Name 0 0 0
1373 5720 376 31 Name 0 0 0
3394 3685 398 16 Name 0 0 0
5475 2547 110 30 Name 0 0 0
2890 3773 298 20 Name 0 0 0
4067 3951 107 17 Name 0 0 0
5296 6774 427 29 Name 0 0 0
3681 2984 184 17 Name 0 0 0
7280 6789 392 19 Name 0 0 0
3057 6843 50 22 Name 0 0 0
4136 7040 387 17 Name 0 0 0
3171 1141 407 20 Name 0 0 0
4373 7615 205 27 Name 0 0 0
3109 5597 119 31 Name 0 0 0
7431 1377 231 28 Name 0 0 0
8047 2504 343 17 Name 0 0 0
7057 701 284 17 Name 0 0 0
4091 5823 250 31 Name 0 0 0
7439 4612 381 27 Name 0 0 0
2083 6455 161 24 Name 0 0 0
1919 71 308 18 Name 0 0 0
1005 5714 286 18 Name 0 0 0
2642 5773 151 17 Name 0 0 0
6499 4529 370 29 Name 0 0 0
5731 7508 418 31 Name 0 0 0
1665 4032 220 23 Name 0 0 0
317 3560 128 22 Name 0 0 0
2173 4669 393 18 Name 0 0 0
1735 2723 377 28 Name 0 0 0
1333 4520 402 32 Name 0 0 0
6964 1387 253 27 Name 0 0 0
4122 1234 510 30 Name 0 0 0
8161 7172 303 25 Name 0 0 0
7679 940 190 27 Name 0 0 0
2276 6945 231 23 Name 0 0 0
2919 2484 425 29 Name 0 0 0
5548 126 111 20 Name 0 0 0
1551 2039 74 28 Name 0 0 0
7881 1123 289 21 Name 0 0 0
2795 5949 88 22 Name 0 0 0
3250 5184 445 29 Name 0 0 0
1965 4098 473 31 Name 0 0 0
2669 5025 188 25 Name 0 0 0
1784 7054 265 24 Name 0 0 0
6464 8098 391 31 Name 0 0 0
8067 3013 420 20 Name 0 0 0
4560 3670 415 20 Name 0 0 0
108 2645 493 21 Name 0 0 0
4598 1116 143 18 Name 0 0 0
3886 5244 108 25 Name 0 0 0
4308 7878 271 27 Name 0 0 0
2038 4474 98 20 Name 0 0 0
4189 3793 299 22 Name 0 0 0
4004 3750 191 23 Name 0 0 0
6466 5930 311 27 Name 0 0 0
3069 511 356 31 Name 0 0 0
8141 5670 279 31 Name 0 0 0
7967 1814 265 22 Name 0 0 0
6631 7759 358 29 Name 0 0 0
2592 4609 35 28 Name 0 0 0
3131 7660 471 27 Name 0 0 0
6859 56 174 27 Name 0 0 0
4273 7548 204 28 Name 0 0 0
5593 6837 272 17 Name 0 0 0
902 286 318 22 Name 0 0 0
6849 1182 240 32 Name 0 0 0
2210 118 142 31 Name 0 0 0
2583 6956 457 28 Name 0 0 0
5401 5594 367 21 Name 0 0 0
7105 5900 276 20 Name 0 0 0
8127 7814 160 32 Name 0 0 0
646 2664 397 26 Name 0 0 0
5741 608 438 29 Name 0 0 0
7434 1727 212 26 Name 0 0 0
6493 6607 268 23 Name 0 0 0
736 6875 112 21 Name 0 0 0
7185 1144 380 20 Name 0 0 0
1607 1556 259 21 Name 0 0 0
987 3209 109 29 Name 0 0 0
2170 6903 369 29 Name 0 0 0
7497 2673 463 27 Name 0 0 0
892 958 98 27 Name 0 0 0
4595 4224 452 28 Name 0 0 0
820 5201 463 25 Name 0 0 0
6285 3655 377 30 Name 0 0 0
4791 4968 62 21 Name 0 0 0
4632 2678 111 17 Name 0 0 0
5096 714 171 28 Name 0 0 0
1321 7778 497 24 Name 0 0 0
2290 5880 313 21 Name 0 0 0
7178 3210 109 22 Name 0 0 0
3659 1329 42 16 Name 0 0 0
6906 3497 308 27 Name 0 0 0
548 1762 206 24 Name 0 0 0
1918 1700 190 23 Name 0 0 0
5058 36 223 17 Name 0 0 0
6410 1672 107 22 Name 0 0 0
6041 3692 171 27 Name 0 0 0
6288 3841 95 29 Name 0 0 0
3508 7175 133 22 Name 0 0 0
6354 4068 129 16 Name 0 0 0
3443 6190 189 25 Name 0 0 0
6324 6963 118 18 Name 0 0 0
7324 4700 57 29 Name 0 0 0
5197 8115 457 30 Name 0 0 0
5001 1359 264 27 Name 0 0 0
5217 7408 60 24 Name 0 0 0
4917 7866 311 19 Name 0 0 0
5183 6307 139 18 Name 0 0 0
2920 7194 62 28 Name 0 0 0
5807 232 445 21 Name 0 0 0
5789 8176 142 26 Name 0 0 0
667 2172 486 30 Name 0 0 0
3651 7923 429 29 Name 0 0 0
6434 6269 241 25 Name 0 0 0
6624 1187 161 21 Name 0 0 0
3393 4508 152 23 Name 0 0 0
6443 5222 126 31 Name 0 0 0
1553 7276 192 31 Name 0 0 0
4669 5181 428 26 Name 0 0 0
976 3209 249 20 Name 0 0 0
4881 5469 279 22 Name 0 0 0
671 7424 361 23 Name 0 0 0
5858 828 426 24 Name 0 0 0
7497 5333 61 22 Name 0 0 0
6807 5131 306 16 Name 0 0 0
7834 3787 428 25 Name 0 0 0
2110 7257 113 27 Name 0 0 0
4380 6723 222 29 Name 0 0 0
3625 1139 143 29 Name 0 0 0
3611 3191 299 17 Name 0 0 0
1085 1882 311 20 Name 0 0 0
3224 3572 482 18 Name 0 0 0
7464 854 242 29 Name 0 0 0
1694 6659 216 21 Name 0 0 0
2087 4597 416 20 Name 0 0 0
8187 5517 424 18 Name 0 0 0
3038 259 284 30 Name 0 0 0
593 1742 206 31 Name 0 0 0
8186 2415 132 18 Name 0 0 0
6738 1982 328 23 Name 0 0 0
7682 2000 402 30 Name 0 0 0
5184 852 458 21 Name 0 0 0
4945 3769 172 29 Name 0 0 0
4092 3774 230 17 Name 0 0 0
4131 5707 168 31 Name 0 0 0
3401 5845 218 30 Name 0 0 0
5824 3266 209 21 Name 0 0 0
3425 3420 223 28 Name 0 0 0
5680 4963 337 27 Name 0 0 0
2721 3007 488 17 Name 0 0 0
24 1853 222 26 Name 0 0 0
2298 7344 487 23 Name 0 0 0
5713 2906 204 18 Name 0 0 0
4766 3997 216 22 Name 0 0 0
4051 130 324 17 Name 0 0 0
4191 7873 91 19 Name 0 0 0
2760 7732 200 24 Name 0 0 0
6772 7691 175 31 Name 0 0 0
448 3723 85 24 Name 0 0 0
6846 6686 187 16 Name 0 0 0
6735 2137 223 24 Name 0 0 0
892 872 375 19 Name 0 0 0
6640 4702 258 20 Name 0 0 0
1872 5391 267 27 Name 0 0 0
2358 4179 266 29 Name 0 0 0
5572 1542 351 16 Name 0 0 0
2761 5846 285 29 Name 0 0 0
6038 854 302 18 Name 0 0 0
108 3930 169 23 Name 0 0 0
5894 146 471 24 Name 0 0 0
4301 984 233 27 Name 0 0 0
1297 133 386 25 Name 0 0 0
2999 1189 269 21 Name 0 0 0
4476 6679 36 20 Name 0 0 0
7901 779 492 22 Name 0 0 0
5745 3313 118 28 Name 0 0 0
6016 6491 369 17 Name 0 0 0
6484 1443 243 29 Name 0 0 0
1058 356 149 28 Name 0 0 0
7910 6572 401 25 Name 0 0 0
1615 1656 318 17 Name 0 0 0
4587 2008 494 23 Name 0 0 0
5688 7314 496 22 Name 0 0 0
2339 7149 68 24 Name 0 0 0
5509 3281 161 25 Name 0 0 0
2347 5896 476 19 Name 0 0 0
7798 1566 413 23 Name 0 0 0
2889 5895 495 28 Name 0 0 0
8182 5972 261 28 Name 0 0 0
7989 7200 365 24 Name 0 0 0
7425 1143 448 23 Name 0 0 0
1968 2743 309 19 Name 0 0 0
2324 1053 456 19 Name 0 0 0
4302 2146 337 24 Name 0 0 0
7646 5421 452 28 Name 0 0 0
4469 3364 347 27 Name 0 0 0
3377 3520 373 19 Name 0 0 0
2935 2907 306 26 Name 0 0 0
2303 6947 54 27 Name 0 0 0
6437 2227 280 22 Name 0 0 0
401 6389 216 21 Name 0 0 0
4833 4360 305 21 Name 0 0 0
2704 2930 297 26 Name 0 0 0
7989 4012 236 19 Name 0 0 0
2966 8053 113 24 Name 0 0 0
357 1596 219 29 Name 0 0 0
1546 7645 424 29 Name 0 0 0
7623 536 426 29 Name 0 0 0
2911 7201 306 29 Name 0 0 0
7830 263 399 20 Name 0 0 0
128 4385 249 23 Name 0 0 0
5852 4730 312 18 Name 0 0 0
6061 3014 307 30 Name 0 0 0
3257 5333 142 18 Name 0 0 0
3 7286 95 23 Name 0 0 0
2073 6684 333 22 Name 0 0 0
2226 867 261 29 Name 0 0 0
203 1413 141 32 Name 0 0 0
8176 8190 460 26 Name 0 0 0
4174 143 493 28 Name 0 0 0
473 3708 446 22 Name 0 0 0
3564 4847 253 26 Name 0 0 0
479 4592 226 26 Name 0 0 0
5926 2243 297 22 Name 0 0 0
2680 6799 41 28 Name 0 0 0
6533 400 50 17 Name 0 0 0
386 5994 73 30 Name 0 0 0
4808 4673 429 18 Name 0 0 0
5513 8002 347 20 Name 0 0 0
7548 7225 213 25 Name 0 0 0
7747 5800 268 21 Name 0 0 0
7998 336 103 18 Name 0 0 0
6766 5292 195 31 Name 0 0 0
485 7873 242 24 Name 0 0 0
5079 6199 507 29 Name 0 0 0
3707 847 304 21 Name 0 0 0
1909 5554 460 18 Name 0 0 0
2422 6185 252 23 Name 0 0 0
1624 5584 461 32 Name 0 0 0
1338 4029 444 24 Name 0 0 0
1857 180 451 20 Name 0 0 0
7104 7008 416 23 Name 0 0 0
8107 501 142 22 Name 0 0 0
4184 4238 481 19 Name 0 0 0
79 1415 365 24 Name 0 0 0
2091 5763 256 28 Name 0 0 0
1919 4232 503 31 Name 0 0 0
1508 6296 414 24 Name 0 0 0
146 2916 212 23 Name 0 0 0
107 4462 36 22 Name 0 0 0
6597 5244 503 31 Name 0 0 0
7579 7634 410 20 Name 0 0 0
6950 1486 464 26 Name 0 0 0
4102 4620 256 24 Name 0 0 0
5437 366 137 18 Name 0 0 0
4106 1806 117 17 Name 0 0 0
1110 2805 337 20 Name 0 0 0
5026 5306 310 31 Name 0 0 0
7130 5244 462 21 Name 0 0 0
7624 5341 147 28 Name 0 0 0
2090 5869 119 32 Name 0 0 0
7782 1377 166 20 Name 0 0 0
5465 6678 381 18 Name 0 0 0
6410 7171 455 19 Name 0 0 0
6883 5572 88 22 Name 0 0 0
7570 8032 364 26 Name 0 0 0
6786 7736 437 23 Name 0 0 0
99 5628 273 32 Name 0 0 0
2807 3980 202 18 Name 0 0 0
4648 4865 264 23 Name 0 0 0
2084 775 150 28 Name 0 0 0
7342 1869 336 26 Name 0 0 0
7850 7633 472 29 Name 0 0 0
4287 6396 506 19 Name 0 0 0
4055 7547 366 17 Name 0 0 0
5635 3841 82 23 Name 0 0 0
566 3509 97 19 Name 0 0 0
6523 3607 289 21 Name 0 0 0
6352 6782 257 29 Name 0 0 0
5518 4224 509 24 Name 0 0 0
7131 2158 270 25 Name 0 0 0
328 662 319 24 Name 0 0 0
825 2051 239 16 Name 0 0 0
18 1824 510 16 Name 0 0 0
5008 3825 267 16 Name 0 0 0
7280 3260 477 18 Name 0 0 0
3755 6387 66 23 Name 0 0 0
1764 2491 432 29 Name 0 0 0
7625 4218 188 23 Name 0 0 0
6593 1682 358 17 Name 0 0 0
5677 396 133 19 Name 0 0 0
2702 893 82 28 Name 0 0 0
2555 2155 199 28 Name 0 0 0
1823 1302 382 31 Name 0 0 0
1924 3283 296 31 Name 0 0 0
5132 2912 403 18 Name 0 0 0
3586 6318 313 20 Name 0 0 0
4574 7629 390 17 Name 0 0 0
2043 7796 117 18 Name 0 0 0
1330 2646 157 21 Name 0 0 0
2929 15 59 27 Name 0 0 0
7339 7334 277 27 Name 0 0 0
6428 8031 176 29 Name 0 0 0
3869 319 327 19 Name 0 0 0
3898 6303 178 32 Name 0 0 0
5396 2866 120 25 Name 0 0 0
2713 2550 284 27 Name 0 0 0
7133 20 396 28 Name 0 0 0
5784 5591 382 30 Name 0 0 0
2358 795 492 27 Name 0 0 0
5096 3786 265 20 Name 0 0 0
335 7162 114 21 Name 0 0 0
3231 7663 439 29 Name 0 0 0
2114 1974 243 29 Name 0 0 0
1489 2183 234 21 Name 0 0 0
2908 2016 215 30 Name 0 0 0
3153 7581 327 28 Name 0 0 0
2983 4535 255 28 Name 0 0 0
7358 7264 386 22 Name 0 0 0
3949 2217 51 29 Name 0 0 0
1801 2435 388 21 Name 0 0 0
5262 807 84 26 Name 0 0 0
2587 4181 236 31 Name 0 0 0
7545 4841 437 19 Name 0 0 0
7351 5743 205 28 Name 0 0 0
2208 803 405 20 Name 0 0 0
7422 2179 447 25 Name 0 0 0
117 1504 86 31 Name 0 0 0
7444 1678 74 24 Name 0 0 0
7146 3782 82 31 Name 0 0 0
3252 7444 386 29 Name 0 0 0
5601 6982 59 24 Name 0 0 0
7597 2517 182 18 Name 0 0 0
1507 6577 405 20 Name 0 0 0
894 5520 350 31 Name 0 0 0
4790 7027 210 19 Name 0 0 0
1588 3294 225 20 Name 0 0 0
2598 5977 61 28 Name 0 0 0
4295 1457 340 21 Name 0 0 0
6104 4787 390 22 Name 0 0 0
6390 6527 77 31 Name 0 0 0
1889 7741 74 25 Name 0 0 0
7892 2546 469 26 Name 0 0 0
3673 7328 301 26 Name 0 0 0
2768 4005 111 21 Name 0 0 0
4386 6109 43 23 Name 0 0 0
4280 1464 279 19 Name 0 0 0
7725 7407 434 32 Name 0 0 0
2958 6907 369 16 Name 0 0 0
6162 3106 323 24 Name 0 0 0
2264 1301 44 25 Name 0 0 0
2011 2047 506 16 Name 0 0 0
1717 6709 341 27 Name 0 0 0
3281 755 468 19 Name 0 0 0
7042 60 292 26 Name 0 0 0
1436 5662 188 24 Name 0 0 0
7630 4349 262 24 Name 0 0 0
7586 2329 496 17 Name 0 0 0
2320 2631 32 31 Name 0 0 0
610 264 125 25 Name 0 0 0
8153 5817 139 17 Name 0 0 0
7674 8143 492 17 Name 0 0 0
1684 618 500 27 Name 0 0 0
3955 787 299 16 Name 0 0 0
63 3919 200 26 Name 0 0 0
1585 6420 338 19 Name 0 0 0
7535 6480 383 30 Name 0 0 0
2987 4607 506 18 Name 0 0 0
4445 3080 298 26 Name 0 0 0
8025 6128 184 27 Name 0 0 0
7608 3455 251 22 Name 0 0 0
489 2003 407 20 Name 0 0 0
1936 3953 367 22 Name 0 0 0
5508 7350 506 17 Name 0 0 0
6323 4039 315 21 Name 0 0 0
5859 4851 186 26 Name 0 0 0
2989 3395 476 29 Name 0 0 0
4570 6149 344 23 Name 0 0 0
5833 7855 103 19 Name 0 0 0
3982 7273 135 20 Name 0 0 0
1124 2173 284 25 Name 0 0 0
2422 2537 292 21 Name 0 0 0
7280 1245 142 31 Name 0 0 0
1560 1837 173 23 Name 0 0 0
564 5489 272 24 Name 0 0 0
6244 852 233 30 Name 0 0 0
2087 3564 331 27 Name 0 0 0
7307 2825 131 30 Name 0 0 0
2668 4470 335 29 Name 0 0 0
7878 8109 371 31 Name 0 0 0
5332 7316 250 18 Name 0 0 0
2760 1497 352 19 Name 0 0 0
384 8180 496 20 Name 0 0 0
1770 5830 281 25 Name 0 0 0
5696 860 485 22 Name 0 0 0
4693 2826 414 28 Name 0 0 0
1317 5392 83 23 Name 0 0 0
4923 7422 322 30 Name 0 0 0
416 682 214 19 Name 0 0 0
313 4744 208 22 Name 0 0 0
6746 366 428 25 Name 0 0 0
5326 3501 245 29 Name 0 0 0
2286 4408 424 31 Name 0 0 0
7707 7394 160 31 Name 0 0 0
682 4328 418 22 Name 0 0 0
4703 4268 324 21 Name 0 0 0
4705 2994 345 27 Name 0 0 0
307 2740 509 27 Name 0 0 0
3647 6504 295 27 Name 0 0 0
8107 2552 271 22 Name 0 0 0
3228 3440 178 17 Name 0 0 0
6488 5476 40 28 Name 0 0 0
1759 7853 380 32 Name 0 0 0
4537 4361 42 30 Name 0 0 0
6805 4849 64 32 Name 0 0 0
657 4234 393 26 Name 0 0 0
811 6372 501 21 Name 0 0 0
584 6152 343 19 Name 0 0 0
2169 7556 161 18 Name 0 0 0
3953 4129 149 31 Name 0 0 0
3953 8033 32 31 Name 0 0 0
4631 2137 103 19 Name 0 0 0
7761 1 175 25 Name 0 0 0
7543 7418 182 26 Name 0 0 0
4449 4378 151 29 Name 0 0 0
6129 7543 80 20 Name 0 0 0
259 1987 353 24 Name 0 0 0
2151 5887 147 21 Name 0 0 0
3134 3224 318 26 Name 0 0 0
5659 7799 364 17 Name 0 0 0
1292 190 422 24 Name 0 0 0
2206 3939 149 25 Name 0 0 0
760 3290 352 19 Name 0 0 0
1095 7424 87 25 Name 0 0 0
1843 5528 95 25 Name 0 0 0
6227 8068 236 23 Name 0 0 0
7821 3324 464 20 Name 0 0 0
431 3333 396 25 Name 0 0 0
7454 1391 298 22 Name 0 0 0
7089 8181 148 23 Name 0 0 0
5966 4944 375 16 Name 0 0 0
1824 4051 448 29 Name 0 0 0
539 7089 127 27 Name 0 0 0
3422 5667 305 30 Name 0 0 0
7664 6517 114 28 Name 0 0 0
4465 3732 259 23 Name 0 0 0
2142 8051 426 24 Name 0 0 0
3652 1240 113 21 Name 0 0 0
4948 148 296 27 Name 0 0 0
7006 1503 186 23 Name 0 0 0
6270 7059 483 18 Name 0 0 0
4278 244 325 22 Name 0 0 0
5025 1623 77 23 Name 0 0 0
7083 2096 211 24 Name 0 0 0
7690 5108 358 24 Name 0 0 0
6999 2050 189 17 Name 0 0 0
7512 4851 390 26 Name 0 0 0
7636 1566 231 19 Name 0 0 0
2702 1513 265 24 Name 0 0 0
1376 7532 424 18 Name 0 0 0
162 5265 478 32 Name 0 0 0
6153 5252 367 31 Name 0 0 0
668 3720 281 22 Name 0 0 0
1933 3453 57 25 Name 0 0 0
4186 768 278 24 Name 0 0 0
3662 7297 256 30 Name 0 0 0
3173 4221 45 19 Name 0 0 0
3339 3706 180 32 Name 0 0 0
2744 5187 373 17 Name 0 0 0
3945 6698 226 20 Name 0 0 0
5585 7911 450 21 Name 0 0 0
433 2557 288 23 Name 0 0 0
1202 3595 241 22 Name 0 0 0
6176 5502 327 30 Name 0 0 0
7864 2828 193 20 Name 0 0 0
2306 2257 413 23 Name 0 0 0
4150 7668 209 26 Name 0 0 0
571 4652 393 31 Name 0 0 0
4237 2694 433 31 Name 0 0 0
7996 350 252 24 Name 0 0 0
5324 7028 34 19 Name 0 0 0
4673 234 134 23 Name 0 0 0
2982 405 80 19 Name 0 0 0
2817 4597 168 24 Name 0 0 0
4874 8118 117 21 Name 0 0 0
262 2344 219 19 Name 0 0 0
6999 5406 499 29 Name 0 0 0
4676 2130 315 25 Name 0 0 0
5427 2129 480 19 Name 0 0 0
7618 5780 408 23 Name 0 0 0
3181 4926 376 22 Name 0 0 0
3873 3392 181 29 Name 0 0 0
3949 3219 145 22 Name 0 0 0
4351 7355 505 30 Name 0 0 0
3516 7458 391 19 Name 0 0 0
2100 6723 418 29 Name 0 0 0
11 4798 435 29 Name 0 0 0
4914 3612 494 19 Name 0 0 0
6729 5739 126 26 Name 0 0 0
2232 2861 199 17 Name 0 0 0
3898 2148 81 18 Name 0 0 0
4390 5230 196 20 Name 0 0 0
2115 2893 298 30 Name 0 0 0
638 7749 365 27 Name 0 0 0
5706 2573 188 17 Name 0 0 0
5067 5309 76 25 Name 0 0 0
3937 7723 295 30 Name 0 0 0
1808 2872 466 27 Name 0 0 0
5400 3762 431 31 Name 0 0 0
6695 3477 173 25 Name 0 0 0
6072 680 174 28 Name 0 0 0
596 3136 63 30 Name 0 0 0
5470 752 393 16 Name 0 0 0
8049 1371 491 19 Name 0 0 0
7439 5866 282 21 Name 0 0 0
3905 6983 240 19 Name 0 0 0
7351 410 469 31 Name 0 0 0
7082 819 158 19 Name 0 0 0
658 4772 505 21 Name 0 0 0
6017 6148 201 22 Name 0 0 0
816 4181 487 18 Name 0 0 0
6918 4924 297 31 Name 0 0 0
6578 745 381 21 Name 0 0 0
7405 1366 143 22 Name 0 0 0
4361 3356 309 19 Name 0 0 0
4904 5908 90 26 Name 0 0 0
6595 5944 223 26 Name 0 0 0
3032 6190 257 27 Name 0 0 0
176 1028 88 26 Name 0 0 0
2226 5307 60 31 Name 0 0 0
6900 7573 449 23 Name 0 0 0
2186 452 213 24 Name 0 0 0
7978 4172 201 23 Name 0 0 0
3238 5004 415 26 Name 0 0 0
1592 6287 413 25 Name 0 0 0
7219 5666 295 20 Name 0 0 0
6410 2292 169 25 Name 0 0 0
1545 6116 427 17 Name 0 0 0
1114 5665 273 21 Name 0 0 0
5903 4262 66 19 Name 0 0 0
3890 1832 103 20 Name 0 0 0
63 497 331 18 Name 0 0 0
5444 2733 415 24 Name 0 0 0
1870 7470 241 28 Name 0 0 0
3350 6266 163 29 Name 0 0 0
4118 7694 65 23 Name 0 0 0
2575 4609 170 27 Name 0 0 0
4982 6007 219 16 Name 0 0 0
6698 5004 246 31 Name 0 0 0
2205 4356 369 20 Name 0 0 0
7037 5789 364 29 Name 0 0 0
7544 2207 507 19 Name 0 0 0
162 7236 310 24 Name 0 0 0
1701 6502 363 26 Name 0 0 0
13 3814 66 23 Name 0 0 0
4662 593 408 17 Name 0 0 0
7856 8072 397 21 Name 0 0 0
5963 7138 457 23 Name 0 0 0
3479 1089 166 21 Name 0 0 0
93 5858 506 22 Name 0 0 0
1592 332 449 23 Name 0 0 0
2516 3836 460 16 Name 0 0 0
2848 3366 108 20 Name 0 0 0
3973 4687 445 16 Name 0 0 0
5354 2390 47 21 Name 0 0 0
4760 5865 321 29 Name 0 0 0
3593 5980 214 27 Name 0 0 0
7765 8163 391 32 Name 0 0 0
5666 480 40 27 Name 0 0 0
213 2617 56 22 Name 0 0 0
2435 3337 490 31 Name 0 0 0
5256 7851 429 30 Name 0 0 0
7111 1538 51 27 Name 0 0 0
5159 3257 336 21 Name 0 0 0
6722 5106 407 28 Name 0 0 0
1923 5744 332 20 Name 0 0 0
2616 344 400 25 Name 0 0 0
2725 6523 273 17 Name 0 0 0
626 2434 196 24 Name 0 0 0
1271 5226 286 31 Name 0 0 0
3890 1835 381 31 Name 0 0 0
4772 6782 140 18 Name 0 0 0
5007 5615 380 22 Name 0 0 0
1877 305 465 31 Name 0 0 0
1592 942 285 28 Name 0 0 0
3326 7382 115 29 Name 0 0 0
4823 4240 253 16 Name 0 0 0
6008 2915 291 29 Name 0 0 0
2757 5302 257 28 Name 0 0 0
1055 2174 112 17 Name 0 0 0
3425 2666 189 17 Name 0 0 0
5378 6658 51 31 Name 0 0 0
7434 3624 410 21 Name 0 0 0
6556 6187 385 17 Name 0 0 0
6738 1811 472 21 Name 0 0 0
7609 5249 432 22 Name 0 0 0
471 1950 294 29 Name 0 0 0
3874 4392 389 23 Name 0 0 0
5081 4639 425 23 Name 0 0 0
2450 1670 393 27 Name 0 0 0
5463 1011 250 25 Name 0 0 0
4386 2995 51 16 Name 0 0 0
7081 6394 118 22 Name 0 0 0
5541 824 423 18 Name 0 0 0
384 7856 216 26 Name 0 0 0
2447 5395 476 21 Name 0 0 0
6908 7553 359 24 Name 0 0 0
6934 204 302 32 Name 0 0 0
2008 3827 67 29 Name 0 0 0
3318 4153 133 31 Name 0 0 0
5814 7926 53 22 Name 0 0 0
2281 5579 174 26 Name 0 0 0
1528 1422 247 20 Name 0 0 0
6831 4115 62 31 Name 0 0 0
6134 5519 154 22 Name 0 0 0
1900 422 306 26 Name 0 0 0
4347 6214 356 23 Name 0 0 0
427 6940 203 27 Name 0 0 0
5963 7484 458 18 Name 0 0 0
1463 6767 476 16 Name 0 0 0
484 7217 227 24 Name 0 0 0
x-Min=0
x-Max=8192
y-Min=0
y-Max=8192
min label height=16.0
max label height=32.0
min label width=32.0
max label width=512
