1024
13016 6538 118 32 Name 0 0 0
3700 12987 123 32 Name 0 0 0
12464 6575 105 32 Name 0 0 0
464 9254 70 32 Name 0 0 0
9757 14698 78 32 Name 0 0 0
10016 6464 98 32 Name 0 0 0
4322 2644 85 32 Name 0 0 0
13458 12248 84 32 Name 0 0 0
5066 5480 106 32 Name 0 0 0
3173 4240 102 32 Name 0 0 0
11272 15294 118 32 Name 0 0 0
12582 7947 70 32 Name 0 0 0
10284 3559 100 32 Name 0 0 0
4894 12313 66 32 Name 0 0 0
3812 3445 80 32 Name 0 0 0
15849 3550 91 32 Name 0 0 0
11866 8044 126 32 Name 0 0 0
8651 14531 91 32 Name 0 0 0
414 8435 77 32 Name 0 0 0
15374 7819 97 32 Name 0 0 0
3388 12447 78 32 Name 0 0 0
3820 1313 98 32 Name 0 0 0
7290 4480 96 32 Name 0 0 0
6662 1762 105 32 Name 0 0 0
7628 14522 103 32 Name 0 0 0
5273 2644 72 32 Name 0 0 0
10340 15037 115 32 Name 0 0 0
11858 3848 109 32 Name 0 0 0
3211 12678 66 32 Name 0 0 0
12594 1038 79 32 Name 0 0 0
12693 206 65 32 Name 0 0 0
271 4090 89 32 Name 0 0 0
9162 13083 123 32 Name 0 0 0
15980 11497 67 32 Name 0 0 0
3909 5142 109 32 Name 0 0 0
1391 1009 89 32 Name 0 0 0
3891 6829 116 32 Name 0 0 0
114 14116 71 32 Name 0 0 0
887 2135 100 32 Name 0 0 0
970 2350 79 32 Name 0 0 0
648 4312 66 32 Name 0 0 0
8671 3622 70 32 Name 0 0 0
7435 12592 89 32 Name 0 0 0
12637 2173 105 32 Name 0 0 0
14644 6527 69 32 Name 0 0 0
3569 4323 97 32 Name 0 0 0
4325 9861 87 32 Name 0 0 0
10614 2110 96 32 Name 0 0 0
37 15453 75 32 Name 0 0 0
1130 5209 96 32 Name 0 0 0
14994 6675 68 32 Name 0 0 0
15022 7511 66 32 Name 0 0 0
11029 3961 121 32 Name 0 0 0
2369 10036 96 32 Name 0 0 0
14974 16064 79 32 Name 0 0 0
6325 10649 101 32 Name 0 0 0
8731 5580 121 32 Name 0 0 0
3047 16219 123 32 Name 0 0 0
9966 285 68 32 Name 0 0 0
12892 7928 67 32 Name 0 0 0
7855 8092 96 32 Name 0 0 0
16105 4218 92 32 Name 0 0 0
300 8263 80 32 Name 0 0 0
12511 9648 70 32 Name 0 0 0
3403 7377 74 32 Name 0 0 0
5611 7442 109 32 Name 0 0 0
8772 13511 81 32 Name 0 0 0
6641 13562 97 32 Name 0 0 0
6543 5094 94 32 Name 0 0 0
15850 7280 103 32 Name 0 0 0
2205 14612 121 32 Name 0 0 0
11995 970 98 32 Name 0 0 0
5499 6508 67 32 Name 0 0 0
12495 7695 81 32 Name 0 0 0
7919 10339 90 32 Name 0 0 0
2435 3259 88 32 Name 0 0 0
3978 13025 87 32 Name 0 0 0
14738 4672 96 32 Name 0 0 0
2765 6100 126 32 Name 0 0 0
62 1724 122 32 Name 0 0 0
34 5256 76 32 Name 0 0 0
6779 1593 111 32 Name 0 0 0
14772 4243 118 32 Name 0 0 0
14861 9340 95 32 Name 0 0 0
12875 155 112 32 Name 0 0 0
1579 10494 125 32 Name 0 0 0
1338 8507 66 32 Name 0 0 0
531 12035 94 32 Name 0 0 0
1006 9988 109 32 Name 0 0 0
2989 6404 77 32 Name 0 0 0
11415 5469 84 32 Name 0 0 0
8633 10028 114 32 Name 0 0 0
1511 1189 127 32 Name 0 0 0
6601 3828 123 32 Name 0 0 0
5102 13321 77 32 Name 0 0 0
8421 14939 102 32 Name 0 0 0
1410 14101 85 32 Name 0 0 0
5616 11341 88 32 Name 0 0 0
14073 12301 124 32 Name 0 0 0
6951 3712 79 32 Name 0 0 0
9037 14659 89 32 Name 0 0 0
6276 13629 115 32 Name 0 0 0
371 2440 71 32 Name 0 0 0
13012 8004 84 32 Name 0 0 0
6306 15742 93 32 Name 0 0 0
5358 13348 76 32 Name 0 0 0
15293 12198 70 32 Name 0 0 0
14264 4144 87 32 Name 0 0 0
1454 13803 91 32 Name 0 0 0
1266 432 67 32 Name 0 0 0
3697 9005 113 32 Name 0 0 0
4063 11918 112 32 Name 0 0 0
4918 4505 107 32 Name 0 0 0
7122 3835 85 32 Name 0 0 0
1113 13273 112 32 Name 0 0 0
13263 12479 64 32 Name 0 0 0
10122 1844 98 32 Name 0 0 0
7022 2616 102 32 Name 0 0 0
1879 4837 84 32 Name 0 0 0
11018 2027 113 32 Name 0 0 0
1434 4163 98 32 Name 0 0 0
6031 4062 96 32 Name 0 0 0
8181 6736 72 32 Name 0 0 0
9785 15274 65 32 Name 0 0 0
8601 7550 84 32 Name 0 0 0
5971 9090 86 32 Name 0 0 0
6756 1131 66 32 Name 0 0 0
13623 10983 124 32 Name 0 0 0
6640 6786 121 32 Name 0 0 0
3784 580 68 32 Name 0 0 0
3727 12195 100 32 Name 0 0 0
10673 3204 78 32 Name 0 0 0
13705 10044 115 32 Name 0 0 0
5858 9404 93 32 Name 0 0 0
7097 10213 74 32 Name 0 0 0
14995 257 70 32 Name 0 0 0
14381 16217 94 32 Name 0 0 0
6253 1158 86 32 Name 0 0 0
5184 13746 83 32 Name 0 0 0
9059 342 77 32 Name 0 0 0
3088 11724 98 32 Name 0 0 0
9280 6945 90 32 Name 0 0 0
6007 8312 106 32 Name 0 0 0
4779 10626 80 32 Name 0 0 0
6234 11208 107 32 Name 0 0 0
14110 10431 65 32 Name 0 0 0
13735 4232 106 32 Name 0 0 0
3694 1992 113 32 Name 0 0 0
1321 15247 82 32 Name 0 0 0
1802 14661 80 32 Name 0 0 0
15925 6295 110 32 Name 0 0 0
5245 161 78 32 Name 0 0 0
15899 1771 115 32 Name 0 0 0
8789 4576 115 32 Name 0 0 0
7940 489 118 32 Name 0 0 0
10677 8705 79 32 Name 0 0 0
9939 5401 95 32 Name 0 0 0
6243 14361 90 32 Name 0 0 0
3056 15945 72 32 Name 0 0 0
14020 5688 91 32 Name 0 0 0
2057 4304 120 32 Name 0 0 0
6871 8082 109 32 Name 0 0 0
14728 2231 119 32 Name 0 0 0
13876 3717 103 32 Name 0 0 0
9540 11488 128 32 Name 0 0 0
14918 4258 95 32 Name 0 0 0
11354 12646 64 32 Name 0 0 0
8591 7606 116 32 Name 0 0 0
9437 14971 66 32 Name 0 0 0
14190 5913 71 32 Name 0 0 0
7186 3508 101 32 Name 0 0 0
4911 3651 69 32 Name 0 0 0
5370 13846 70 32 Name 0 0 0
5507 4973 124 32 Name 0 0 0
16125 12702 101 32 Name 0 0 0
3668 9786 110 32 Name 0 0 0
7509 1113 100 32 Name 0 0 0
12507 375 86 32 Name 0 0 0
10313 4787 90 32 Name 0 0 0
4687 11282 68 32 Name 0 0 0
10976 503 109 32 Name 0 0 0
8300 6506 73 32 Name 0 0 0
668 5366 96 32 Name 0 0 0
12445 13217 117 32 Name 0 0 0
6401 5589 95 32 Name 0 0 0
13178 16278 107 32 Name 0 0 0
7012 3102 76 32 Name 0 0 0
6088 9495 100 32 Name 0 0 0
1949 17 125 32 Name 0 0 0
1146 5721 80 32 Name 0 0 0
8578 7719 105 32 Name 0 0 0
3676 5293 75 32 Name 0 0 0
381 96 106 32 Name 0 0 0
16369 6487 90 32 Name 0 0 0
12854 4377 72 32 Name 0 0 0
6317 15678 98 32 Name 0 0 0
15790 440 127 32 Name 0 0 0
13746 15556 87 32 Name 0 0 0
5634 4035 125 32 Name 0 0 0
15730 13167 72 32 Name 0 0 0
7810 10904 122 32 Name 0 0 0
1916 1789 113 32 Name 0 0 0
16187 13920 66 32 Name 0 0 0
14534 10898 119 32 Name 0 0 0
11045 10443 100 32 Name 0 0 0
3372 13182 113 32 Name 0 0 0
7666 12940 97 32 Name 0 0 0
13831 6445 71 32 Name 0 0 0
865 5380 121 32 Name 0 0 0
4747 8445 76 32 Name 0 0 0
13728 3940 86 32 Name 0 0 0
8278 2461 120 32 Name 0 0 0
11083 5600 93 32 Name 0 0 0
6382 15133 118 32 Name 0 0 0
2131 2014 77 32 Name 0 0 0
4458 12834 114 32 Name 0 0 0
8733 2462 119 32 Name 0 0 0
4425 6043 64 32 Name 0 0 0
14349 15400 98 32 Name 0 0 0
6653 6462 78 32 Name 0 0 0
5236 2229 102 32 Name 0 0 0
11192 11110 74 32 Name 0 0 0
304 2144 111 32 Name 0 0 0
11399 3716 118 32 Name 0 0 0
7534 15915 76 32 Name 0 0 0
10468 2527 88 32 Name 0 0 0
2211 635 81 32 Name 0 0 0
14437 3871 90 32 Name 0 0 0
3114 15121 70 32 Name 0 0 0
9711 14809 93 32 Name 0 0 0
5019 276 102 32 Name 0 0 0
3579 15436 100 32 Name 0 0 0
13469 1077 100 32 Name 0 0 0
2449 4716 96 32 Name 0 0 0
7786 3383 112 32 Name 0 0 0
13534 5695 87 32 Name 0 0 0
10807 6594 121 32 Name 0 0 0
2120 1502 107 32 Name 0 0 0
9078 8709 76 32 Name 0 0 0
3485 2540 87 32 Name 0 0 0
1478 11641 120 32 Name 0 0 0
16342 4707 126 32 Name 0 0 0
13280 293 77 32 Name 0 0 0
8370 1791 72 32 Name 0 0 0
7748 10009 94 32 Name 0 0 0
14008 6961 119 32 Name 0 0 0
12678 3446 95 32 Name 0 0 0
3950 9162 100 32 Name 0 0 0
16233 6631 66 32 Name 0 0 0
228 12720 110 32 Name 0 0 0
7615 8812 87 32 Name 0 0 0
15220 2808 115 32 Name 0 0 0
3988 685 124 32 Name 0 0 0
14835 13732 102 32 Name 0 0 0
2980 2637 93 32 Name 0 0 0
1281 1141 66 32 Name 0 0 0
1071 15214 97 32 Name 0 0 0
10519 8616 97 32 Name 0 0 0
1697 13491 92 32 Name 0 0 0
10382 4705 67 32 Name 0 0 0
6163 11224 74 32 Name 0 0 0
14231 6744 125 32 Name 0 0 0
15067 667 116 32 Name 0 0 0
9744 7668 80 32 Name 0 0 0
12154 12381 79 32 Name 0 0 0
14927 755 83 32 Name 0 0 0
2689 5252 99 32 Name 0 0 0
3177 15828 83 32 Name 0 0 0
14152 1338 85 32 Name 0 0 0
2339 10650 103 32 Name 0 0 0
5490 5300 81 32 Name 0 0 0
8234 6833 87 32 Name 0 0 0
6668 1454 77 32 Name 0 0 0
10237 3516 119 32 Name 0 0 0
7898 6794 99 32 Name 0 0 0
16251 10450 93 32 Name 0 0 0
14388 10339 118 32 Name 0 0 0
12336 4553 74 32 Name 0 0 0
13520 11978 103 32 Name 0 0 0
2481 15901 83 32 Name 0 0 0
13990 11341 80 32 Name 0 0 0
14556 2978 76 32 Name 0 0 0
10001 15199 100 32 Name 0 0 0
14916 1760 102 32 Name 0 0 0
10819 9890 78 32 Name 0 0 0
9367 7494 79 32 Name 0 0 0
12748 991 122 32 Name 0 0 0
3965 16111 75 32 Name 0 0 0
4564 12489 120 32 Name 0 0 0
11687 3119 66 32 Name 0 0 0
8221 10290 75 32 Name 0 0 0
5706 9511 117 32 Name 0 0 0
9629 412 80 32 Name 0 0 0
11086 3230 87 32 Name 0 0 0
3495 6337 67 32 Name 0 0 0
1057 7146 97 32 Name 0 0 0
13109 517 117 32 Name 0 0 0
7661 1656 68 32 Name 0 0 0
11309 386 81 32 Name 0 0 0
12175 4527 117 32 Name 0 0 0
7873 11677 76 32 Name 0 0 0
3856 11529 117 32 Name 0 0 0
4183 5026 105 32 Name 0 0 0
1320 13796 81 32 Name 0 0 0
11394 10835 92 32 Name 0 0 0
11633 15144 76 32 Name 0 0 0
8154 11939 102 32 Name 0 0 0
9370 14130 116 32 Name 0 0 0
15254 12642 107 32 Name 0 0 0
10481 13758 90 32 Name 0 0 0
530 4186 97 32 Name 0 0 0
4593 4484 77 32 Name 0 0 0
1707 9547 81 32 Name 0 0 0
5551 88 100 32 Name 0 0 0
12889 5854 112 32 Name 0 0 0
13537 280 85 32 Name 0 0 0
5558 8234 86 32 Name 0 0 0
7078 15801 96 32 Name 0 0 0
12900 9644 84 32 Name 0 0 0
13508 3440 121 32 Name 0 0 0
12959 2336 82 32 Name 0 0 0
12511 2042 118 32 Name 0 0 0
310 7855 127 32 Name 0 0 0
2405 9227 89 32 Name 0 0 0
2518 13621 104 32 Name 0 0 0
11862 9661 109 32 Name 0 0 0
341 15553 113 32 Name 0 0 0
1036 11072 124 32 Name 0 0 0
3111 3726 109 32 Name 0 0 0
3356 1986 104 32 Name 0 0 0
8710 13800 84 32 Name 0 0 0
1156 12253 105 32 Name 0 0 0
6935 5311 98 32 Name 0 0 0
11393 16206 76 32 Name 0 0 0
4105 6456 119 32 Name 0 0 0
15769 15189 83 32 Name 0 0 0
12612 10997 126 32 Name 0 0 0
967 269 86 32 Name 0 0 0
14244 11993 78 32 Name 0 0 0
9531 15540 103 32 Name 0 0 0
14474 11065 117 32 Name 0 0 0
5172 10174 123 32 Name 0 0 0
11434 3697 72 32 Name 0 0 0
7280 11540 106 32 Name 0 0 0
12450 3456 115 32 Name 0 0 0
13577 15480 121 32 Name 0 0 0
1950 14129 77 32 Name 0 0 0
14634 12589 123 32 Name 0 0 0
6811 3380 98 32 Name 0 0 0
3983 16183 73 32 Name 0 0 0
12740 15246 103 32 Name 0 0 0
11373 533 101 32 Name 0 0 0
2612 6383 86 32 Name 0 0 0
16082 5044 116 32 Name 0 0 0
3593 1211 109 32 Name 0 0 0
162 920 105 32 Name 0 0 0
7143 11503 85 32 Name 0 0 0
12709 1965 79 32 Name 0 0 0
12569 10268 86 32 Name 0 0 0
1678 12647 87 32 Name 0 0 0
13844 2398 124 32 Name 0 0 0
13391 15181 128 32 Name 0 0 0
2100 2690 67 32 Name 0 0 0
12601 5790 119 32 Name 0 0 0
7115 2833 125 32 Name 0 0 0
12246 6675 71 32 Name 0 0 0
808 2195 95 32 Name 0 0 0
3008 14585 88 32 Name 0 0 0
3295 8143 94 32 Name 0 0 0
15017 6668 99 32 Name 0 0 0
1719 13295 119 32 Name 0 0 0
11956 10663 108 32 Name 0 0 0
2762 6352 107 32 Name 0 0 0
7634 11403 90 32 Name 0 0 0
7661 3936 91 32 Name 0 0 0
4557 11882 80 32 Name 0 0 0
13500 14715 79 32 Name 0 0 0
4272 9507 80 32 Name 0 0 0
9282 5523 68 32 Name 0 0 0
9414 5485 111 32 Name 0 0 0
625 15953 78 32 Name 0 0 0
16303 1726 105 32 Name 0 0 0
7937 5253 86 32 Name 0 0 0
6682 12388 68 32 Name 0 0 0
12237 4825 120 32 Name 0 0 0
10710 3904 79 32 Name 0 0 0
12446 12984 124 32 Name 0 0 0
14436 15218 85 32 Name 0 0 0
6056 7506 120 32 Name 0 0 0
1850 12901 111 32 Name 0 0 0
10733 11446 119 32 Name 0 0 0
4402 512 77 32 Name 0 0 0
14780 11988 69 32 Name 0 0 0
1800 5977 77 32 Name 0 0 0
921 9286 113 32 Name 0 0 0
13829 15046 68 32 Name 0 0 0
9652 12933 126 32 Name 0 0 0
7955 6050 74 32 Name 0 0 0
2997 4751 104 32 Name 0 0 0
11834 9862 101 32 Name 0 0 0
7773 13397 97 32 Name 0 0 0
9189 1570 114 32 Name 0 0 0
12504 12828 70 32 Name 0 0 0
10769 8253 122 32 Name 0 0 0
5216 10482 125 32 Name 0 0 0
11031 8257 111 32 Name 0 0 0
12483 5918 88 32 Name 0 0 0
6549 7148 123 32 Name 0 0 0
5028 9680 82 32 Name 0 0 0
2826 1836 120 32 Name 0 0 0
9677 2213 85 32 Name 0 0 0
6314 15614 111 32 Name 0 0 0
9505 13710 75 32 Name 0 0 0
6906 9889 127 32 Name 0 0 0
3547 5421 80 32 Name 0 0 0
283 7477 96 32 Name 0 0 0
11339 3035 87 32 Name 0 0 0
14039 12532 71 32 Name 0 0 0
14261 8260 96 32 Name 0 0 0
13103 2621 91 32 Name 0 0 0
3153 4920 109 32 Name 0 0 0
14700 12801 112 32 Name 0 0 0
62 732 80 32 Name 0 0 0
12811 10011 98 32 Name 0 0 0
6147 5809 90 32 Name 0 0 0
14969 641 99 32 Name 0 0 0
11591 13053 81 32 Name 0 0 0
238 2368 120 32 Name 0 0 0
6731 11515 79 32 Name 0 0 0
8480 8177 101 32 Name 0 0 0
7971 9644 90 32 Name 0 0 0
7266 15138 89 32 Name 0 0 0
2880 9904 82 32 Name 0 0 0
5284 505 105 32 Name 0 0 0
12 10635 126 32 Name 0 0 0
8009 13715 126 32 Name 0 0 0
12713 9501 123 32 Name 0 0 0
15513 15659 87 32 Name 0 0 0
9795 685 86 32 Name 0 0 0
12096 6438 71 32 Name 0 0 0
11991 5019 112 32 Name 0 0 0
11909 6538 85 32 Name 0 0 0
2234 7964 68 32 Name 0 0 0
13518 9000 91 32 Name 0 0 0
12599 15478 66 32 Name 0 0 0
9576 13474 75 32 Name 0 0 0
1516 10633 100 32 Name 0 0 0
8589 1041 72 32 Name 0 0 0
3287 6467 91 32 Name 0 0 0
5370 11069 107 32 Name 0 0 0
14084 3094 106 32 Name 0 0 0
4524 1572 90 32 Name 0 0 0
11950 12393 72 32 Name 0 0 0
6088 5812 93 32 Name 0 0 0
7924 15782 67 32 Name 0 0 0
9683 9017 104 32 Name 0 0 0
511 11251 79 32 Name 0 0 0
11894 12488 126 32 Name 0 0 0
1744 13986 103 32 Name 0 0 0
9239 11996 105 32 Name 0 0 0
15248 16065 86 32 Name 0 0 0
1866 4466 80 32 Name 0 0 0
4101 7175 90 32 Name 0 0 0
16351 15845 71 32 Name 0 0 0
5631 15650 126 32 Name 0 0 0
2287 9168 104 32 Name 0 0 0
13658 4584 86 32 Name 0 0 0
2737 12517 119 32 Name 0 0 0
10630 1117 104 32 Name 0 0 0
14898 10101 111 32 Name 0 0 0
1302 6702 69 32 Name 0 0 0
9755 7784 87 32 Name 0 0 0
2550 4147 126 32 Name 0 0 0
241 10026 67 32 Name 0 0 0
11486 5581 65 32 Name 0 0 0
1118 2501 87 32 Name 0 0 0
10269 16352 93 32 Name 0 0 0
15113 9462 67 32 Name 0 0 0
13337 1978 105 32 Name 0 0 0
14344 3755 113 32 Name 0 0 0
10310 1912 94 32 Name 0 0 0
15187 7064 67 32 Name 0 0 0
11903 4908 120 32 Name 0 0 0
10598 4396 74 32 Name 0 0 0
381 7076 126 32 Name 0 0 0
11014 8682 125 32 Name 0 0 0
8486 5663 102 32 Name 0 0 0
12171 12952 91 32 Name 0 0 0
4231 6960 103 32 Name 0 0 0
14003 11087 100 32 Name 0 0 0
15390 11740 114 32 Name 0 0 0
14598 39 126 32 Name 0 0 0
3367 11023 124 32 Name 0 0 0
13009 8023 85 32 Name 0 0 0
10405 5614 94 32 Name 0 0 0
6503 16053 107 32 Name 0 0 0
9362 8045 101 32 Name 0 0 0
6207 4618 85 32 Name 0 0 0
165 10309 90 32 Name 0 0 0
5089 15062 66 32 Name 0 0 0
14764 14953 89 32 Name 0 0 0
52 2851 126 32 Name 0 0 0
4123 1828 64 32 Name 0 0 0
3663 2849 125 32 Name 0 0 0
4705 10891 96 32 Name 0 0 0
15701 11315 121 32 Name 0 0 0
10090 14987 114 32 Name 0 0 0
2948 6411 86 32 Name 0 0 0
7348 3078 117 32 Name 0 0 0
2910 10137 71 32 Name 0 0 0
9506 6915 104 32 Name 0 0 0
944 3319 70 32 Name 0 0 0
5702 3070 121 32 Name 0 0 0
15091 10132 103 32 Name 0 0 0
13467 3719 110 32 Name 0 0 0
9011 14942 74 32 Name 0 0 0
14688 5820 100 32 Name 0 0 0
6742 2729 78 32 Name 0 0 0
8834 8996 126 32 Name 0 0 0
6689 13046 95 32 Name 0 0 0
4829 7838 74 32 Name 0 0 0
11356 15003 111 32 Name 0 0 0
2269 3245 74 32 Name 0 0 0
890 2738 106 32 Name 0 0 0
12015 16191 119 32 Name 0 0 0
12779 8627 85 32 Name 0 0 0
10368 3214 80 32 Name 0 0 0
14139 8594 86 32 Name 0 0 0
13251 14842 76 32 Name 0 0 0
10407 3060 84 32 Name 0 0 0
2949 6846 78 32 Name 0 0 0
5910 8421 89 32 Name 0 0 0
457 12590 111 32 Name 0 0 0
5513 4718 100 32 Name 0 0 0
940 3606 106 32 Name 0 0 0
5228 4418 126 32 Name 0 0 0
5380 8180 119 32 Name 0 0 0
1732 9576 94 32 Name 0 0 0
7396 9449 100 32 Name 0 0 0
6455 7993 125 32 Name 0 0 0
1505 4401 99 32 Name 0 0 0
2109 12610 72 32 Name 0 0 0
10974 9266 78 32 Name 0 0 0
10701 2742 122 32 Name 0 0 0
12469 15623 126 32 Name 0 0 0
6072 126 120 32 Name 0 0 0
14540 13885 90 32 Name 0 0 0
10267 311 113 32 Name 0 0 0
8959 4628 98 32 Name 0 0 0
2782 3715 117 32 Name 0 0 0
11434 7933 81 32 Name 0 0 0
1465 10255 118 32 Name 0 0 0
9554 16269 125 32 Name 0 0 0
12323 14065 109 32 Name 0 0 0
16001 10989 113 32 Name 0 0 0
9044 15765 82 32 Name 0 0 0
9386 5341 120 32 Name 0 0 0
11881 14351 97 32 Name 0 0 0
12654 13505 73 32 Name 0 0 0
4109 6405 81 32 Name 0 0 0
4663 3213 85 32 Name 0 0 0
13946 5469 122 32 Name 0 0 0
15054 6130 70 32 Name 0 0 0
10393 6340 90 32 Name 0 0 0
7968 11774 67 32 Name 0 0 0
7437 9910 128 32 Name 0 0 0
7848 178 115 32 Name 0 0 0
3943 11742 126 32 Name 0 0 0
9929 2029 74 32 Name 0 0 0
13040 12788 106 32 Name 0 0 0
7250 3460 120 32 Name 0 0 0
6976 13556 121 32 Name 0 0 0
6455 5678 80 32 Name 0 0 0
6583 4126 121 32 Name 0 0 0
5527 6364 100 32 Name 0 0 0
10047 10081 75 32 Name 0 0 0
9331 4989 118 32 Name 0 0 0
8600 11810 72 32 Name 0 0 0
14994 12135 126 32 Name 0 0 0
13914 13035 121 32 Name 0 0 0
1944 8069 85 32 Name 0 0 0
184 6595 128 32 Name 0 0 0
4248 7148 95 32 Name 0 0 0
15658 424 116 32 Name 0 0 0
15416 12571 84 32 Name 0 0 0
2569 1533 113 32 Name 0 0 0
13258 8881 73 32 Name 0 0 0
11784 16380 81 32 Name 0 0 0
7716 1578 69 32 Name 0 0 0
15915 12570 103 32 Name 0 0 0
9348 5182 120 32 Name 0 0 0
3621 8164 101 32 Name 0 0 0
12286 9586 68 32 Name 0 0 0
12065 13282 76 32 Name 0 0 0
10918 1407 69 32 Name 0 0 0
3496 7478 127 32 Name 0 0 0
9155 10298 117 32 Name 0 0 0
10913 12932 78 32 Name 0 0 0
4175 15532 107 32 Name 0 0 0
12507 7454 75 32 Name 0 0 0
3682 1984 94 32 Name 0 0 0
7880 13966 128 32 Name 0 0 0
7427 11801 89 32 Name 0 0 0
2669 348 120 32 Name 0 0 0
9434 1178 93 32 Name 0 0 0
13126 9398 127 32 Name 0 0 0
11538 716 112 32 Name 0 0 0
4628 12239 101 32 Name 0 0 0
4000 11149 67 32 Name 0 0 0
7758 1964 105 32 Name 0 0 0
4283 925 65 32 Name 0 0 0
15916 13599 117 32 Name 0 0 0
4227 740 113 32 Name 0 0 0
10669 5804 82 32 Name 0 0 0
9493 8957 93 32 Name 0 0 0
6777 208 79 32 Name 0 0 0
4756 3862 82 32 Name 0 0 0
6658 3216 85 32 Name 0 0 0
6917 14643 89 32 Name 0 0 0
16343 7330 97 32 Name 0 0 0
16022 2714 128 32 Name 0 0 0
5487 6088 71 32 Name 0 0 0
13967 15996 115 32 Name 0 0 0
14737 8293 90 32 Name 0 0 0
5721 13810 111 32 Name 0 0 0
11683 8219 119 32 Name 0 0 0
5165 12518 71 32 Name 0 0 0
6040 12202 116 32 Name 0 0 0
7192 3754 127 32 Name 0 0 0
9251 14896 89 32 Name 0 0 0
5667 2629 66 32 Name 0 0 0
13849 980 97 32 Name 0 0 0
13015 4014 112 32 Name 0 0 0
9379 10431 71 32 Name 0 0 0
939 8455 67 32 Name 0 0 0
16298 7783 72 32 Name 0 0 0
2835 1617 106 32 Name 0 0 0
14969 4978 120 32 Name 0 0 0
13837 8465 83 32 Name 0 0 0
5245 5841 98 32 Name 0 0 0
4107 14449 116 32 Name 0 0 0
15246 5790 127 32 Name 0 0 0
1579 387 109 32 Name 0 0 0
4111 10349 79 32 Name 0 0 0
14885 436 97 32 Name 0 0 0
5212 6939 75 32 Name 0 0 0
13368 11440 106 32 Name 0 0 0
1939 14849 91 32 Name 0 0 0
1065 10969 95 32 Name 0 0 0
12644 14499 99 32 Name 0 0 0
2776 11090 114 32 Name 0 0 0
10789 15294 71 32 Name 0 0 0
12723 3159 93 32 Name 0 0 0
3606 7957 76 32 Name 0 0 0
4250 8353 78 32 Name 0 0 0
13829 5179 114 32 Name 0 0 0
13165 4844 88 32 Name 0 0 0
3917 13397 104 32 Name 0 0 0
8578 15666 107 32 Name 0 0 0
4767 14064 83 32 Name 0 0 0
4279 3815 93 32 Name 0 0 0
8671 5738 113 32 Name 0 0 0
8045 520 65 32 Name 0 0 0
12004 12596 100 32 Name 0 0 0
13036 14415 105 32 Name 0 0 0
15909 12701 67 32 Name 0 0 0
14731 16175 76 32 Name 0 0 0
1987 10888 87 32 Name 0 0 0
2838 14655 89 32 Name 0 0 0
3033 15739 64 32 Name 0 0 0
12814 5691 114 32 Name 0 0 0
11695 9322 83 32 Name 0 0 0
5087 4898 126 32 Name 0 0 0
9440 8860 77 32 Name 0 0 0
15414 759 121 32 Name 0 0 0
6894 7603 77 32 Name 0 0 0
11472 5455 120 32 Name 0 0 0
7824 9340 117 32 Name 0 0 0
152 15025 106 32 Name 0 0 0
14288 12595 68 32 Name 0 0 0
8681 11690 76 32 Name 0 0 0
15426 16290 102 32 Name 0 0 0
3405 12438 112 32 Name 0 0 0
9108 8237 105 32 Name 0 0 0
1123 3962 89 32 Name 0 0 0
3895 1049 81 32 Name 0 0 0
9403 6472 104 32 Name 0 0 0
5298 1880 101 32 Name 0 0 0
14211 9947 120 32 Name 0 0 0
13164 8206 81 32 Name 0 0 0
3553 1739 108 32 Name 0 0 0
10750 15669 90 32 Name 0 0 0
4284 13092 67 32 Name 0 0 0
12224 1546 128 32 Name 0 0 0
9448 3551 117 32 Name 0 0 0
1374 4283 119 32 Name 0 0 0
10287 6361 96 32 Name 0 0 0
1669 5239 76 32 Name 0 0 0
11601 5893 73 32 Name 0 0 0
5192 9656 86 32 Name 0 0 0
10544 596 70 32 Name 0 0 0
6972 7774 86 32 Name 0 0 0
168 5811 102 32 Name 0 0 0
16043 8258 97 32 Name 0 0 0
9051 8395 68 32 Name 0 0 0
5378 2920 85 32 Name 0 0 0
7460 15212 118 32 Name 0 0 0
12635 13653 74 32 Name 0 0 0
11622 10514 97 32 Name 0 0 0
3905 10758 89 32 Name 0 0 0
1732 16029 83 32 Name 0 0 0
6938 9759 84 32 Name 0 0 0
5123 308 101 32 Name 0 0 0
12863 6740 117 32 Name 0 0 0
11590 7768 106 32 Name 0 0 0
14987 13890 88 32 Name 0 0 0
1806 2562 82 32 Name 0 0 0
1006 58 86 32 Name 0 0 0
11597 15305 71 32 Name 0 0 0
3596 13338 84 32 Name 0 0 0
8617 550 127 32 Name 0 0 0
12399 3112 109 32 Name 0 0 0
5826 16213 67 32 Name 0 0 0
7138 6837 87 32 Name 0 0 0
10241 4783 91 32 Name 0 0 0
6058 15991 104 32 Name 0 0 0
2076 9040 84 32 Name 0 0 0
993 11696 107 32 Name 0 0 0
4998 13531 92 32 Name 0 0 0
11962 16063 68 32 Name 0 0 0
4381 5435 81 32 Name 0 0 0
14228 5915 96 32 Name 0 0 0
440 1044 73 32 Name 0 0 0
7750 8375 107 32 Name 0 0 0
11710 8991 117 32 Name 0 0 0
10168 7187 74 32 Name 0 0 0
14512 16227 77 32 Name 0 0 0
3565 8771 87 32 Name 0 0 0
435 16325 71 32 Name 0 0 0
14316 10457 110 32 Name 0 0 0
16193 5031 113 32 Name 0 0 0
7976 15003 77 32 Name 0 0 0
2113 14248 65 32 Name 0 0 0
6192 10408 102 32 Name 0 0 0
172 5227 100 32 Name 0 0 0
4768 9787 119 32 Name 0 0 0
7551 11537 105 32 Name 0 0 0
8578 6621 88 32 Name 0 0 0
2851 15773 85 32 Name 0 0 0
576 10073 116 32 Name 0 0 0
1873 7207 83 32 Name 0 0 0
2773 13577 83 32 Name 0 0 0
7795 7226 123 32 Name 0 0 0
10385 3210 68 32 Name 0 0 0
14229 12129 85 32 Name 0 0 0
3898 10160 111 32 Name 0 0 0
5520 654 89 32 Name 0 0 0
8432 7026 117 32 Name 0 0 0
9646 5600 84 32 Name 0 0 0
13044 13794 112 32 Name 0 0 0
354 7563 102 32 Name 0 0 0
16248 9276 84 32 Name 0 0 0
11919 5335 125 32 Name 0 0 0
13755 4727 75 32 Name 0 0 0
8204 10630 128 32 Name 0 0 0
5031 9244 69 32 Name 0 0 0
6871 754 69 32 Name 0 0 0
3725 8389 104 32 Name 0 0 0
8894 1224 88 32 Name 0 0 0
15777 6748 108 32 Name 0 0 0
6766 14788 66 32 Name 0 0 0
5980 6055 69 32 Name 0 0 0
15555 10884 76 32 Name 0 0 0
3719 14382 83 32 Name 0 0 0
15131 6159 122 32 Name 0 0 0
10713 15845 90 32 Name 0 0 0
2404 301 115 32 Name 0 0 0
637 1799 76 32 Name 0 0 0
4535 9681 87 32 Name 0 0 0
16109 12241 116 32 Name 0 0 0
6555 9121 72 32 Name 0 0 0
15078 9949 112 32 Name 0 0 0
8328 3040 94 32 Name 0 0 0
529 11002 102 32 Name 0 0 0
14541 14690 80 32 Name 0 0 0
580 770 103 32 Name 0 0 0
5930 11480 104 32 Name 0 0 0
6419 1311 93 32 Name 0 0 0
1830 9556 101 32 Name 0 0 0
4561 6062 75 32 Name 0 0 0
16371 8968 82 32 Name 0 0 0
4928 303 77 32 Name 0 0 0
6379 9756 79 32 Name 0 0 0
15108 1102 90 32 Name 0 0 0
905 4117 120 32 Name 0 0 0
8427 4196 113 32 Name 0 0 0
15516 12025 76 32 Name 0 0 0
12063 5376 92 32 Name 0 0 0
13923 3702 65 32 Name 0 0 0
10143 1184 96 32 Name 0 0 0
12869 14726 72 32 Name 0 0 0
13752 13053 88 32 Name 0 0 0
5870 2722 68 32 Name 0 0 0
9057 10742 82 32 Name 0 0 0
5490 2584 86 32 Name 0 0 0
14706 177 97 32 Name 0 0 0
5877 4650 82 32 Name 0 0 0
12379 15878 120 32 Name 0 0 0
2778 10124 109 32 Name 0 0 0
10262 14259 86 32 Name 0 0 0
10117 97 116 32 Name 0 0 0
15397 8195 77 32 Name 0 0 0
10269 3585 68 32 Name 0 0 0
8530 15677 78 32 Name 0 0 0
12117 5967 87 32 Name 0 0 0
2628 13638 121 32 Name 0 0 0
10969 900 103 32 Name 0 0 0
12021 8194 103 32 Name 0 0 0
3164 12309 123 32 Name 0 0 0
5067 7227 73 32 Name 0 0 0
5899 8300 77 32 Name 0 0 0
6344 9705 93 32 Name 0 0 0
6721 7814 111 32 Name 0 0 0
11247 15779 111 32 Name 0 0 0
6339 11519 67 32 Name 0 0 0
3232 8752 83 32 Name 0 0 0
4395 7653 81 32 Name 0 0 0
3599 13504 92 32 Name 0 0 0
1718 10009 68 32 Name 0 0 0
15528 4981 65 32 Name 0 0 0
2811 5856 123 32 Name 0 0 0
4028 2439 90 32 Name 0 0 0
14868 8870 121 32 Name 0 0 0
5051 4320 84 32 Name 0 0 0
9246 13960 74 32 Name 0 0 0
14628 8006 85 32 Name 0 0 0
8642 3402 122 32 Name 0 0 0
8225 303 111 32 Name 0 0 0
830 10248 96 32 Name 0 0 0
8946 6167 98 32 Name 0 0 0
9722 8617 110 32 Name 0 0 0
8727 5011 89 32 Name 0 0 0
8927 14864 90 32 Name 0 0 0
6792 15248 121 32 Name 0 0 0
8708 16287 99 32 Name 0 0 0
13916 16202 77 32 Name 0 0 0
15857 262 101 32 Name 0 0 0
4361 2720 114 32 Name 0 0 0
10043 14922 71 32 Name 0 0 0
3910 5068 111 32 Name 0 0 0
11452 9132 65 32 Name 0 0 0
48 3231 113 32 Name 0 0 0
4611 3230 68 32 Name 0 0 0
12115 11164 116 32 Name 0 0 0
6130 9446 122 32 Name 0 0 0
9021 15161 68 32 Name 0 0 0
496 16022 77 32 Name 0 0 0
11587 11745 116 32 Name 0 0 0
8151 12152 126 32 Name 0 0 0
1111 1530 100 32 Name 0 0 0
1103 14394 110 32 Name 0 0 0
9846 6286 93 32 Name 0 0 0
11057 5945 116 32 Name 0 0 0
4567 4976 108 32 Name 0 0 0
14742 15376 112 32 Name 0 0 0
1878 3509 89 32 Name 0 0 0
4267 12874 110 32 Name 0 0 0
592 4116 81 32 Name 0 0 0
11609 14696 110 32 Name 0 0 0
14207 6673 102 32 Name 0 0 0
885 6547 75 32 Name 0 0 0
3132 1607 120 32 Name 0 0 0
411 11112 103 32 Name 0 0 0
4245 3343 128 32 Name 0 0 0
5723 12087 120 32 Name 0 0 0
6042 15425 113 32 Name 0 0 0
9749 6099 97 32 Name 0 0 0
7918 15337 81 32 Name 0 0 0
198 11652 66 32 Name 0 0 0
11317 12546 66 32 Name 0 0 0
10909 10960 108 32 Name 0 0 0
1599 3056 70 32 Name 0 0 0
2541 1988 91 32 Name 0 0 0
3004 1199 80 32 Name 0 0 0
4637 12765 120 32 Name 0 0 0
16045 5262 100 32 Name 0 0 0
6603 13864 127 32 Name 0 0 0
6503 8112 92 32 Name 0 0 0
16330 15369 81 32 Name 0 0 0
8727 1389 70 32 Name 0 0 0
9501 4206 111 32 Name 0 0 0
14053 8266 76 32 Name 0 0 0
12096 2685 78 32 Name 0 0 0
11982 2762 97 32 Name 0 0 0
7401 7753 88 32 Name 0 0 0
12728 12705 106 32 Name 0 0 0
3575 14136 111 32 Name 0 0 0
538 11609 126 32 Name 0 0 0
2485 9073 101 32 Name 0 0 0
7244 2824 82 32 Name 0 0 0
5965 3073 78 32 Name 0 0 0
5489 1616 88 32 Name 0 0 0
3113 13554 69 32 Name 0 0 0
5385 442 111 32 Name 0 0 0
7425 5808 97 32 Name 0 0 0
650 5219 72 32 Name 0 0 0
14107 9077 126 32 Name 0 0 0
7428 7621 104 32 Name 0 0 0
7942 7919 94 32 Name 0 0 0
10215 8695 121 32 Name 0 0 0
4379 1379 77 32 Name 0 0 0
1707 5836 67 32 Name 0 0 0
8518 1515 101 32 Name 0 0 0
12774 3488 65 32 Name 0 0 0
6061 15560 82 32 Name 0 0 0
3516 13929 71 32 Name 0 0 0
2452 14381 113 32 Name 0 0 0
2194 9933 91 32 Name 0 0 0
15453 16356 71 32 Name 0 0 0
826 525 98 32 Name 0 0 0
191 1828 79 32 Name 0 0 0
15949 8879 85 32 Name 0 0 0
6946 7784 123 32 Name 0 0 0
5866 8874 118 32 Name 0 0 0
2670 13592 117 32 Name 0 0 0
10586 3354 69 32 Name 0 0 0
6554 8640 91 32 Name 0 0 0
14007 4697 117 32 Name 0 0 0
852 6294 66 32 Name 0 0 0
7084 706 77 32 Name 0 0 0
13330 9647 98 32 Name 0 0 0
6470 13911 116 32 Name 0 0 0
10610 8292 74 32 Name 0 0 0
7319 15433 65 32 Name 0 0 0
11002 7251 99 32 Name 0 0 0
9392 674 109 32 Name 0 0 0
12150 12759 86 32 Name 0 0 0
14447 3455 93 32 Name 0 0 0
14891 7595 79 32 Name 0 0 0
9964 15113 75 32 Name 0 0 0
6895 4879 75 32 Name 0 0 0
6106 15041 84 32 Name 0 0 0
2307 9037 87 32 Name 0 0 0
11297 11091 74 32 Name 0 0 0
2489 5927 119 32 Name 0 0 0
3123 6671 87 32 Name 0 0 0
5391 16301 120 32 Name 0 0 0
15510 10993 83 32 Name 0 0 0
997 11981 99 32 Name 0 0 0
5015 2033 123 32 Name 0 0 0
72 7036 66 32 Name 0 0 0
1923 13653 111 32 Name 0 0 0
10432 3740 84 32 Name 0 0 0
4966 4627 92 32 Name 0 0 0
15854 11146 81 32 Name 0 0 0
8316 13886 78 32 Name 0 0 0
2385 3638 121 32 Name 0 0 0
3872 1368 83 32 Name 0 0 0
15026 4163 83 32 Name 0 0 0
14534 16329 119 32 Name 0 0 0
1070 7881 96 32 Name 0 0 0
7717 12749 99 32 Name 0 0 0
974 5855 99 32 Name 0 0 0
9444 6193 103 32 Name 0 0 0
10753 6319 78 32 Name 0 0 0
402 13115 124 32 Name 0 0 0
14564 8876 79 32 Name 0 0 0
10069 3854 114 32 Name 0 0 0
5419 8474 110 32 Name 0 0 0
14726 7836 103 32 Name 0 0 0
11652 3916 80 32 Name 0 0 0
4656 2860 98 32 Name 0 0 0
4777 12172 124 32 Name 0 0 0
3078 13964 104 32 Name 0 0 0
2000 9719 108 32 Name 0 0 0
5653 13763 124 32 Name 0 0 0
3757 2483 113 32 Name 0 0 0
870 7530 104 32 Name 0 0 0
8204 4987 104 32 Name 0 0 0
8894 14967 125 32 Name 0 0 0
7045 7508 93 32 Name 0 0 0
9704 8473 88 32 Name 0 0 0
14858 10610 71 32 Name 0 0 0
6265 10422 86 32 Name 0 0 0
5192 2812 69 32 Name 0 0 0
1680 6680 88 32 Name 0 0 0
15184 10940 127 32 Name 0 0 0
10746 15296 126 32 Name 0 0 0
10916 10901 117 32 Name 0 0 0
10247 5215 70 32 Name 0 0 0
3887 11560 65 32 Name 0 0 0
9542 5795 91 32 Name 0 0 0
13387 9583 66 32 Name 0 0 0
13113 12483 71 32 Name 0 0 0
10975 14915 125 32 Name 0 0 0
3945 4564 110 32 Name 0 0 0
8178 9706 99 32 Name 0 0 0
15061 4496 111 32 Name 0 0 0
7124 12291 105 32 Name 0 0 0
3438 12470 65 32 Name 0 0 0
9490 12856 66 32 Name 0 0 0
1539 11384 123 32 Name 0 0 0
4411 7794 96 32 Name 0 0 0
10763 15129 110 32 Name 0 0 0
13118 9283 68 32 Name 0 0 0
12683 10975 86 32 Name 0 0 0
11880 6716 67 32 Name 0 0 0
14091 507 73 32 Name 0 0 0
5464 1339 66 32 Name 0 0 0
12196 10172 93 32 Name 0 0 0
6365 7346 76 32 Name 0 0 0
8608 14993 124 32 Name 0 0 0
11904 3363 126 32 Name 0 0 0
3019 8901 90 32 Name 0 0 0
10883 9547 97 32 Name 0 0 0
6933 6081 124 32 Name 0 0 0
323 11412 73 32 Name 0 0 0
10449 5627 111 32 Name 0 0 0
15297 14332 101 32 Name 0 0 0
4251 13099 121 32 Name 0 0 0
15874 2537 83 32 Name 0 0 0
2679 16062 87 32 Name 0 0 0
1029 7292 100 32 Name 0 0 0
2116 3659 109 32 Name 0 0 0
x-Min=0
x-Max=16384
y-Min=0
y-Max=16384
min label height=32.0
max label height=32.0
min label width=64.0
max label width=128.0
