1024
762 1046 9 6 Name 0 0 0
1079 1299 8 7 Name 0 0 0
494 537 15 4 Name 0 0 0
287 1489 8 4 Name 0 0 0
292 1508 16 4 Name 0 0 0
893 1452 9 5 Name 0 0 0
551 1426 10 7 Name 0 0 0
1520 1669 12 4 Name 0 0 0
1351 160 14 8 Name 0 0 0
638 1877 9 4 Name 0 0 0
740 1773 14 8 Name 0 0 0
252 137 9 6 Name 0 0 0
11 9 11 6 Name 0 0 0
848 775 15 8 Name 0 0 0
270 514 12 8 Name 0 0 0
804 1745 12 5 Name 0 0 0
1949 1882 16 7 Name 0 0 0
352 701 14 4 Name 0 0 0
660 380 9 5 Name 0 0 0
1237 212 10 5 Name 0 0 0
1428 1336 10 5 Name 0 0 0
1105 1637 8 6 Name 0 0 0
1210 530 11 5 Name 0 0 0
796 1792 15 7 Name 0 0 0
989 483 10 8 Name 0 0 0
1321 697 12 6 Name 0 0 0
2023 1455 12 4 Name 0 0 0
1419 341 16 5 Name 0 0 0
1989 1866 14 5 Name 0 0 0
780 1055 14 7 Name 0 0 0
203 163 13 5 Name 0 0 0
932 441 12 6 Name 0 0 0
98 643 14 6 Name 0 0 0
323 39 13 7 Name 0 0 0
888 1382 12 4 Name 0 0 0
1981 1320 14 6 Name 0 0 0
1172 409 10 7 Name 0 0 0
1642 908 16 5 Name 0 0 0
1578 1621 15 6 Name 0 0 0
1792 1080 11 4 Name 0 0 0
355 1904 13 6 Name 0 0 0
1710 581 14 5 Name 0 0 0
1315 1039 10 7 Name 0 0 0
23 1847 15 8 Name 0 0 0
1071 211 12 6 Name 0 0 0
1927 1725 10 8 Name 0 0 0
1886 1045 11 5 Name 0 0 0
852 607 14 7 Name 0 0 0
670 794 9 8 Name 0 0 0
212 469 12 6 Name 0 0 0
58 1594 10 6 Name 0 0 0
1136 1610 15 7 Name 0 0 0
577 1096 14 6 Name 0 0 0
1768 38 10 7 Name 0 0 0
570 5 14 5 Name 0 0 0
1548 1077 16 7 Name 0 0 0
40 28 14 5 Name 0 0 0
1878 1003 11 6 Name 0 0 0
1413 872 14 8 Name 0 0 0
1135 844 10 5 Name 0 0 0
372 424 15 6 Name 0 0 0
700 251 14 8 Name 0 0 0
710 63 15 8 Name 0 0 0
47 914 8 4 Name 0 0 0
60 1248 8 6 Name 0 0 0
639 1707 13 5 Name 0 0 0
613 1236 12 7 Name 0 0 0
873 86 12 6 Name 0 0 0
677 1910 14 4 Name 0 0 0
1367 1774 12 5 Name 0 0 0
448 84 9 8 Name 0 0 0
652 1375 12 4 Name 0 0 0
992 297 12 6 Name 0 0 0
640 1985 8 6 Name 0 0 0
2008 123 16 6 Name 0 0 0
804 940 10 4 Name 0 0 0
1905 938 8 6 Name 0 0 0
1306 316 16 5 Name 0 0 0
1885 455 13 5 Name 0 0 0
1158 1876 13 7 Name 0 0 0
1614 1145 9 7 Name 0 0 0
1080 802 12 6 Name 0 0 0
1956 591 16 8 Name 0 0 0
666 190 11 7 Name 0 0 0
756 1114 9 8 Name 0 0 0
1531 284 10 5 Name 0 0 0
1352 1235 12 8 Name 0 0 0
1172 84 12 7 Name 0 0 0
1820 632 12 8 Name 0 0 0
541 14 13 7 Name 0 0 0
102 677 13 6 Name 0 0 0
1625 1364 11 4 Name 0 0 0
1821 593 12 5 Name 0 0 0
1205 1202 12 6 Name 0 0 0
207 503 12 7 Name 0 0 0
804 1820 10 7 Name 0 0 0
1882 1275 11 6 Name 0 0 0
1813 691 11 5 Name 0 0 0
1772 1640 9 7 Name 0 0 0
1204 910 11 5 Name 0 0 0
869 281 15 6 Name 0 0 0
714 1462 9 4 Name 0 0 0
1114 574 9 7 Name 0 0 0
111 88 14 6 Name 0 0 0
1734 1973 12 6 Name 0 0 0
1050 1160 11 8 Name 0 0 0
19 283 10 6 Name 0 0 0
1741 1308 15 4 Name 0 0 0
395 1872 16 7 Name 0 0 0
2023 1627 13 6 Name 0 0 0
1223 1437 8 8 Name 0 0 0
791 89 15 7 Name 0 0 0
439 151 9 5 Name 0 0 0
395 78 13 6 Name 0 0 0
1515 1532 12 4 Name 0 0 0
370 47 10 5 Name 0 0 0
463 1564 15 6 Name 0 0 0
769 1658 14 6 Name 0 0 0
1342 1193 11 5 Name 0 0 0
213 36 13 7 Name 0 0 0
576 654 9 8 Name 0 0 0
1572 683 10 7 Name 0 0 0
1425 1567 10 5 Name 0 0 0
1074 1454 11 6 Name 0 0 0
44 1122 10 8 Name 0 0 0
242 362 14 6 Name 0 0 0
646 691 10 5 Name 0 0 0
1163 1169 11 5 Name 0 0 0
1149 578 8 8 Name 0 0 0
1308 606 12 8 Name 0 0 0
692 587 14 6 Name 0 0 0
714 1322 15 7 Name 0 0 0
2039 1716 13 5 Name 0 0 0
239 421 16 7 Name 0 0 0
98 1458 14 6 Name 0 0 0
1123 49 10 6 Name 0 0 0
905 1705 15 6 Name 0 0 0
146 761 9 5 Name 0 0 0
157 803 15 7 Name 0 0 0
72 346 12 6 Name 0 0 0
200 844 11 6 Name 0 0 0
1158 940 15 6 Name 0 0 0
924 1382 13 6 Name 0 0 0
789 1372 14 5 Name 0 0 0
1299 1894 9 5 Name 0 0 0
49 1724 9 7 Name 0 0 0
908 876 9 4 Name 0 0 0
733 68 13 8 Name 0 0 0
296 1431 9 4 Name 0 0 0
1452 1765 8 8 Name 0 0 0
361 140 10 5 Name 0 0 0
1486 1288 12 5 Name 0 0 0
154 1745 13 5 Name 0 0 0
1555 1811 11 8 Name 0 0 0
184 341 12 6 Name 0 0 0
671 1225 14 7 Name 0 0 0
258 1377 13 7 Name 0 0 0
1919 610 10 5 Name 0 0 0
54 211 14 5 Name 0 0 0
1555 1505 8 5 Name 0 0 0
1402 1124 12 7 Name 0 0 0
846 1673 9 7 Name 0 0 0
1096 713 13 6 Name 0 0 0
988 1782 12 7 Name 0 0 0
730 1645 14 7 Name 0 0 0
719 60 9 8 Name 0 0 0
1747 777 10 5 Name 0 0 0
747 2016 14 4 Name 0 0 0
1454 1408 11 6 Name 0 0 0
1952 248 9 4 Name 0 0 0
993 425 12 7 Name 0 0 0
1566 832 14 5 Name 0 0 0
238 1952 11 7 Name 0 0 0
1292 433 9 7 Name 0 0 0
1637 678 10 5 Name 0 0 0
181 2024 10 5 Name 0 0 0
2 569 10 6 Name 0 0 0
568 2005 13 4 Name 0 0 0
1794 1633 11 5 Name 0 0 0
279 806 13 5 Name 0 0 0
1898 733 12 6 Name 0 0 0
987 1253 12 5 Name 0 0 0
1459 647 14 5 Name 0 0 0
1687 1529 10 6 Name 0 0 0
132 1394 16 7 Name 0 0 0
1725 1733 8 5 Name 0 0 0
589 1564 15 7 Name 0 0 0
61 1231 13 4 Name 0 0 0
142 1852 12 4 Name 0 0 0
1166 1475 13 7 Name 0 0 0
1836 1724 14 5 Name 0 0 0
1464 344 9 8 Name 0 0 0
1265 1851 9 7 Name 0 0 0
1154 1539 11 8 Name 0 0 0
782 744 12 8 Name 0 0 0
1343 1771 13 8 Name 0 0 0
647 866 11 5 Name 0 0 0
121 1718 13 5 Name 0 0 0
909 1150 14 4 Name 0 0 0
1084 599 14 4 Name 0 0 0
741 1426 16 4 Name 0 0 0
465 1421 14 5 Name 0 0 0
1608 1153 12 6 Name 0 0 0
1109 12 13 8 Name 0 0 0
1062 308 13 5 Name 0 0 0
1583 1180 12 5 Name 0 0 0
1474 1058 13 4 Name 0 0 0
422 1774 13 6 Name 0 0 0
1902 1917 11 8 Name 0 0 0
771 1574 15 6 Name 0 0 0
228 1398 11 7 Name 0 0 0
968 361 15 7 Name 0 0 0
264 1273 9 6 Name 0 0 0
2036 1146 14 7 Name 0 0 0
728 1445 9 6 Name 0 0 0
1618 180 9 7 Name 0 0 0
244 797 15 6 Name 0 0 0
104 1037 12 4 Name 0 0 0
1373 171 14 5 Name 0 0 0
155 724 12 8 Name 0 0 0
1765 1365 15 7 Name 0 0 0
288 465 12 6 Name 0 0 0
530 1849 8 5 Name 0 0 0
1549 1132 11 5 Name 0 0 0
234 8 14 5 Name 0 0 0
1592 54 8 4 Name 0 0 0
1982 1517 12 7 Name 0 0 0
965 770 14 7 Name 0 0 0
1791 337 13 8 Name 0 0 0
1880 742 14 7 Name 0 0 0
1448 263 13 8 Name 0 0 0
1736 967 13 8 Name 0 0 0
1152 1600 9 8 Name 0 0 0
1269 1340 13 5 Name 0 0 0
120 265 12 5 Name 0 0 0
1817 1437 12 4 Name 0 0 0
1737 1855 9 5 Name 0 0 0
823 1520 14 7 Name 0 0 0
165 813 13 5 Name 0 0 0
958 1658 11 5 Name 0 0 0
502 126 10 5 Name 0 0 0
412 47 16 5 Name 0 0 0
387 1474 9 6 Name 0 0 0
629 230 15 4 Name 0 0 0
1222 589 9 7 Name 0 0 0
440 883 14 7 Name 0 0 0
1974 1047 12 7 Name 0 0 0
1424 422 10 5 Name 0 0 0
409 594 12 7 Name 0 0 0
961 60 11 4 Name 0 0 0
433 998 10 6 Name 0 0 0
1483 1762 16 6 Name 0 0 0
494 1527 12 5 Name 0 0 0
1269 1067 14 7 Name 0 0 0
744 546 11 5 Name 0 0 0
605 992 8 8 Name 0 0 0
1255 65 16 8 Name 0 0 0
507 1737 13 8 Name 0 0 0
1390 1409 10 7 Name 0 0 0
1270 1314 14 7 Name 0 0 0
823 1017 13 6 Name 0 0 0
273 1129 14 7 Name 0 0 0
908 470 14 8 Name 0 0 0
669 966 11 4 Name 0 0 0
1969 212 10 4 Name 0 0 0
1239 930 13 5 Name 0 0 0
613 1762 14 7 Name 0 0 0
1427 386 15 7 Name 0 0 0
360 61 11 6 Name 0 0 0
777 499 10 7 Name 0 0 0
2001 1801 11 4 Name 0 0 0
1380 578 14 7 Name 0 0 0
1802 332 16 7 Name 0 0 0
181 1610 10 7 Name 0 0 0
1614 2036 14 5 Name 0 0 0
1371 179 16 5 Name 0 0 0
1989 145 12 4 Name 0 0 0
1004 923 9 7 Name 0 0 0
934 1500 15 5 Name 0 0 0
519 705 10 6 Name 0 0 0
870 570 11 4 Name 0 0 0
460 812 15 7 Name 0 0 0
298 735 16 7 Name 0 0 0
1046 1276 10 7 Name 0 0 0
1449 1831 13 5 Name 0 0 0
1598 693 15 5 Name 0 0 0
1444 804 11 7 Name 0 0 0
476 1072 9 7 Name 0 0 0
210 2013 9 8 Name 0 0 0
1762 674 13 6 Name 0 0 0
295 1540 10 8 Name 0 0 0
1223 226 12 5 Name 0 0 0
75 1783 13 6 Name 0 0 0
1493 1022 8 6 Name 0 0 0
625 217 11 5 Name 0 0 0
1417 1087 8 4 Name 0 0 0
961 1589 10 6 Name 0 0 0
1489 1854 10 7 Name 0 0 0
1032 131 11 8 Name 0 0 0
53 583 12 8 Name 0 0 0
1660 539 11 5 Name 0 0 0
873 558 15 7 Name 0 0 0
53 1478 14 6 Name 0 0 0
52 1733 14 5 Name 0 0 0
1803 1073 12 8 Name 0 0 0
1305 1188 12 5 Name 0 0 0
21 645 8 5 Name 0 0 0
1207 1410 8 5 Name 0 0 0
1477 1442 15 6 Name 0 0 0
320 380 11 7 Name 0 0 0
1517 1938 10 5 Name 0 0 0
1325 792 13 6 Name 0 0 0
773 1639 8 8 Name 0 0 0
957 1520 10 5 Name 0 0 0
1013 1163 13 5 Name 0 0 0
1543 525 9 6 Name 0 0 0
406 949 15 8 Name 0 0 0
805 1559 11 6 Name 0 0 0
805 1402 10 7 Name 0 0 0
1849 1823 13 4 Name 0 0 0
1523 1786 15 7 Name 0 0 0
1480 629 13 4 Name 0 0 0
1300 1343 10 6 Name 0 0 0
1942 2043 14 4 Name 0 0 0
390 1576 15 6 Name 0 0 0
1182 1490 8 6 Name 0 0 0
1632 656 13 7 Name 0 0 0
1266 204 15 6 Name 0 0 0
26 1053 13 5 Name 0 0 0
798 447 15 5 Name 0 0 0
308 1645 11 7 Name 0 0 0
295 53 11 8 Name 0 0 0
1676 1902 16 7 Name 0 0 0
1153 1281 11 6 Name 0 0 0
1824 879 14 4 Name 0 0 0
795 1847 16 5 Name 0 0 0
972 1740 10 6 Name 0 0 0
1756 1389 8 6 Name 0 0 0
807 774 8 5 Name 0 0 0
1440 1951 10 7 Name 0 0 0
107 468 8 5 Name 0 0 0
1404 863 14 6 Name 0 0 0
1142 285 11 7 Name 0 0 0
575 1795 13 5 Name 0 0 0
1486 250 12 5 Name 0 0 0
1648 461 15 6 Name 0 0 0
783 942 15 7 Name 0 0 0
1099 1005 10 7 Name 0 0 0
1912 438 14 7 Name 0 0 0
1668 1744 15 5 Name 0 0 0
1687 242 12 8 Name 0 0 0
1186 1202 11 8 Name 0 0 0
1179 977 16 6 Name 0 0 0
690 404 13 7 Name 0 0 0
1990 70 13 4 Name 0 0 0
895 1312 9 8 Name 0 0 0
383 906 14 5 Name 0 0 0
1862 1081 15 4 Name 0 0 0
1781 723 9 6 Name 0 0 0
1121 299 16 6 Name 0 0 0
1479 612 15 5 Name 0 0 0
1807 1521 12 4 Name 0 0 0
1271 126 9 7 Name 0 0 0
368 1049 13 4 Name 0 0 0
853 241 9 5 Name 0 0 0
1511 653 8 7 Name 0 0 0
1864 1957 9 6 Name 0 0 0
460 89 13 5 Name 0 0 0
1643 1003 14 7 Name 0 0 0
418 1727 8 5 Name 0 0 0
971 1575 8 4 Name 0 0 0
957 917 16 4 Name 0 0 0
1736 2001 13 7 Name 0 0 0
1314 1728 11 8 Name 0 0 0
509 1214 11 7 Name 0 0 0
122 65 10 7 Name 0 0 0
135 1824 11 7 Name 0 0 0
764 395 11 5 Name 0 0 0
450 1942 9 5 Name 0 0 0
919 1580 8 4 Name 0 0 0
1652 1716 15 6 Name 0 0 0
727 607 8 7 Name 0 0 0
291 1929 10 7 Name 0 0 0
1071 234 15 8 Name 0 0 0
520 767 10 7 Name 0 0 0
1459 224 10 7 Name 0 0 0
1416 1025 16 7 Name 0 0 0
1603 818 14 7 Name 0 0 0
1222 1370 16 7 Name 0 0 0
1817 562 11 6 Name 0 0 0
460 117 9 4 Name 0 0 0
545 8 10 6 Name 0 0 0
1275 1988 8 8 Name 0 0 0
1541 1749 12 5 Name 0 0 0
434 1427 10 7 Name 0 0 0
1953 1792 8 8 Name 0 0 0
545 733 12 6 Name 0 0 0
1116 578 8 7 Name 0 0 0
1670 1539 10 5 Name 0 0 0
1169 630 14 7 Name 0 0 0
1830 1684 14 6 Name 0 0 0
1269 388 13 6 Name 0 0 0
105 369 14 5 Name 0 0 0
457 595 10 5 Name 0 0 0
112 926 9 5 Name 0 0 0
646 1170 15 5 Name 0 0 0
878 545 14 5 Name 0 0 0
1461 739 12 7 Name 0 0 0
1516 1317 9 7 Name 0 0 0
1498 1166 14 7 Name 0 0 0
1984 1200 11 8 Name 0 0 0
815 973 11 7 Name 0 0 0
253 438 12 8 Name 0 0 0
1086 1195 14 6 Name 0 0 0
1924 770 11 4 Name 0 0 0
1775 389 11 8 Name 0 0 0
1667 1100 9 7 Name 0 0 0
1671 520 14 6 Name 0 0 0
552 1616 14 7 Name 0 0 0
617 1510 15 4 Name 0 0 0
182 1438 10 5 Name 0 0 0
1278 755 15 7 Name 0 0 0
599 395 10 7 Name 0 0 0
661 1211 9 7 Name 0 0 0
1580 1114 9 8 Name 0 0 0
1337 1843 8 5 Name 0 0 0
212 1255 9 4 Name 0 0 0
1135 1183 8 8 Name 0 0 0
599 1897 14 6 Name 0 0 0
232 876 15 5 Name 0 0 0
821 1001 10 8 Name 0 0 0
189 1663 12 8 Name 0 0 0
137 355 9 8 Name 0 0 0
47 1803 14 4 Name 0 0 0
763 208 10 6 Name 0 0 0
1381 1249 14 6 Name 0 0 0
540 695 13 5 Name 0 0 0
45 1242 13 7 Name 0 0 0
1982 1093 15 6 Name 0 0 0
1699 1959 13 8 Name 0 0 0
556 82 10 4 Name 0 0 0
1122 1591 15 7 Name 0 0 0
1952 1904 9 5 Name 0 0 0
214 305 12 4 Name 0 0 0
559 1110 12 6 Name 0 0 0
393 1291 14 6 Name 0 0 0
513 1921 10 6 Name 0 0 0
1327 132 12 7 Name 0 0 0
293 278 11 7 Name 0 0 0
1629 1151 14 8 Name 0 0 0
493 1735 14 6 Name 0 0 0
1865 919 14 8 Name 0 0 0
141 153 11 4 Name 0 0 0
1624 495 13 7 Name 0 0 0
365 1344 15 8 Name 0 0 0
1664 886 11 5 Name 0 0 0
2036 1358 11 8 Name 0 0 0
179 81 10 6 Name 0 0 0
1675 416 12 6 Name 0 0 0
389 1189 9 6 Name 0 0 0
1936 698 8 5 Name 0 0 0
512 521 12 5 Name 0 0 0
1528 1312 16 6 Name 0 0 0
1793 1254 13 5 Name 0 0 0
190 1254 8 5 Name 0 0 0
1444 1521 9 4 Name 0 0 0
1129 1160 14 7 Name 0 0 0
1106 1434 13 7 Name 0 0 0
663 1749 15 5 Name 0 0 0
500 468 11 4 Name 0 0 0
595 701 12 6 Name 0 0 0
994 462 10 4 Name 0 0 0
20 1705 9 4 Name 0 0 0
1477 697 11 5 Name 0 0 0
529 637 10 8 Name 0 0 0
732 657 11 4 Name 0 0 0
1329 512 10 5 Name 0 0 0
1748 5 11 7 Name 0 0 0
1259 2022 15 5 Name 0 0 0
491 1338 10 5 Name 0 0 0
321 1672 15 6 Name 0 0 0
418 702 11 8 Name 0 0 0
172 1962 13 5 Name 0 0 0
1014 1489 13 6 Name 0 0 0
1225 81 11 4 Name 0 0 0
355 1571 12 6 Name 0 0 0
459 961 10 8 Name 0 0 0
1 1914 9 7 Name 0 0 0
63 622 15 7 Name 0 0 0
623 1106 13 7 Name 0 0 0
1275 1848 12 8 Name 0 0 0
442 290 15 4 Name 0 0 0
20 447 14 6 Name 0 0 0
1935 1498 13 6 Name 0 0 0
713 1082 13 7 Name 0 0 0
1947 748 16 5 Name 0 0 0
104 1927 15 5 Name 0 0 0
400 1583 12 4 Name 0 0 0
570 1224 9 4 Name 0 0 0
1464 1302 10 5 Name 0 0 0
111 292 12 4 Name 0 0 0
1576 125 10 8 Name 0 0 0
1020 263 10 7 Name 0 0 0
706 1685 12 6 Name 0 0 0
773 577 13 4 Name 0 0 0
39 435 15 5 Name 0 0 0
741 47 15 5 Name 0 0 0
1037 1098 11 5 Name 0 0 0
834 1969 14 7 Name 0 0 0
1936 526 8 5 Name 0 0 0
146 726 15 7 Name 0 0 0
1699 603 10 6 Name 0 0 0
1221 927 13 6 Name 0 0 0
1620 1068 8 6 Name 0 0 0
352 2028 15 7 Name 0 0 0
927 1329 11 5 Name 0 0 0
402 441 8 6 Name 0 0 0
798 369 12 4 Name 0 0 0
1116 32 11 7 Name 0 0 0
1551 1552 10 6 Name 0 0 0
1329 565 10 6 Name 0 0 0
689 1664 13 7 Name 0 0 0
1142 116 12 7 Name 0 0 0
324 656 12 4 Name 0 0 0
148 1494 13 4 Name 0 0 0
1277 237 12 4 Name 0 0 0
1179 1181 15 6 Name 0 0 0
430 1682 16 8 Name 0 0 0
1015 248 16 7 Name 0 0 0
1718 242 13 8 Name 0 0 0
531 1765 16 5 Name 0 0 0
1993 214 12 6 Name 0 0 0
1465 1560 14 4 Name 0 0 0
1711 1273 12 6 Name 0 0 0
1956 1547 13 6 Name 0 0 0
665 1580 15 6 Name 0 0 0
594 1902 12 7 Name 0 0 0
1096 1952 10 6 Name 0 0 0
1625 1173 11 6 Name 0 0 0
120 892 13 6 Name 0 0 0
157 679 13 5 Name 0 0 0
1027 1285 13 7 Name 0 0 0
1017 1984 13 4 Name 0 0 0
1353 1198 10 7 Name 0 0 0
1231 111 12 5 Name 0 0 0
360 1149 12 6 Name 0 0 0
1043 1867 13 4 Name 0 0 0
1866 1685 15 6 Name 0 0 0
90 970 11 4 Name 0 0 0
755 438 8 7 Name 0 0 0
1583 1080 16 6 Name 0 0 0
1678 1629 11 5 Name 0 0 0
1597 1798 14 5 Name 0 0 0
1045 2012 16 6 Name 0 0 0
328 1167 13 6 Name 0 0 0
1060 424 10 5 Name 0 0 0
282 1506 13 8 Name 0 0 0
1450 726 12 7 Name 0 0 0
36 1200 14 5 Name 0 0 0
311 122 12 6 Name 0 0 0
1437 1895 14 6 Name 0 0 0
1234 1748 11 6 Name 0 0 0
1391 108 8 8 Name 0 0 0
127 1448 14 7 Name 0 0 0
280 2031 15 4 Name 0 0 0
416 1009 14 5 Name 0 0 0
584 1307 12 6 Name 0 0 0
943 845 13 7 Name 0 0 0
1560 1755 11 8 Name 0 0 0
988 1379 13 6 Name 0 0 0
412 1846 14 7 Name 0 0 0
835 851 12 6 Name 0 0 0
1652 612 9 5 Name 0 0 0
166 663 15 8 Name 0 0 0
1441 1658 15 5 Name 0 0 0
915 397 13 7 Name 0 0 0
1530 1501 13 6 Name 0 0 0
1314 1620 15 7 Name 0 0 0
1492 1321 10 6 Name 0 0 0
1789 754 8 5 Name 0 0 0
1205 478 12 6 Name 0 0 0
1919 1416 8 7 Name 0 0 0
1945 1375 13 6 Name 0 0 0
1149 1579 9 5 Name 0 0 0
1859 350 10 4 Name 0 0 0
983 297 11 5 Name 0 0 0
213 1569 15 4 Name 0 0 0
177 1208 8 5 Name 0 0 0
271 781 13 5 Name 0 0 0
795 1672 15 5 Name 0 0 0
757 1410 12 5 Name 0 0 0
550 577 11 5 Name 0 0 0
1032 642 12 6 Name 0 0 0
1949 1723 14 4 Name 0 0 0
1109 1306 10 5 Name 0 0 0
1801 1267 14 7 Name 0 0 0
1592 1062 16 7 Name 0 0 0
844 1107 11 6 Name 0 0 0
354 1854 8 4 Name 0 0 0
316 1548 9 5 Name 0 0 0
989 659 15 5 Name 0 0 0
1744 1015 10 6 Name 0 0 0
1269 1493 9 5 Name 0 0 0
1143 1455 8 7 Name 0 0 0
1964 588 10 6 Name 0 0 0
1971 1385 14 7 Name 0 0 0
1472 325 14 4 Name 0 0 0
565 1567 13 7 Name 0 0 0
999 1251 9 7 Name 0 0 0
1371 969 15 7 Name 0 0 0
456 1652 15 4 Name 0 0 0
1006 1958 10 6 Name 0 0 0
121 468 9 5 Name 0 0 0
2002 1464 13 5 Name 0 0 0
1350 1370 13 8 Name 0 0 0
1225 1084 11 4 Name 0 0 0
895 643 12 7 Name 0 0 0
1073 1876 10 5 Name 0 0 0
1847 709 10 7 Name 0 0 0
1427 146 9 8 Name 0 0 0
1339 1864 12 4 Name 0 0 0
908 1835 14 5 Name 0 0 0
954 1643 12 6 Name 0 0 0
92 449 15 7 Name 0 0 0
274 255 12 5 Name 0 0 0
1571 1987 11 7 Name 0 0 0
1959 1630 13 6 Name 0 0 0
1195 1158 11 4 Name 0 0 0
337 2021 11 5 Name 0 0 0
699 1113 14 4 Name 0 0 0
238 550 14 5 Name 0 0 0
225 534 16 4 Name 0 0 0
506 1025 12 5 Name 0 0 0
2022 1385 12 5 Name 0 0 0
593 1811 9 7 Name 0 0 0
228 1280 8 4 Name 0 0 0
1431 12 16 8 Name 0 0 0
542 720 16 6 Name 0 0 0
654 1577 10 7 Name 0 0 0
1484 137 11 6 Name 0 0 0
1586 1564 13 4 Name 0 0 0
466 332 14 5 Name 0 0 0
141 1657 15 7 Name 0 0 0
209 1582 12 5 Name 0 0 0
972 1113 14 4 Name 0 0 0
846 802 11 7 Name 0 0 0
851 1145 10 6 Name 0 0 0
210 568 12 6 Name 0 0 0
816 499 15 6 Name 0 0 0
1221 1117 12 7 Name 0 0 0
116 822 15 6 Name 0 0 0
1414 1555 12 5 Name 0 0 0
393 887 13 4 Name 0 0 0
1146 931 9 5 Name 0 0 0
539 1598 14 5 Name 0 0 0
1090 1645 14 6 Name 0 0 0
1455 1444 8 5 Name 0 0 0
931 1908 12 6 Name 0 0 0
134 1933 9 6 Name 0 0 0
192 858 11 6 Name 0 0 0
1993 1958 10 5 Name 0 0 0
298 43 8 6 Name 0 0 0
1396 1862 10 8 Name 0 0 0
828 1580 15 6 Name 0 0 0
1465 887 13 4 Name 0 0 0
638 1476 10 6 Name 0 0 0
1261 664 9 7 Name 0 0 0
111 683 16 5 Name 0 0 0
1835 1191 8 5 Name 0 0 0
370 54 9 4 Name 0 0 0
760 696 15 6 Name 0 0 0
14 1601 11 6 Name 0 0 0
936 328 12 7 Name 0 0 0
1929 1534 15 6 Name 0 0 0
1695 843 11 5 Name 0 0 0
145 1672 11 6 Name 0 0 0
670 1606 11 7 Name 0 0 0
1917 2002 15 4 Name 0 0 0
16 1472 9 7 Name 0 0 0
225 425 8 4 Name 0 0 0
1244 136 11 6 Name 0 0 0
1925 1361 15 7 Name 0 0 0
688 1889 13 7 Name 0 0 0
1355 10 9 8 Name 0 0 0
1790 1545 15 5 Name 0 0 0
1655 1380 10 4 Name 0 0 0
781 1785 9 5 Name 0 0 0
556 700 10 6 Name 0 0 0
1398 931 9 7 Name 0 0 0
847 749 10 4 Name 0 0 0
552 1163 14 5 Name 0 0 0
1576 644 9 7 Name 0 0 0
1032 1211 11 7 Name 0 0 0
1129 1993 9 5 Name 0 0 0
260 1779 10 5 Name 0 0 0
1099 312 10 5 Name 0 0 0
133 284 8 5 Name 0 0 0
1796 1089 14 8 Name 0 0 0
1244 936 10 4 Name 0 0 0
924 203 13 6 Name 0 0 0
594 1781 11 7 Name 0 0 0
281 27 9 7 Name 0 0 0
1852 442 11 6 Name 0 0 0
1392 1898 9 6 Name 0 0 0
1315 791 10 7 Name 0 0 0
1431 1319 14 7 Name 0 0 0
454 1002 9 5 Name 0 0 0
1242 538 15 7 Name 0 0 0
928 823 11 4 Name 0 0 0
973 1947 16 5 Name 0 0 0
1540 181 10 4 Name 0 0 0
466 34 10 7 Name 0 0 0
1561 654 14 4 Name 0 0 0
470 350 8 7 Name 0 0 0
1283 772 15 6 Name 0 0 0
914 1027 10 8 Name 0 0 0
1500 1001 12 6 Name 0 0 0
1863 1253 9 4 Name 0 0 0
1863 872 10 5 Name 0 0 0
1647 1788 14 5 Name 0 0 0
695 1486 12 7 Name 0 0 0
1145 940 14 4 Name 0 0 0
1888 1581 13 4 Name 0 0 0
694 206 12 7 Name 0 0 0
1930 933 14 7 Name 0 0 0
1529 1252 11 8 Name 0 0 0
678 1808 15 7 Name 0 0 0
1755 1000 11 7 Name 0 0 0
1869 1476 13 5 Name 0 0 0
734 1238 12 5 Name 0 0 0
1987 471 14 8 Name 0 0 0
1024 1192 12 7 Name 0 0 0
547 838 9 5 Name 0 0 0
31 426 12 7 Name 0 0 0
345 1447 8 5 Name 0 0 0
1839 1491 12 7 Name 0 0 0
88 959 11 6 Name 0 0 0
753 1246 13 6 Name 0 0 0
665 1934 8 4 Name 0 0 0
100 201 8 5 Name 0 0 0
430 906 12 6 Name 0 0 0
880 392 9 5 Name 0 0 0
1504 1556 9 6 Name 0 0 0
1554 495 15 5 Name 0 0 0
272 1479 16 4 Name 0 0 0
1623 1041 12 7 Name 0 0 0
301 349 12 6 Name 0 0 0
636 617 12 4 Name 0 0 0
1574 399 11 5 Name 0 0 0
921 210 9 6 Name 0 0 0
904 1019 15 8 Name 0 0 0
1981 730 16 8 Name 0 0 0
361 405 13 8 Name 0 0 0
215 1266 9 7 Name 0 0 0
1722 1845 13 4 Name 0 0 0
77 1655 16 7 Name 0 0 0
917 634 13 7 Name 0 0 0
121 1705 9 4 Name 0 0 0
544 245 9 6 Name 0 0 0
302 1387 10 5 Name 0 0 0
793 90 12 4 Name 0 0 0
769 832 11 6 Name 0 0 0
1104 1343 10 7 Name 0 0 0
277 1287 12 6 Name 0 0 0
727 771 11 4 Name 0 0 0
1922 49 16 7 Name 0 0 0
1870 1399 14 5 Name 0 0 0
457 1097 13 4 Name 0 0 0
1781 1017 8 5 Name 0 0 0
714 912 12 8 Name 0 0 0
812 838 10 5 Name 0 0 0
2 119 10 8 Name 0 0 0
73 1443 10 6 Name 0 0 0
1225 1425 12 8 Name 0 0 0
1354 1105 15 7 Name 0 0 0
251 1427 14 4 Name 0 0 0
451 1264 12 5 Name 0 0 0
1365 268 15 4 Name 0 0 0
1103 1309 10 6 Name 0 0 0
159 1187 9 4 Name 0 0 0
1275 1838 15 7 Name 0 0 0
1508 1532 9 7 Name 0 0 0
1843 1314 15 7 Name 0 0 0
1137 1971 11 5 Name 0 0 0
1916 76 10 8 Name 0 0 0
316 51 8 7 Name 0 0 0
655 928 14 5 Name 0 0 0
896 404 9 7 Name 0 0 0
108 614 8 4 Name 0 0 0
50 651 10 8 Name 0 0 0
776 999 15 7 Name 0 0 0
1441 712 8 6 Name 0 0 0
2029 1404 10 6 Name 0 0 0
405 1900 16 8 Name 0 0 0
1943 1756 9 6 Name 0 0 0
1788 1296 14 6 Name 0 0 0
832 1274 9 4 Name 0 0 0
751 1644 11 6 Name 0 0 0
511 330 11 5 Name 0 0 0
324 25 13 6 Name 0 0 0
20 446 12 6 Name 0 0 0
1336 1799 9 6 Name 0 0 0
596 1040 15 5 Name 0 0 0
1443 740 11 4 Name 0 0 0
1392 1651 11 7 Name 0 0 0
758 1904 15 7 Name 0 0 0
515 981 11 5 Name 0 0 0
1239 367 13 6 Name 0 0 0
251 420 10 5 Name 0 0 0
710 969 15 7 Name 0 0 0
1275 1432 10 5 Name 0 0 0
1891 1593 13 7 Name 0 0 0
154 477 11 6 Name 0 0 0
1274 821 15 6 Name 0 0 0
683 499 9 7 Name 0 0 0
1182 466 15 5 Name 0 0 0
1098 1436 11 7 Name 0 0 0
671 470 15 6 Name 0 0 0
171 830 13 4 Name 0 0 0
2032 765 9 7 Name 0 0 0
831 395 14 5 Name 0 0 0
1352 1092 9 6 Name 0 0 0
1054 1192 13 7 Name 0 0 0
1190 1147 13 6 Name 0 0 0
571 1634 12 8 Name 0 0 0
717 1278 12 6 Name 0 0 0
951 309 13 4 Name 0 0 0
1629 97 13 8 Name 0 0 0
1259 565 16 7 Name 0 0 0
278 1185 13 7 Name 0 0 0
1757 1848 14 6 Name 0 0 0
1064 2015 15 8 Name 0 0 0
60 1315 14 4 Name 0 0 0
1709 1213 8 5 Name 0 0 0
49 1016 12 6 Name 0 0 0
967 1666 9 5 Name 0 0 0
1359 1739 14 8 Name 0 0 0
397 266 12 6 Name 0 0 0
849 1036 8 7 Name 0 0 0
1539 832 10 6 Name 0 0 0
678 661 9 5 Name 0 0 0
1105 922 16 5 Name 0 0 0
1293 1862 12 7 Name 0 0 0
1399 1335 14 6 Name 0 0 0
356 224 14 8 Name 0 0 0
891 568 15 7 Name 0 0 0
514 661 12 5 Name 0 0 0
1547 1810 10 7 Name 0 0 0
273 1124 12 8 Name 0 0 0
318 210 15 8 Name 0 0 0
429 292 11 8 Name 0 0 0
2004 404 9 5 Name 0 0 0
994 191 10 6 Name 0 0 0
294 543 16 6 Name 0 0 0
243 838 9 8 Name 0 0 0
263 1247 9 5 Name 0 0 0
1201 954 15 4 Name 0 0 0
699 1964 11 7 Name 0 0 0
1865 920 13 6 Name 0 0 0
263 1862 13 6 Name 0 0 0
1410 940 11 5 Name 0 0 0
1378 1266 13 8 Name 0 0 0
488 1776 12 8 Name 0 0 0
1801 981 10 4 Name 0 0 0
1593 183 12 7 Name 0 0 0
28 714 9 8 Name 0 0 0
102 1085 14 6 Name 0 0 0
1861 1410 11 4 Name 0 0 0
649 1527 15 4 Name 0 0 0
848 1181 12 7 Name 0 0 0
742 451 11 4 Name 0 0 0
1495 1530 15 6 Name 0 0 0
546 1238 11 7 Name 0 0 0
140 2003 13 6 Name 0 0 0
671 1799 14 6 Name 0 0 0
619 1110 13 7 Name 0 0 0
834 1089 16 5 Name 0 0 0
32 716 13 7 Name 0 0 0
1087 274 10 7 Name 0 0 0
284 522 10 5 Name 0 0 0
1202 822 16 6 Name 0 0 0
1915 1130 10 4 Name 0 0 0
150 1425 9 5 Name 0 0 0
982 263 10 8 Name 0 0 0
1049 1776 12 7 Name 0 0 0
466 1888 9 6 Name 0 0 0
629 1081 9 4 Name 0 0 0
2029 173 13 7 Name 0 0 0
1232 811 16 5 Name 0 0 0
1885 755 9 8 Name 0 0 0
473 851 16 7 Name 0 0 0
731 26 10 7 Name 0 0 0
701 1 10 5 Name 0 0 0
223 1263 8 5 Name 0 0 0
65 974 10 5 Name 0 0 0
291 1386 12 6 Name 0 0 0
110 1485 13 8 Name 0 0 0
1669 1954 9 6 Name 0 0 0
1668 1270 9 4 Name 0 0 0
1170 894 9 6 Name 0 0 0
1670 1858 16 8 Name 0 0 0
1841 744 9 8 Name 0 0 0
1300 2022 13 4 Name 0 0 0
1993 1715 12 5 Name 0 0 0
107 232 16 8 Name 0 0 0
718 969 14 7 Name 0 0 0
865 233 15 8 Name 0 0 0
1406 2039 8 8 Name 0 0 0
295 84 14 4 Name 0 0 0
301 235 8 6 Name 0 0 0
1797 323 14 7 Name 0 0 0
877 757 14 6 Name 0 0 0
101 246 15 5 Name 0 0 0
1022 72 15 7 Name 0 0 0
494 1097 11 5 Name 0 0 0
1697 1021 8 7 Name 0 0 0
1883 708 12 7 Name 0 0 0
1657 800 11 6 Name 0 0 0
1862 1271 12 5 Name 0 0 0
1246 1347 12 4 Name 0 0 0
1707 1649 15 5 Name 0 0 0
1053 583 14 7 Name 0 0 0
632 1379 13 5 Name 0 0 0
309 1377 12 5 Name 0 0 0
1962 1988 10 8 Name 0 0 0
41 1326 11 5 Name 0 0 0
1194 643 13 7 Name 0 0 0
639 385 11 6 Name 0 0 0
1633 905 14 5 Name 0 0 0
679 1075 13 5 Name 0 0 0
98 1225 14 6 Name 0 0 0
870 1934 11 7 Name 0 0 0
362 268 14 7 Name 0 0 0
1354 1529 14 8 Name 0 0 0
450 1640 11 8 Name 0 0 0
1356 526 13 5 Name 0 0 0
173 1086 13 8 Name 0 0 0
250 1031 15 7 Name 0 0 0
1779 1039 11 5 Name 0 0 0
287 1212 14 7 Name 0 0 0
1538 942 12 4 Name 0 0 0
163 1046 14 5 Name 0 0 0
345 1506 10 6 Name 0 0 0
1303 486 12 7 Name 0 0 0
1438 1999 9 5 Name 0 0 0
732 998 12 5 Name 0 0 0
1274 427 9 7 Name 0 0 0
1313 1354 9 6 Name 0 0 0
1922 165 13 6 Name 0 0 0
1907 13 13 6 Name 0 0 0
1058 139 11 4 Name 0 0 0
473 1273 15 7 Name 0 0 0
211 1160 14 7 Name 0 0 0
1216 355 9 6 Name 0 0 0
580 1921 13 6 Name 0 0 0
478 779 10 6 Name 0 0 0
1964 1074 13 5 Name 0 0 0
794 1136 11 7 Name 0 0 0
1683 1792 8 6 Name 0 0 0
1212 566 11 6 Name 0 0 0
814 589 13 7 Name 0 0 0
1288 350 9 8 Name 0 0 0
1930 179 10 6 Name 0 0 0
51 988 14 7 Name 0 0 0
1665 851 11 8 Name 0 0 0
1479 515 14 5 Name 0 0 0
110 1042 14 6 Name 0 0 0
1975 1662 14 6 Name 0 0 0
51 262 10 7 Name 0 0 0
1679 1166 15 5 Name 0 0 0
1184 1003 9 7 Name 0 0 0
822 801 10 7 Name 0 0 0
1236 984 8 6 Name 0 0 0
1246 1899 9 5 Name 0 0 0
1332 1152 13 5 Name 0 0 0
1304 1789 15 5 Name 0 0 0
1248 1919 15 8 Name 0 0 0
594 1594 11 4 Name 0 0 0
1154 1220 14 5 Name 0 0 0
1637 2041 16 8 Name 0 0 0
2007 820 15 6 Name 0 0 0
160 672 8 5 Name 0 0 0
1850 952 12 7 Name 0 0 0
1288 530 9 7 Name 0 0 0
1343 1663 11 7 Name 0 0 0
1602 1237 12 6 Name 0 0 0
1361 440 14 4 Name 0 0 0
978 648 15 7 Name 0 0 0
550 68 9 6 Name 0 0 0
155 1113 12 7 Name 0 0 0
2019 1198 11 7 Name 0 0 0
725 2023 12 7 Name 0 0 0
870 1684 14 7 Name 0 0 0
1537 1986 14 6 Name 0 0 0
265 390 15 7 Name 0 0 0
996 860 13 5 Name 0 0 0
2027 463 10 8 Name 0 0 0
1621 601 12 4 Name 0 0 0
485 59 9 7 Name 0 0 0
1421 121 14 6 Name 0 0 0
467 944 10 8 Name 0 0 0
1392 611 15 7 Name 0 0 0
1888 514 16 7 Name 0 0 0
1800 1012 11 6 Name 0 0 0
873 935 15 5 Name 0 0 0
176 1369 13 6 Name 0 0 0
20 343 12 8 Name 0 0 0
1722 980 13 5 Name 0 0 0
1648 1389 10 6 Name 0 0 0
165 292 15 6 Name 0 0 0
1231 1353 13 6 Name 0 0 0
1335 1366 9 5 Name 0 0 0
142 811 15 7 Name 0 0 0
1393 997 14 6 Name 0 0 0
809 504 14 6 Name 0 0 0
1480 320 9 7 Name 0 0 0
170 1598 11 6 Name 0 0 0
1480 1226 12 5 Name 0 0 0
164 460 10 8 Name 0 0 0
995 632 16 6 Name 0 0 0
1913 32 11 5 Name 0 0 0
338 370 14 6 Name 0 0 0
1593 1138 15 6 Name 0 0 0
190 1433 15 7 Name 0 0 0
x-Min=0
x-Max=2048
y-Min=0
y-Max=2048
min label height=4.0
max label height=8.0
min label width=8.0
max label width=16.0
