1024
14700 1922 231 91 Name 0 0 0
4473 11140 273 45 Name 0 0 0
4757 13727 523 37 Name 0 0 0
14788 9544 547 82 Name 0 0 0
12225 14538 80 51 Name 0 0 0
11239 11540 172 89 Name 0 0 0
397 8985 665 58 Name 0 0 0
6495 11971 727 66 Name 0 0 0
11450 15831 966 44 Name 0 0 0
11221 4147 813 94 Name 0 0 0
8577 5403 662 60 Name 0 0 0
13546 1259 568 83 Name 0 0 0
4116 6828 582 64 Name 0 0 0
6386 814 382 61 Name 0 0 0
8861 8663 208 54 Name 0 0 0
11375 1764 411 47 Name 0 0 0
5958 8456 602 39 Name 0 0 0
2884 2889 859 85 Name 0 0 0
526 14627 350 41 Name 0 0 0
545 15115 827 79 Name 0 0 0
8184 7252 643 94 Name 0 0 0
13768 12306 73 69 Name 0 0 0
14329 382 762 74 Name 0 0 0
15661 12346 311 63 Name 0 0 0
12124 10292 954 77 Name 0 0 0
9763 13628 692 70 Name 0 0 0
6400 11345 156 56 Name 0 0 0
3146 5162 854 75 Name 0 0 0
4855 7590 882 54 Name 0 0 0
11176 10815 996 56 Name 0 0 0
1702 12125 335 33 Name 0 0 0
8500 9632 465 33 Name 0 0 0
5874 3816 949 57 Name 0 0 0
1011 5891 460 88 Name 0 0 0
9000 6865 817 83 Name 0 0 0
133 12347 693 72 Name 0 0 0
7635 14133 346 71 Name 0 0 0
9502 124 355 75 Name 0 0 0
12246 7099 73 42 Name 0 0 0
16373 12793 439 69 Name 0 0 0
6126 10340 682 60 Name 0 0 0
7093 15510 841 80 Name 0 0 0
8685 6994 275 41 Name 0 0 0
11014 4976 577 41 Name 0 0 0
2384 11324 932 45 Name 0 0 0
14135 1302 1022 80 Name 0 0 0
8556 15922 168 87 Name 0 0 0
7681 15673 784 85 Name 0 0 0
6238 15533 1015 40 Name 0 0 0
1497 11843 728 58 Name 0 0 0
7087 5591 152 84 Name 0 0 0
15149 5292 305 47 Name 0 0 0
15362 5032 953 81 Name 0 0 0
7447 2744 329 39 Name 0 0 0
11296 6874 715 95 Name 0 0 0
7728 1816 724 55 Name 0 0 0
2829 5148 615 38 Name 0 0 0
9537 15731 335 77 Name 0 0 0
4360 11529 440 95 Name 0 0 0
801 6047 768 61 Name 0 0 0
11854 2990 426 92 Name 0 0 0
5377 4601 823 72 Name 0 0 0
3231 10095 331 34 Name 0 0 0
7337 9086 379 55 Name 0 0 0
1869 13834 101 39 Name 0 0 0
5014 8769 171 47 Name 0 0 0
9358 7773 323 57 Name 0 0 0
12905 9993 414 62 Name 0 0 0
8439 16152 454 88 Name 0 0 0
617 16292 705 72 Name 0 0 0
14743 5129 227 54 Name 0 0 0
9294 8994 788 91 Name 0 0 0
15258 9009 166 59 Name 0 0 0
5403 15130 575 67 Name 0 0 0
16147 9149 1009 40 Name 0 0 0
3144 882 770 34 Name 0 0 0
7120 15528 665 66 Name 0 0 0
14279 4597 777 79 Name 0 0 0
10477 7302 755 37 Name 0 0 0
11047 2064 449 79 Name 0 0 0
6121 12203 72 88 Name 0 0 0
11048 8375 218 68 Name 0 0 0
9797 1561 128 90 Name 0 0 0
8895 4793 731 42 Name 0 0 0
3554 2995 906 49 Name 0 0 0
15390 7075 529 87 Name 0 0 0
6174 14312 861 39 Name 0 0 0
9157 15836 522 74 Name 0 0 0
6571 1102 139 95 Name 0 0 0
15095 14975 466 39 Name 0 0 0
15380 700 787 66 Name 0 0 0
2093 10877 906 38 Name 0 0 0
15628 13638 955 74 Name 0 0 0
7037 11341 1013 87 Name 0 0 0
11789 6517 147 89 Name 0 0 0
2119 3639 349 33 Name 0 0 0
12901 5482 242 90 Name 0 0 0
13946 6087 528 90 Name 0 0 0
4659 5659 889 74 Name 0 0 0
4331 16364 239 56 Name 0 0 0
15437 3015 393 84 Name 0 0 0
6555 12384 768 85 Name 0 0 0
12198 13705 230 71 Name 0 0 0
14734 8939 482 87 Name 0 0 0
7285 15604 609 46 Name 0 0 0
6035 432 642 56 Name 0 0 0
10531 14446 226 77 Name 0 0 0
4082 7440 885 68 Name 0 0 0
3159 4144 748 57 Name 0 0 0
7503 396 896 81 Name 0 0 0
254 1155 372 61 Name 0 0 0
716 1083 243 68 Name 0 0 0
2415 9750 560 83 Name 0 0 0
4052 8229 294 83 Name 0 0 0
3191 2452 549 83 Name 0 0 0
9315 15128 913 51 Name 0 0 0
11644 1633 843 87 Name 0 0 0
3134 3983 443 84 Name 0 0 0
10879 1303 603 64 Name 0 0 0
5449 14967 741 90 Name 0 0 0
12911 14941 988 62 Name 0 0 0
2561 11724 261 81 Name 0 0 0
13930 7752 939 96 Name 0 0 0
15236 3299 635 37 Name 0 0 0
15785 10712 419 72 Name 0 0 0
16121 4570 452 74 Name 0 0 0
9301 930 394 70 Name 0 0 0
14907 11118 902 64 Name 0 0 0
338 5532 395 70 Name 0 0 0
7176 16371 604 81 Name 0 0 0
12311 16304 126 47 Name 0 0 0
4568 5704 882 46 Name 0 0 0
9332 6891 568 96 Name 0 0 0
9954 10402 447 62 Name 0 0 0
14149 683 67 63 Name 0 0 0
12703 9115 926 40 Name 0 0 0
16221 11056 448 78 Name 0 0 0
15805 563 364 49 Name 0 0 0
1406 9349 587 74 Name 0 0 0
5958 14385 904 42 Name 0 0 0
9512 7672 352 61 Name 0 0 0
5058 9461 131 50 Name 0 0 0
5758 2708 875 95 Name 0 0 0
958 4114 184 34 Name 0 0 0
5602 2991 542 72 Name 0 0 0
7058 10534 971 40 Name 0 0 0
5089 4711 216 44 Name 0 0 0
1980 3882 624 65 Name 0 0 0
2915 6921 930 47 Name 0 0 0
13400 11347 98 75 Name 0 0 0
9194 4600 862 37 Name 0 0 0
3288 11694 771 43 Name 0 0 0
13727 12668 672 37 Name 0 0 0
10037 12377 358 39 Name 0 0 0
3388 15313 308 85 Name 0 0 0
10540 14669 68 70 Name 0 0 0
14102 9651 558 72 Name 0 0 0
5222 16167 823 90 Name 0 0 0
10339 8632 548 86 Name 0 0 0
8950 4879 217 68 Name 0 0 0
7531 15385 719 95 Name 0 0 0
6330 13567 528 49 Name 0 0 0
7018 12652 165 78 Name 0 0 0
7187 4923 349 81 Name 0 0 0
4921 1142 391 59 Name 0 0 0
4369 809 450 83 Name 0 0 0
3428 13639 919 51 Name 0 0 0
5419 11534 117 83 Name 0 0 0
12043 14795 914 72 Name 0 0 0
4071 1674 635 81 Name 0 0 0
2849 9447 911 42 Name 0 0 0
7131 6279 745 41 Name 0 0 0
12714 12874 458 91 Name 0 0 0
8117 10766 609 76 Name 0 0 0
5192 15445 609 94 Name 0 0 0
11910 3262 163 72 Name 0 0 0
10945 7093 384 68 Name 0 0 0
2507 13887 1023 78 Name 0 0 0
14190 7206 312 78 Name 0 0 0
5573 11946 696 90 Name 0 0 0
9672 6409 244 54 Name 0 0 0
1433 6747 366 90 Name 0 0 0
12009 5217 394 82 Name 0 0 0
4857 5938 483 62 Name 0 0 0
1699 3115 406 80 Name 0 0 0
8664 16355 715 80 Name 0 0 0
9102 15289 485 45 Name 0 0 0
6771 5132 680 60 Name 0 0 0
10927 14720 765 66 Name 0 0 0
10542 1324 511 60 Name 0 0 0
12686 11831 821 77 Name 0 0 0
15542 1043 742 46 Name 0 0 0
6557 11875 433 92 Name 0 0 0
3239 583 925 63 Name 0 0 0
14449 10619 533 73 Name 0 0 0
1134 14582 742 53 Name 0 0 0
13866 7521 741 60 Name 0 0 0
7433 4823 884 40 Name 0 0 0
4603 8246 362 54 Name 0 0 0
14316 3301 697 48 Name 0 0 0
3102 11632 509 62 Name 0 0 0
2588 710 400 56 Name 0 0 0
4751 4550 877 41 Name 0 0 0
4461 10503 420 90 Name 0 0 0
12372 8003 558 67 Name 0 0 0
797 2931 654 68 Name 0 0 0
2131 1671 779 51 Name 0 0 0
10492 15645 534 70 Name 0 0 0
9436 2580 560 82 Name 0 0 0
12939 9069 483 55 Name 0 0 0
10656 12477 601 35 Name 0 0 0
14992 8562 134 42 Name 0 0 0
4960 3326 581 64 Name 0 0 0
552 940 724 54 Name 0 0 0
15759 9212 927 43 Name 0 0 0
384 10476 1004 59 Name 0 0 0
14463 8237 220 76 Name 0 0 0
11920 3920 545 40 Name 0 0 0
8809 194 598 79 Name 0 0 0
4121 14702 193 43 Name 0 0 0
2343 12349 952 47 Name 0 0 0
1939 14722 106 43 Name 0 0 0
12902 3574 715 94 Name 0 0 0
11333 13570 542 57 Name 0 0 0
774 2106 938 79 Name 0 0 0
9462 1346 854 44 Name 0 0 0
14923 5147 66 80 Name 0 0 0
10908 7698 477 41 Name 0 0 0
7576 7432 533 75 Name 0 0 0
1926 13116 789 64 Name 0 0 0
10618 13449 572 90 Name 0 0 0
9138 9596 604 89 Name 0 0 0
9792 392 98 65 Name 0 0 0
1226 15900 978 91 Name 0 0 0
10234 10062 451 37 Name 0 0 0
12451 16 522 94 Name 0 0 0
3515 9977 833 87 Name 0 0 0
2114 7529 916 88 Name 0 0 0
10719 7900 323 41 Name 0 0 0
8814 841 965 71 Name 0 0 0
12322 11711 957 64 Name 0 0 0
9955 7008 613 74 Name 0 0 0
11390 7279 370 54 Name 0 0 0
8764 4202 1016 85 Name 0 0 0
11980 10630 640 85 Name 0 0 0
14430 10417 72 58 Name 0 0 0
8515 8493 537 52 Name 0 0 0
2624 14966 831 80 Name 0 0 0
12038 261 215 55 Name 0 0 0
15951 1213 390 60 Name 0 0 0
2929 12623 594 85 Name 0 0 0
293 9272 431 36 Name 0 0 0
13844 10271 83 68 Name 0 0 0
11292 10010 126 71 Name 0 0 0
11652 5895 131 74 Name 0 0 0
15048 12384 642 71 Name 0 0 0
10300 8637 630 39 Name 0 0 0
15259 6701 120 36 Name 0 0 0
7572 3295 170 35 Name 0 0 0
16378 5029 697 32 Name 0 0 0
15450 8577 683 55 Name 0 0 0
3715 12042 419 95 Name 0 0 0
15239 5288 688 44 Name 0 0 0
7891 9029 401 44 Name 0 0 0
95 7947 501 55 Name 0 0 0
3597 13747 358 34 Name 0 0 0
6934 11680 590 53 Name 0 0 0
14396 7885 420 41 Name 0 0 0
10409 1471 450 87 Name 0 0 0
7937 10565 350 58 Name 0 0 0
11824 7930 120 83 Name 0 0 0
3448 7232 499 95 Name 0 0 0
15482 1113 803 69 Name 0 0 0
3981 4245 818 84 Name 0 0 0
3850 4760 990 42 Name 0 0 0
8915 3177 888 65 Name 0 0 0
345 8190 511 43 Name 0 0 0
14483 9855 239 57 Name 0 0 0
7294 3953 916 34 Name 0 0 0
11158 8535 757 64 Name 0 0 0
1310 999 583 69 Name 0 0 0
12046 146 1004 39 Name 0 0 0
14529 11510 306 40 Name 0 0 0
14669 9219 514 73 Name 0 0 0
10616 12183 770 47 Name 0 0 0
15345 15857 968 71 Name 0 0 0
16281 12564 223 89 Name 0 0 0
1034 13672 862 81 Name 0 0 0
5400 6733 889 68 Name 0 0 0
16282 511 246 37 Name 0 0 0
9470 5117 797 81 Name 0 0 0
15133 1502 288 65 Name 0 0 0
5335 15087 163 46 Name 0 0 0
7276 7606 408 72 Name 0 0 0
9117 4093 147 90 Name 0 0 0
11296 68 949 83 Name 0 0 0
14528 11262 144 76 Name 0 0 0
1141 14224 145 47 Name 0 0 0
4867 2484 979 79 Name 0 0 0
5357 13568 734 33 Name 0 0 0
16377 12784 93 54 Name 0 0 0
7411 15560 601 47 Name 0 0 0
4070 12835 717 51 Name 0 0 0
10871 6365 738 90 Name 0 0 0
13485 4956 402 72 Name 0 0 0
6775 14278 280 44 Name 0 0 0
8161 8588 92 32 Name 0 0 0
3563 486 1018 46 Name 0 0 0
11940 2037 924 37 Name 0 0 0
14694 3624 133 45 Name 0 0 0
1007 10134 69 49 Name 0 0 0
1683 1182 974 81 Name 0 0 0
12689 15805 527 47 Name 0 0 0
6610 1660 939 72 Name 0 0 0
10620 2593 934 50 Name 0 0 0
15748 9157 223 44 Name 0 0 0
13929 9885 931 65 Name 0 0 0
11031 12995 641 62 Name 0 0 0
5968 12420 405 86 Name 0 0 0
13594 6041 783 92 Name 0 0 0
10528 12217 375 85 Name 0 0 0
1284 13180 868 82 Name 0 0 0
6547 10144 393 62 Name 0 0 0
12371 7162 623 63 Name 0 0 0
13899 6972 237 65 Name 0 0 0
12210 3690 310 55 Name 0 0 0
15266 13934 474 47 Name 0 0 0
10926 12832 472 87 Name 0 0 0
4176 2242 941 83 Name 0 0 0
3057 14592 773 67 Name 0 0 0
7868 7465 601 78 Name 0 0 0
3362 1381 690 63 Name 0 0 0
13373 971 991 84 Name 0 0 0
7071 1959 127 58 Name 0 0 0
13003 4136 424 93 Name 0 0 0
1616 5507 984 39 Name 0 0 0
5814 5933 789 35 Name 0 0 0
12275 14685 874 60 Name 0 0 0
12569 3444 297 60 Name 0 0 0
6174 12173 773 37 Name 0 0 0
4769 9115 678 68 Name 0 0 0
6964 7488 980 73 Name 0 0 0
6136 1930 785 68 Name 0 0 0
8797 10988 1008 72 Name 0 0 0
12634 535 988 52 Name 0 0 0
13690 575 570 36 Name 0 0 0
15762 16010 352 43 Name 0 0 0
1081 8411 780 48 Name 0 0 0
4138 14685 827 78 Name 0 0 0
4837 11622 834 39 Name 0 0 0
7967 15461 539 57 Name 0 0 0
841 2800 106 37 Name 0 0 0
4241 13141 712 69 Name 0 0 0
15640 3001 914 95 Name 0 0 0
1749 1844 604 69 Name 0 0 0
5036 896 281 39 Name 0 0 0
2593 3380 134 66 Name 0 0 0
14519 12093 964 45 Name 0 0 0
10332 9955 480 33 Name 0 0 0
7496 11491 216 77 Name 0 0 0
10078 5917 700 82 Name 0 0 0
10415 7279 153 39 Name 0 0 0
11538 14524 834 70 Name 0 0 0
15998 12935 608 95 Name 0 0 0
6442 2064 621 73 Name 0 0 0
6006 4696 564 80 Name 0 0 0
3584 7303 177 66 Name 0 0 0
13992 15726 805 79 Name 0 0 0
12363 5366 240 51 Name 0 0 0
4376 3321 71 61 Name 0 0 0
15132 14831 225 89 Name 0 0 0
5686 2662 850 62 Name 0 0 0
3185 3809 685 38 Name 0 0 0
12727 10841 886 33 Name 0 0 0
15035 14723 75 45 Name 0 0 0
7025 12910 615 76 Name 0 0 0
3995 6924 641 58 Name 0 0 0
4490 10565 410 91 Name 0 0 0
5658 7537 324 67 Name 0 0 0
14116 3119 196 78 Name 0 0 0
13933 10320 710 62 Name 0 0 0
6361 6133 428 92 Name 0 0 0
3059 4948 286 41 Name 0 0 0
5961 9498 743 39 Name 0 0 0
10616 244 353 47 Name 0 0 0
16173 8481 874 37 Name 0 0 0
1178 1157 448 60 Name 0 0 0
3023 16053 910 80 Name 0 0 0
5621 6115 397 38 Name 0 0 0
11434 4150 109 75 Name 0 0 0
14262 1119 874 84 Name 0 0 0
7509 12223 418 54 Name 0 0 0
11958 10175 67 80 Name 0 0 0
1011 2064 467 57 Name 0 0 0
9665 8880 550 42 Name 0 0 0
1909 6621 217 61 Name 0 0 0
10027 15123 895 56 Name 0 0 0
5179 13213 214 52 Name 0 0 0
13499 9302 794 77 Name 0 0 0
2729 5496 297 63 Name 0 0 0
10081 6874 368 62 Name 0 0 0
9278 13704 691 86 Name 0 0 0
2799 12009 491 56 Name 0 0 0
12237 9087 537 82 Name 0 0 0
13688 11989 804 69 Name 0 0 0
10785 11068 915 72 Name 0 0 0
3494 7093 320 50 Name 0 0 0
6158 8940 1002 36 Name 0 0 0
14137 2225 215 86 Name 0 0 0
11616 14685 804 47 Name 0 0 0
4665 2824 342 44 Name 0 0 0
13571 9711 471 89 Name 0 0 0
2774 1408 689 70 Name 0 0 0
11560 6559 178 91 Name 0 0 0
11525 1647 669 71 Name 0 0 0
10631 10694 463 86 Name 0 0 0
13801 13117 1013 49 Name 0 0 0
11621 8908 868 92 Name 0 0 0
9453 1341 559 44 Name 0 0 0
3830 4569 133 69 Name 0 0 0
7889 13462 753 35 Name 0 0 0
13539 12572 318 44 Name 0 0 0
6158 15738 559 39 Name 0 0 0
6798 6577 558 36 Name 0 0 0
2890 2889 124 71 Name 0 0 0
11443 8003 606 50 Name 0 0 0
992 13336 508 32 Name 0 0 0
4639 4845 521 86 Name 0 0 0
5783 7221 786 81 Name 0 0 0
3892 8921 780 46 Name 0 0 0
6874 377 486 95 Name 0 0 0
3189 11657 1019 56 Name 0 0 0
1342 15065 929 80 Name 0 0 0
1283 5470 778 52 Name 0 0 0
12952 9099 269 62 Name 0 0 0
10933 6150 230 90 Name 0 0 0
8255 5803 977 54 Name 0 0 0
11456 7858 92 35 Name 0 0 0
15050 14737 829 44 Name 0 0 0
2923 912 1018 89 Name 0 0 0
14945 14517 383 35 Name 0 0 0
7233 4945 131 50 Name 0 0 0
13279 709 731 55 Name 0 0 0
1032 637 491 37 Name 0 0 0
4723 2599 97 65 Name 0 0 0
12258 12412 854 36 Name 0 0 0
15 13998 230 35 Name 0 0 0
4215 4938 939 38 Name 0 0 0
6012 9694 651 36 Name 0 0 0
423 14559 167 73 Name 0 0 0
5129 11016 921 49 Name 0 0 0
2545 1102 338 50 Name 0 0 0
4677 10967 577 61 Name 0 0 0
740 4238 551 74 Name 0 0 0
8366 4284 128 83 Name 0 0 0
11944 79 339 85 Name 0 0 0
12969 15510 819 75 Name 0 0 0
13801 885 590 91 Name 0 0 0
7279 11194 82 83 Name 0 0 0
2344 6060 765 55 Name 0 0 0
1529 7311 373 36 Name 0 0 0
8135 11217 549 40 Name 0 0 0
4502 12879 935 91 Name 0 0 0
10935 11461 496 34 Name 0 0 0
4065 3705 154 88 Name 0 0 0
13350 14591 560 76 Name 0 0 0
166 13187 712 51 Name 0 0 0
5479 7374 819 73 Name 0 0 0
14222 5497 520 39 Name 0 0 0
10664 2174 718 38 Name 0 0 0
10013 1568 682 66 Name 0 0 0
8183 9632 406 94 Name 0 0 0
10500 7431 280 77 Name 0 0 0
4071 12271 288 94 Name 0 0 0
7024 13116 391 61 Name 0 0 0
318 15931 619 86 Name 0 0 0
1729 10134 203 45 Name 0 0 0
1271 9872 533 73 Name 0 0 0
302 3960 890 51 Name 0 0 0
10591 12265 987 34 Name 0 0 0
5738 71 183 43 Name 0 0 0
8044 16303 76 92 Name 0 0 0
6114 3032 168 48 Name 0 0 0
6907 14298 639 41 Name 0 0 0
14265 2309 440 46 Name 0 0 0
11754 14013 93 55 Name 0 0 0
36 14365 564 42 Name 0 0 0
12347 6968 491 48 Name 0 0 0
4910 11581 345 95 Name 0 0 0
4073 8115 741 88 Name 0 0 0
15447 11863 666 57 Name 0 0 0
4964 11798 353 94 Name 0 0 0
3318 3324 1023 89 Name 0 0 0
12821 255 78 87 Name 0 0 0
1488 9851 740 56 Name 0 0 0
4462 3208 648 49 Name 0 0 0
15615 13843 592 40 Name 0 0 0
10451 4976 644 87 Name 0 0 0
7478 8544 335 42 Name 0 0 0
9130 9754 1024 43 Name 0 0 0
2919 3876 689 57 Name 0 0 0
3105 8283 561 80 Name 0 0 0
4583 7882 799 45 Name 0 0 0
7330 4234 452 49 Name 0 0 0
88 8793 455 50 Name 0 0 0
4864 8383 304 78 Name 0 0 0
2741 4712 873 49 Name 0 0 0
8183 5440 759 58 Name 0 0 0
10263 207 299 86 Name 0 0 0
13520 11688 798 42 Name 0 0 0
11672 13325 755 92 Name 0 0 0
5647 14228 890 79 Name 0 0 0
1910 4013 883 62 Name 0 0 0
3686 14756 879 91 Name 0 0 0
10031 13025 181 90 Name 0 0 0
3249 6388 553 74 Name 0 0 0
6089 10133 280 92 Name 0 0 0
11427 421 230 39 Name 0 0 0
13287 15959 535 84 Name 0 0 0
11020 16182 451 78 Name 0 0 0
1091 4725 687 41 Name 0 0 0
10066 8436 935 70 Name 0 0 0
10230 8147 888 70 Name 0 0 0
5178 1637 593 76 Name 0 0 0
1142 2176 319 66 Name 0 0 0
3404 3033 851 82 Name 0 0 0
15760 10482 486 58 Name 0 0 0
6019 10870 352 66 Name 0 0 0
2291 3623 691 51 Name 0 0 0
15747 5304 965 68 Name 0 0 0
3824 12814 115 38 Name 0 0 0
2690 9631 141 66 Name 0 0 0
1846 16378 191 53 Name 0 0 0
1739 61 139 34 Name 0 0 0
15317 6018 460 83 Name 0 0 0
1810 3950 588 60 Name 0 0 0
11529 4389 65 73 Name 0 0 0
13044 10293 159 55 Name 0 0 0
12990 1408 622 81 Name 0 0 0
7152 7905 567 33 Name 0 0 0
6437 7176 916 62 Name 0 0 0
7582 12935 754 34 Name 0 0 0
12996 15455 377 66 Name 0 0 0
14900 163 820 64 Name 0 0 0
10473 4243 162 86 Name 0 0 0
14322 747 566 65 Name 0 0 0
12550 13514 912 65 Name 0 0 0
448 14781 377 95 Name 0 0 0
2395 14280 733 88 Name 0 0 0
514 5820 1011 82 Name 0 0 0
12889 8699 719 55 Name 0 0 0
6064 13051 447 36 Name 0 0 0
9694 6153 197 53 Name 0 0 0
10709 15732 501 82 Name 0 0 0
2657 12884 266 54 Name 0 0 0
7797 1242 398 43 Name 0 0 0
1631 10676 691 69 Name 0 0 0
3083 5237 616 95 Name 0 0 0
12687 7387 249 42 Name 0 0 0
1641 8224 860 94 Name 0 0 0
2166 15402 221 91 Name 0 0 0
10696 12937 159 72 Name 0 0 0
2598 6582 272 45 Name 0 0 0
829 15287 297 36 Name 0 0 0
13533 10897 812 57 Name 0 0 0
15761 10833 164 90 Name 0 0 0
14373 10480 642 41 Name 0 0 0
12947 174 197 53 Name 0 0 0
15017 12381 560 74 Name 0 0 0
15882 7341 220 68 Name 0 0 0
15069 14201 235 48 Name 0 0 0
4522 3524 324 44 Name 0 0 0
4982 7626 690 50 Name 0 0 0
10844 9433 665 69 Name 0 0 0
3452 9070 313 50 Name 0 0 0
8752 7227 1008 49 Name 0 0 0
9241 6316 472 84 Name 0 0 0
10878 689 910 78 Name 0 0 0
3983 2988 198 37 Name 0 0 0
6273 14636 98 65 Name 0 0 0
12654 12001 406 68 Name 0 0 0
15437 12947 525 41 Name 0 0 0
2609 8124 524 92 Name 0 0 0
2960 11687 977 39 Name 0 0 0
9883 13086 386 87 Name 0 0 0
10038 5358 831 34 Name 0 0 0
14467 1575 511 94 Name 0 0 0
4820 11991 416 91 Name 0 0 0
15982 9147 261 86 Name 0 0 0
2826 540 929 45 Name 0 0 0
3745 89 769 81 Name 0 0 0
2751 9184 840 79 Name 0 0 0
901 386 811 34 Name 0 0 0
6871 4979 682 78 Name 0 0 0
2016 7408 252 92 Name 0 0 0
3392 12841 262 38 Name 0 0 0
5507 3535 444 92 Name 0 0 0
3104 15578 82 85 Name 0 0 0
14304 232 869 54 Name 0 0 0
3930 6673 920 51 Name 0 0 0
14236 1683 321 66 Name 0 0 0
15964 1641 799 39 Name 0 0 0
7699 2473 139 70 Name 0 0 0
1558 8233 494 37 Name 0 0 0
9873 5885 242 42 Name 0 0 0
12073 13749 518 86 Name 0 0 0
1796 12905 993 95 Name 0 0 0
15879 3322 351 32 Name 0 0 0
7999 15849 346 79 Name 0 0 0
11205 6456 726 75 Name 0 0 0
4286 2101 405 39 Name 0 0 0
11861 750 363 85 Name 0 0 0
6333 11634 917 86 Name 0 0 0
7078 12762 329 42 Name 0 0 0
3006 9609 645 83 Name 0 0 0
11077 87 1014 82 Name 0 0 0
3208 6307 242 81 Name 0 0 0
12775 12337 661 76 Name 0 0 0
12629 13825 351 45 Name 0 0 0
6685 990 979 56 Name 0 0 0
6939 13185 511 85 Name 0 0 0
2321 8401 841 82 Name 0 0 0
437 4883 1009 56 Name 0 0 0
6465 2908 639 89 Name 0 0 0
7584 12752 740 65 Name 0 0 0
6909 9020 951 56 Name 0 0 0
667 2058 693 67 Name 0 0 0
4707 9727 493 58 Name 0 0 0
2257 9749 541 83 Name 0 0 0
181 14206 758 38 Name 0 0 0
8974 12586 528 83 Name 0 0 0
14992 6108 753 88 Name 0 0 0
15424 380 440 90 Name 0 0 0
16319 4550 421 80 Name 0 0 0
6564 13176 422 79 Name 0 0 0
4755 3073 1017 70 Name 0 0 0
7964 660 420 57 Name 0 0 0
701 6459 296 50 Name 0 0 0
1400 6944 709 38 Name 0 0 0
8929 9404 86 66 Name 0 0 0
4807 11450 685 84 Name 0 0 0
8264 7722 293 80 Name 0 0 0
11644 12710 339 90 Name 0 0 0
2509 1837 908 66 Name 0 0 0
12750 11328 752 91 Name 0 0 0
4329 13195 550 70 Name 0 0 0
14723 5020 936 91 Name 0 0 0
12680 15776 733 94 Name 0 0 0
5263 9367 466 44 Name 0 0 0
4847 2725 998 90 Name 0 0 0
7081 2231 221 72 Name 0 0 0
12946 9470 1002 47 Name 0 0 0
10970 516 870 88 Name 0 0 0
11472 4925 941 58 Name 0 0 0
506 12344 518 53 Name 0 0 0
1269 664 869 42 Name 0 0 0
1122 13663 508 94 Name 0 0 0
11084 6232 146 40 Name 0 0 0
736 14309 334 96 Name 0 0 0
4107 7901 291 72 Name 0 0 0
2320 11068 746 58 Name 0 0 0
8371 3779 950 66 Name 0 0 0
14734 12099 312 59 Name 0 0 0
14116 9749 516 66 Name 0 0 0
8943 1315 902 36 Name 0 0 0
8309 1068 310 87 Name 0 0 0
5036 10855 366 94 Name 0 0 0
6857 15040 889 95 Name 0 0 0
8130 6114 758 77 Name 0 0 0
6632 5734 274 77 Name 0 0 0
212 11575 871 49 Name 0 0 0
10016 11563 810 89 Name 0 0 0
3341 6313 407 68 Name 0 0 0
7135 13829 496 49 Name 0 0 0
9588 13091 133 54 Name 0 0 0
4790 2715 324 60 Name 0 0 0
7260 7287 209 62 Name 0 0 0
12242 8498 143 41 Name 0 0 0
15009 15522 385 80 Name 0 0 0
8114 11640 462 58 Name 0 0 0
16281 3207 896 65 Name 0 0 0
5936 6187 995 58 Name 0 0 0
12371 14412 130 47 Name 0 0 0
963 9226 667 47 Name 0 0 0
16152 15517 799 56 Name 0 0 0
7275 14210 821 85 Name 0 0 0
265 7629 723 67 Name 0 0 0
10007 14713 589 34 Name 0 0 0
201 9025 382 63 Name 0 0 0
2708 4096 629 89 Name 0 0 0
6050 3900 845 74 Name 0 0 0
15030 3771 551 41 Name 0 0 0
11475 609 862 84 Name 0 0 0
11056 8747 465 84 Name 0 0 0
10068 4395 589 74 Name 0 0 0
10264 5584 185 91 Name 0 0 0
5377 12153 894 77 Name 0 0 0
9699 10680 686 95 Name 0 0 0
9808 8116 68 46 Name 0 0 0
16059 9901 525 92 Name 0 0 0
7812 1311 297 35 Name 0 0 0
10577 15688 488 73 Name 0 0 0
13532 7819 568 77 Name 0 0 0
12314 10137 193 81 Name 0 0 0
8662 8417 413 73 Name 0 0 0
4415 3757 255 62 Name 0 0 0
11443 15041 562 83 Name 0 0 0
11670 3286 880 38 Name 0 0 0
3640 13873 243 40 Name 0 0 0
8054 5036 369 83 Name 0 0 0
6162 234 517 74 Name 0 0 0
14589 3062 684 34 Name 0 0 0
111 180 811 70 Name 0 0 0
6543 4740 172 87 Name 0 0 0
15701 5966 411 70 Name 0 0 0
2872 7283 854 44 Name 0 0 0
11914 14749 189 71 Name 0 0 0
8148 7308 320 32 Name 0 0 0
13539 8797 761 71 Name 0 0 0
13926 5946 92 45 Name 0 0 0
1771 8260 608 44 Name 0 0 0
8171 10942 806 85 Name 0 0 0
230 12329 636 69 Name 0 0 0
8072 15812 67 51 Name 0 0 0
6748 9519 95 52 Name 0 0 0
3146 5122 735 70 Name 0 0 0
6815 13733 68 45 Name 0 0 0
8884 2361 490 33 Name 0 0 0
13367 3023 645 42 Name 0 0 0
10166 10243 188 85 Name 0 0 0
6434 128 804 44 Name 0 0 0
8537 7835 655 42 Name 0 0 0
15327 3796 344 39 Name 0 0 0
6120 15019 954 73 Name 0 0 0
6680 3927 428 82 Name 0 0 0
2594 13053 853 76 Name 0 0 0
5717 15765 238 65 Name 0 0 0
10041 14957 867 90 Name 0 0 0
10374 4223 817 43 Name 0 0 0
7380 9593 501 49 Name 0 0 0
15319 28 320 92 Name 0 0 0
7383 9086 585 51 Name 0 0 0
14839 3160 127 83 Name 0 0 0
3507 6587 439 64 Name 0 0 0
13983 1293 906 53 Name 0 0 0
253 92 324 94 Name 0 0 0
7497 2546 458 56 Name 0 0 0
5367 11475 245 76 Name 0 0 0
6136 14838 264 57 Name 0 0 0
4470 15511 604 47 Name 0 0 0
3927 14945 924 34 Name 0 0 0
1129 6261 91 70 Name 0 0 0
321 3048 201 67 Name 0 0 0
5250 12083 751 59 Name 0 0 0
2727 9843 713 90 Name 0 0 0
6539 4984 878 72 Name 0 0 0
1403 6642 897 63 Name 0 0 0
8786 13564 394 78 Name 0 0 0
4425 12155 879 32 Name 0 0 0
7914 9184 814 40 Name 0 0 0
15453 7595 624 90 Name 0 0 0
2024 8829 965 62 Name 0 0 0
8773 11862 477 48 Name 0 0 0
5322 15671 926 47 Name 0 0 0
10869 2829 492 81 Name 0 0 0
1782 1239 306 56 Name 0 0 0
10809 2983 1021 44 Name 0 0 0
9967 5125 287 46 Name 0 0 0
14098 4892 333 54 Name 0 0 0
10573 13338 210 57 Name 0 0 0
7836 12354 773 78 Name 0 0 0
645 6533 769 53 Name 0 0 0
12311 661 704 95 Name 0 0 0
14264 15252 1018 80 Name 0 0 0
13579 5163 894 47 Name 0 0 0
7080 8681 719 90 Name 0 0 0
14780 15611 225 48 Name 0 0 0
5338 3501 472 39 Name 0 0 0
14832 5359 415 55 Name 0 0 0
6630 13481 503 96 Name 0 0 0
1837 11354 95 57 Name 0 0 0
14138 3027 733 45 Name 0 0 0
8501 10170 922 89 Name 0 0 0
15837 12306 669 35 Name 0 0 0
2589 1595 77 78 Name 0 0 0
11248 12615 993 71 Name 0 0 0
10680 14251 969 37 Name 0 0 0
10130 14082 254 77 Name 0 0 0
14463 6983 358 47 Name 0 0 0
13323 2964 753 76 Name 0 0 0
6285 12413 622 44 Name 0 0 0
10366 11954 599 72 Name 0 0 0
13893 14368 614 45 Name 0 0 0
9182 16157 196 77 Name 0 0 0
8994 6295 978 59 Name 0 0 0
5848 1042 387 85 Name 0 0 0
4550 10345 579 74 Name 0 0 0
13568 7386 192 39 Name 0 0 0
12595 5004 370 59 Name 0 0 0
7987 6390 301 61 Name 0 0 0
13487 15500 119 46 Name 0 0 0
64 10241 826 42 Name 0 0 0
14087 6538 961 44 Name 0 0 0
1930 6324 576 90 Name 0 0 0
289 5429 182 39 Name 0 0 0
15698 13306 127 70 Name 0 0 0
3147 12063 977 93 Name 0 0 0
13718 13651 71 50 Name 0 0 0
2159 5934 995 58 Name 0 0 0
12655 424 830 41 Name 0 0 0
1612 10192 100 46 Name 0 0 0
1132 3559 406 51 Name 0 0 0
6580 5277 196 47 Name 0 0 0
8702 4065 441 40 Name 0 0 0
6970 10111 913 66 Name 0 0 0
10815 8152 103 32 Name 0 0 0
8570 6927 908 89 Name 0 0 0
3049 4899 740 92 Name 0 0 0
8383 8333 668 34 Name 0 0 0
12547 9043 730 95 Name 0 0 0
10073 2230 707 48 Name 0 0 0
12697 7670 580 62 Name 0 0 0
14492 3917 999 72 Name 0 0 0
12503 3065 203 75 Name 0 0 0
11888 7126 219 48 Name 0 0 0
5085 13407 709 45 Name 0 0 0
14000 11301 868 89 Name 0 0 0
9011 12116 704 56 Name 0 0 0
2948 6628 343 73 Name 0 0 0
11579 12641 230 77 Name 0 0 0
9313 9535 121 47 Name 0 0 0
3688 13965 675 78 Name 0 0 0
1246 2501 138 55 Name 0 0 0
15841 8397 348 35 Name 0 0 0
8515 11367 103 64 Name 0 0 0
8845 2676 854 68 Name 0 0 0
2682 9134 590 59 Name 0 0 0
15742 1696 753 52 Name 0 0 0
11593 527 963 58 Name 0 0 0
12081 10419 533 87 Name 0 0 0
10350 14733 979 88 Name 0 0 0
9018 10814 642 46 Name 0 0 0
4982 6565 101 96 Name 0 0 0
11738 7988 1013 41 Name 0 0 0
4324 12874 152 82 Name 0 0 0
11418 4845 328 84 Name 0 0 0
2980 2895 1016 83 Name 0 0 0
12253 9784 323 78 Name 0 0 0
14139 12226 806 55 Name 0 0 0
6982 2520 558 46 Name 0 0 0
4678 11135 519 53 Name 0 0 0
5382 14385 972 62 Name 0 0 0
11493 13109 954 66 Name 0 0 0
5962 859 512 49 Name 0 0 0
4851 139 596 60 Name 0 0 0
4504 4726 1020 59 Name 0 0 0
10961 1165 743 62 Name 0 0 0
7544 479 712 78 Name 0 0 0
15972 12100 989 86 Name 0 0 0
8039 6404 913 41 Name 0 0 0
13178 16238 396 82 Name 0 0 0
49 621 597 86 Name 0 0 0
10165 4679 420 85 Name 0 0 0
3729 6799 284 92 Name 0 0 0
568 13383 82 63 Name 0 0 0
1598 9958 664 50 Name 0 0 0
10688 12875 768 36 Name 0 0 0
5853 460 674 96 Name 0 0 0
10899 15140 814 36 Name 0 0 0
14298 10546 116 89 Name 0 0 0
10930 10694 1023 34 Name 0 0 0
12462 9100 299 86 Name 0 0 0
13609 5587 116 47 Name 0 0 0
1723 5392 437 77 Name 0 0 0
9334 16020 999 52 Name 0 0 0
10333 14199 668 67 Name 0 0 0
11834 9477 1004 92 Name 0 0 0
1647 4320 970 36 Name 0 0 0
10938 12162 879 64 Name 0 0 0
5049 4498 336 77 Name 0 0 0
10440 14654 848 53 Name 0 0 0
15657 7993 144 93 Name 0 0 0
1429 14012 891 78 Name 0 0 0
7497 7717 737 90 Name 0 0 0
2416 12693 510 57 Name 0 0 0
1950 1456 864 79 Name 0 0 0
581 3428 840 40 Name 0 0 0
863 14795 382 58 Name 0 0 0
9147 3035 871 74 Name 0 0 0
9435 2017 453 54 Name 0 0 0
4880 2989 96 68 Name 0 0 0
11519 187 370 52 Name 0 0 0
6596 15597 546 35 Name 0 0 0
11448 2884 299 47 Name 0 0 0
6147 629 732 46 Name 0 0 0
8667 3153 174 35 Name 0 0 0
14944 4129 931 51 Name 0 0 0
4198 15944 732 69 Name 0 0 0
15407 2413 687 75 Name 0 0 0
11385 7994 626 76 Name 0 0 0
1025 7599 292 46 Name 0 0 0
2976 11222 823 60 Name 0 0 0
13343 38 622 37 Name 0 0 0
3866 6318 432 40 Name 0 0 0
4393 10658 220 70 Name 0 0 0
9948 8262 864 80 Name 0 0 0
5110 1204 172 33 Name 0 0 0
11914 1039 416 79 Name 0 0 0
2294 15926 885 44 Name 0 0 0
4528 12970 324 39 Name 0 0 0
9793 10674 864 59 Name 0 0 0
15616 1184 152 33 Name 0 0 0
7018 8895 359 39 Name 0 0 0
8705 9225 264 70 Name 0 0 0
5783 15493 228 96 Name 0 0 0
7473 5285 522 36 Name 0 0 0
14094 13300 495 52 Name 0 0 0
9352 12879 550 42 Name 0 0 0
4253 1169 399 51 Name 0 0 0
1126 1994 806 51 Name 0 0 0
14454 2814 955 45 Name 0 0 0
3574 15425 771 77 Name 0 0 0
5856 11965 92 65 Name 0 0 0
12726 8660 115 63 Name 0 0 0
12373 8937 657 87 Name 0 0 0
15290 10581 835 39 Name 0 0 0
6578 13159 95 87 Name 0 0 0
315 4811 278 69 Name 0 0 0
2006 8171 381 81 Name 0 0 0
119 15724 410 64 Name 0 0 0
9153 11916 84 40 Name 0 0 0
9737 1017 85 89 Name 0 0 0
13592 8192 322 94 Name 0 0 0
3505 10118 756 55 Name 0 0 0
11538 13545 640 36 Name 0 0 0
9139 3747 339 52 Name 0 0 0
10114 11720 974 34 Name 0 0 0
1283 2306 121 80 Name 0 0 0
3841 9181 575 57 Name 0 0 0
8504 8977 861 38 Name 0 0 0
7717 4250 811 54 Name 0 0 0
8357 12827 130 78 Name 0 0 0
7422 14525 649 40 Name 0 0 0
13209 718 291 74 Name 0 0 0
10155 5277 682 53 Name 0 0 0
5845 3545 503 66 Name 0 0 0
463 7203 464 69 Name 0 0 0
8319 5378 319 35 Name 0 0 0
8720 8133 505 71 Name 0 0 0
12739 11959 993 45 Name 0 0 0
9255 9343 865 47 Name 0 0 0
9619 14154 840 86 Name 0 0 0
10629 13256 180 34 Name 0 0 0
1374 9752 453 37 Name 0 0 0
8230 4489 982 67 Name 0 0 0
8718 9049 308 57 Name 0 0 0
14877 12770 930 45 Name 0 0 0
7451 4012 231 70 Name 0 0 0
11067 14576 805 48 Name 0 0 0
15148 14468 154 62 Name 0 0 0
14324 3543 477 55 Name 0 0 0
9537 11588 198 62 Name 0 0 0
15864 16357 563 35 Name 0 0 0
5092 771 958 92 Name 0 0 0
14012 849 544 35 Name 0 0 0
14779 3603 238 86 Name 0 0 0
7713 2802 541 92 Name 0 0 0
7549 16001 582 50 Name 0 0 0
2338 783 777 80 Name 0 0 0
6 16000 84 47 Name 0 0 0
8363 10403 611 74 Name 0 0 0
3161 7050 815 51 Name 0 0 0
16284 7114 356 68 Name 0 0 0
9087 15692 154 53 Name 0 0 0
15809 12244 154 48 Name 0 0 0
9675 554 1016 57 Name 0 0 0
8996 8171 451 82 Name 0 0 0
10764 12199 154 86 Name 0 0 0
9420 12753 286 69 Name 0 0 0
12916 9140 200 82 Name 0 0 0
9279 12369 387 88 Name 0 0 0
2856 10260 613 39 Name 0 0 0
10007 6993 351 41 Name 0 0 0
3619 2199 492 34 Name 0 0 0
1622 10419 234 54 Name 0 0 0
3937 10678 906 61 Name 0 0 0
9988 11212 534 34 Name 0 0 0
15672 5748 709 47 Name 0 0 0
3030 195 66 93 Name 0 0 0
9697 9245 305 62 Name 0 0 0
4905 2279 672 96 Name 0 0 0
5961 7895 856 65 Name 0 0 0
116 8052 1009 93 Name 0 0 0
335 11394 850 71 Name 0 0 0
13165 15618 313 42 Name 0 0 0
2287 12896 998 39 Name 0 0 0
13712 13365 172 34 Name 0 0 0
833 7168 840 41 Name 0 0 0
6996 7093 495 78 Name 0 0 0
15998 16091 501 90 Name 0 0 0
2910 2231 87 50 Name 0 0 0
124 3427 103 60 Name 0 0 0
6191 5684 719 86 Name 0 0 0
4687 13165 497 67 Name 0 0 0
5067 2086 857 70 Name 0 0 0
5548 1534 292 89 Name 0 0 0
5453 7513 174 60 Name 0 0 0
13467 3457 993 83 Name 0 0 0
12888 1254 434 86 Name 0 0 0
12757 2113 577 70 Name 0 0 0
2734 15464 544 82 Name 0 0 0
9242 8632 433 87 Name 0 0 0
2563 8398 636 50 Name 0 0 0
13378 5640 101 51 Name 0 0 0
8235 8066 231 69 Name 0 0 0
11474 6550 252 62 Name 0 0 0
5340 6613 386 63 Name 0 0 0
5907 4924 748 78 Name 0 0 0
9669 6745 963 69 Name 0 0 0
14661 9349 607 42 Name 0 0 0
7582 13581 594 42 Name 0 0 0
1004 13191 80 69 Name 0 0 0
9049 11408 354 84 Name 0 0 0
8116 15536 705 54 Name 0 0 0
x-Min=0
x-Max=16384
y-Min=0
y-Max=16384
min label height=32.0
max label height=96.0
min label width=64.0
max label width=1024
