1024
560 1756 80 4 Name 0 0 0
573 1377 117 7 Name 0 0 0
667 1085 79 6 Name 0 0 0
558 139 30 8 Name 0 0 0
1163 115 32 7 Name 0 0 0
201 829 61 5 Name 0 0 0
1659 1119 80 6 Name 0 0 0
758 119 14 6 Name 0 0 0
409 1538 109 5 Name 0 0 0
1777 578 54 7 Name 0 0 0
1459 1528 56 6 Name 0 0 0
418 577 83 5 Name 0 0 0
1121 31 58 5 Name 0 0 0
813 1221 28 8 Name 0 0 0
1899 1452 83 4 Name 0 0 0
1635 848 68 7 Name 0 0 0
290 1823 80 5 Name 0 0 0
668 1611 47 7 Name 0 0 0
674 317 22 7 Name 0 0 0
1029 1971 97 8 Name 0 0 0
1780 576 28 7 Name 0 0 0
535 1582 40 6 Name 0 0 0
1759 845 89 5 Name 0 0 0
1859 1792 30 6 Name 0 0 0
847 1755 73 8 Name 0 0 0
1373 1579 48 7 Name 0 0 0
827 211 12 8 Name 0 0 0
1674 1149 79 7 Name 0 0 0
1805 643 60 5 Name 0 0 0
570 1833 119 4 Name 0 0 0
550 1480 68 7 Name 0 0 0
1926 1205 113 8 Name 0 0 0
547 941 62 5 Name 0 0 0
638 924 68 5 Name 0 0 0
1915 1691 38 5 Name 0 0 0
1655 1569 82 7 Name 0 0 0
1100 41 107 8 Name 0 0 0
1282 2029 13 7 Name 0 0 0
691 105 20 8 Name 0 0 0
1330 732 102 7 Name 0 0 0
1991 1883 124 8 Name 0 0 0
1402 853 32 5 Name 0 0 0
922 2022 25 5 Name 0 0 0
325 112 36 5 Name 0 0 0
431 1061 125 6 Name 0 0 0
1353 360 127 4 Name 0 0 0
223 1110 119 7 Name 0 0 0
74 1042 62 7 Name 0 0 0
896 584 72 8 Name 0 0 0
228 1485 54 8 Name 0 0 0
1831 1725 68 4 Name 0 0 0
5 1301 27 7 Name 0 0 0
2039 1304 19 5 Name 0 0 0
1796 973 71 8 Name 0 0 0
449 1307 33 7 Name 0 0 0
997 1102 50 8 Name 0 0 0
441 1544 22 7 Name 0 0 0
633 997 59 5 Name 0 0 0
1937 1004 50 6 Name 0 0 0
1158 329 57 5 Name 0 0 0
173 548 32 5 Name 0 0 0
1350 927 45 6 Name 0 0 0
1563 1463 92 6 Name 0 0 0
396 102 95 6 Name 0 0 0
1186 1013 30 6 Name 0 0 0
46 1499 120 8 Name 0 0 0
604 1922 98 5 Name 0 0 0
90 210 119 6 Name 0 0 0
715 157 71 7 Name 0 0 0
1707 398 67 5 Name 0 0 0
1899 1160 69 5 Name 0 0 0
586 1601 91 8 Name 0 0 0
1977 218 81 8 Name 0 0 0
1876 1430 103 6 Name 0 0 0
1738 1913 40 7 Name 0 0 0
15 1592 22 7 Name 0 0 0
579 1400 52 4 Name 0 0 0
62 68 106 6 Name 0 0 0
889 108 74 5 Name 0 0 0
1789 189 93 5 Name 0 0 0
145 886 85 4 Name 0 0 0
1948 1225 42 5 Name 0 0 0
1763 1120 20 4 Name 0 0 0
1315 828 82 6 Name 0 0 0
828 800 93 8 Name 0 0 0
448 955 46 5 Name 0 0 0
957 408 106 8 Name 0 0 0
962 385 34 8 Name 0 0 0
1214 1811 39 8 Name 0 0 0
969 386 17 4 Name 0 0 0
276 687 105 7 Name 0 0 0
1125 2004 9 5 Name 0 0 0
1641 1625 104 5 Name 0 0 0
1932 664 25 7 Name 0 0 0
1759 295 26 5 Name 0 0 0
623 1536 77 7 Name 0 0 0
810 1357 11 8 Name 0 0 0
1691 247 65 7 Name 0 0 0
550 492 52 6 Name 0 0 0
738 431 70 8 Name 0 0 0
1553 1979 50 7 Name 0 0 0
545 281 108 7 Name 0 0 0
1886 1517 26 5 Name 0 0 0
671 1268 77 6 Name 0 0 0
439 843 65 5 Name 0 0 0
731 1608 20 8 Name 0 0 0
374 1832 100 5 Name 0 0 0
1373 1257 32 6 Name 0 0 0
1949 373 63 5 Name 0 0 0
1109 1888 33 7 Name 0 0 0
1240 1900 93 6 Name 0 0 0
907 1118 48 7 Name 0 0 0
1064 886 91 7 Name 0 0 0
957 851 23 4 Name 0 0 0
1079 1112 30 4 Name 0 0 0
1378 1444 88 6 Name 0 0 0
1996 1497 38 6 Name 0 0 0
1562 1501 116 5 Name 0 0 0
1996 734 9 6 Name 0 0 0
1248 410 59 6 Name 0 0 0
664 1643 43 8 Name 0 0 0
1396 1527 27 6 Name 0 0 0
1650 1800 51 7 Name 0 0 0
1217 704 54 6 Name 0 0 0
1101 1035 95 4 Name 0 0 0
610 615 84 7 Name 0 0 0
1610 2019 16 5 Name 0 0 0
957 1916 62 4 Name 0 0 0
1857 1696 12 7 Name 0 0 0
531 1871 124 8 Name 0 0 0
1365 335 125 8 Name 0 0 0
99 134 119 8 Name 0 0 0
1447 871 68 5 Name 0 0 0
1169 644 111 7 Name 0 0 0
1130 1159 41 6 Name 0 0 0
1292 446 11 7 Name 0 0 0
1959 308 98 5 Name 0 0 0
34 996 33 6 Name 0 0 0
1401 688 126 6 Name 0 0 0
1555 1502 80 6 Name 0 0 0
1392 1777 46 7 Name 0 0 0
1172 184 68 8 Name 0 0 0
1376 713 104 6 Name 0 0 0
1224 199 48 6 Name 0 0 0
1991 855 63 6 Name 0 0 0
1039 721 99 8 Name 0 0 0
1939 575 18 5 Name 0 0 0
938 1434 69 7 Name 0 0 0
725 411 49 4 Name 0 0 0
683 1387 111 7 Name 0 0 0
2022 1474 48 7 Name 0 0 0
1212 760 118 7 Name 0 0 0
1291 1592 127 4 Name 0 0 0
1422 692 46 8 Name 0 0 0
506 2012 35 8 Name 0 0 0
833 511 88 6 Name 0 0 0
1130 703 68 5 Name 0 0 0
2044 1880 74 8 Name 0 0 0
457 1597 93 7 Name 0 0 0
1369 1237 62 7 Name 0 0 0
899 759 32 4 Name 0 0 0
83 17 67 5 Name 0 0 0
721 1042 59 5 Name 0 0 0
692 1759 58 6 Name 0 0 0
1047 1395 106 6 Name 0 0 0
1004 244 46 6 Name 0 0 0
964 107 46 4 Name 0 0 0
729 1656 116 6 Name 0 0 0
596 311 67 6 Name 0 0 0
878 1808 103 8 Name 0 0 0
457 1820 64 7 Name 0 0 0
2031 1605 25 7 Name 0 0 0
1413 771 50 7 Name 0 0 0
764 600 41 5 Name 0 0 0
1922 500 121 7 Name 0 0 0
2000 87 98 7 Name 0 0 0
1573 898 20 8 Name 0 0 0
1978 733 125 7 Name 0 0 0
769 528 86 5 Name 0 0 0
300 345 19 7 Name 0 0 0
67 553 13 4 Name 0 0 0
976 475 105 7 Name 0 0 0
2006 1161 121 6 Name 0 0 0
1063 130 95 6 Name 0 0 0
38 1682 20 7 Name 0 0 0
1972 5 104 6 Name 0 0 0
1735 1885 35 5 Name 0 0 0
65 2011 65 6 Name 0 0 0
81 405 111 7 Name 0 0 0
575 1243 127 6 Name 0 0 0
1621 1982 20 5 Name 0 0 0
1386 555 68 5 Name 0 0 0
94 1680 31 7 Name 0 0 0
1832 968 110 7 Name 0 0 0
1562 314 79 5 Name 0 0 0
365 1661 111 8 Name 0 0 0
616 1119 81 6 Name 0 0 0
1485 1796 60 5 Name 0 0 0
561 1909 44 6 Name 0 0 0
1354 924 53 8 Name 0 0 0
897 362 88 5 Name 0 0 0
1508 1464 91 6 Name 0 0 0
149 871 79 7 Name 0 0 0
982 2025 65 5 Name 0 0 0
533 1036 14 4 Name 0 0 0
157 761 13 7 Name 0 0 0
1246 100 110 8 Name 0 0 0
379 983 110 8 Name 0 0 0
985 2037 109 5 Name 0 0 0
1903 1502 31 6 Name 0 0 0
1618 954 67 8 Name 0 0 0
433 1747 63 6 Name 0 0 0
1396 1062 78 4 Name 0 0 0
589 1912 51 8 Name 0 0 0
1956 479 43 7 Name 0 0 0
1590 1725 44 7 Name 0 0 0
15 611 39 8 Name 0 0 0
1 61 23 4 Name 0 0 0
1678 1037 30 6 Name 0 0 0
1095 1266 125 5 Name 0 0 0
12 87 45 5 Name 0 0 0
259 1947 101 7 Name 0 0 0
1237 265 66 8 Name 0 0 0
594 1812 87 6 Name 0 0 0
536 223 95 7 Name 0 0 0
487 1832 62 7 Name 0 0 0
862 660 123 4 Name 0 0 0
513 323 8 6 Name 0 0 0
1700 1180 97 5 Name 0 0 0
592 947 106 4 Name 0 0 0
979 1372 118 7 Name 0 0 0
921 150 69 6 Name 0 0 0
1075 730 116 8 Name 0 0 0
1049 1747 43 6 Name 0 0 0
1837 1591 35 5 Name 0 0 0
1173 1220 67 6 Name 0 0 0
1330 1867 14 6 Name 0 0 0
538 687 66 5 Name 0 0 0
1353 997 92 5 Name 0 0 0
1124 1616 13 4 Name 0 0 0
831 555 69 8 Name 0 0 0
671 1089 20 4 Name 0 0 0
468 1297 38 4 Name 0 0 0
236 1742 100 7 Name 0 0 0
167 205 49 4 Name 0 0 0
1884 842 12 7 Name 0 0 0
1987 686 40 7 Name 0 0 0
1878 1729 13 6 Name 0 0 0
613 1023 123 6 Name 0 0 0
1511 726 50 4 Name 0 0 0
1842 299 75 6 Name 0 0 0
783 246 30 7 Name 0 0 0
518 337 122 7 Name 0 0 0
975 1265 58 7 Name 0 0 0
1850 1363 40 7 Name 0 0 0
1632 237 82 8 Name 0 0 0
878 1317 46 6 Name 0 0 0
1311 747 83 6 Name 0 0 0
77 449 14 8 Name 0 0 0
253 555 73 8 Name 0 0 0
2007 1356 100 6 Name 0 0 0
1129 859 32 8 Name 0 0 0
968 571 53 6 Name 0 0 0
410 1504 111 7 Name 0 0 0
1133 1988 26 6 Name 0 0 0
443 31 13 5 Name 0 0 0
1244 802 118 5 Name 0 0 0
1568 1679 113 5 Name 0 0 0
1538 1040 88 7 Name 0 0 0
62 120 23 5 Name 0 0 0
10 1724 79 8 Name 0 0 0
1339 1147 109 7 Name 0 0 0
1760 100 116 5 Name 0 0 0
605 352 124 8 Name 0 0 0
1388 698 17 5 Name 0 0 0
1250 1785 91 7 Name 0 0 0
401 102 117 6 Name 0 0 0
673 984 75 7 Name 0 0 0
389 1579 28 7 Name 0 0 0
482 760 50 5 Name 0 0 0
1746 391 23 8 Name 0 0 0
129 1791 23 5 Name 0 0 0
1490 78 42 4 Name 0 0 0
745 1287 115 7 Name 0 0 0
1307 1990 73 7 Name 0 0 0
1010 1264 42 4 Name 0 0 0
773 308 84 6 Name 0 0 0
1406 494 22 8 Name 0 0 0
542 373 14 7 Name 0 0 0
1696 313 97 4 Name 0 0 0
490 1726 58 6 Name 0 0 0
1416 1081 65 8 Name 0 0 0
781 562 38 8 Name 0 0 0
342 1395 66 6 Name 0 0 0
213 1179 35 6 Name 0 0 0
1257 840 39 7 Name 0 0 0
341 1951 97 6 Name 0 0 0
590 322 64 5 Name 0 0 0
1927 797 92 6 Name 0 0 0
377 1600 91 6 Name 0 0 0
1223 1197 9 5 Name 0 0 0
376 390 109 8 Name 0 0 0
2019 1604 58 6 Name 0 0 0
767 257 128 6 Name 0 0 0
383 1862 110 4 Name 0 0 0
1531 807 49 4 Name 0 0 0
740 890 26 8 Name 0 0 0
1189 1057 51 8 Name 0 0 0
647 104 42 8 Name 0 0 0
804 1359 102 4 Name 0 0 0
600 909 84 6 Name 0 0 0
1234 162 17 5 Name 0 0 0
391 1890 55 6 Name 0 0 0
1883 282 36 5 Name 0 0 0
891 1936 100 5 Name 0 0 0
1060 1182 83 4 Name 0 0 0
1401 909 112 6 Name 0 0 0
22 1047 93 6 Name 0 0 0
1855 222 44 8 Name 0 0 0
1757 1789 122 7 Name 0 0 0
1236 1134 44 6 Name 0 0 0
1851 1186 97 7 Name 0 0 0
1524 964 54 5 Name 0 0 0
756 347 90 5 Name 0 0 0
673 1465 69 5 Name 0 0 0
701 604 88 5 Name 0 0 0
943 1924 95 5 Name 0 0 0
1745 1723 47 6 Name 0 0 0
1019 745 122 5 Name 0 0 0
536 752 27 8 Name 0 0 0
136 1480 52 7 Name 0 0 0
23 335 49 4 Name 0 0 0
4 1952 18 6 Name 0 0 0
947 933 43 7 Name 0 0 0
145 1725 22 5 Name 0 0 0
1251 1530 117 6 Name 0 0 0
1936 848 117 7 Name 0 0 0
71 946 100 4 Name 0 0 0
1422 985 75 6 Name 0 0 0
7 496 23 4 Name 0 0 0
910 1813 79 8 Name 0 0 0
1624 1027 41 5 Name 0 0 0
2046 1537 104 8 Name 0 0 0
473 1658 32 6 Name 0 0 0
1366 1282 33 7 Name 0 0 0
104 401 44 7 Name 0 0 0
1417 982 93 6 Name 0 0 0
967 2028 54 4 Name 0 0 0
407 880 102 5 Name 0 0 0
1024 2044 33 7 Name 0 0 0
608 1657 114 5 Name 0 0 0
1792 372 78 7 Name 0 0 0
527 1515 31 4 Name 0 0 0
1939 586 114 5 Name 0 0 0
1383 237 64 5 Name 0 0 0
1823 1921 17 7 Name 0 0 0
938 592 90 6 Name 0 0 0
1615 461 96 5 Name 0 0 0
1109 117 67 7 Name 0 0 0
219 1548 70 5 Name 0 0 0
1959 18 84 7 Name 0 0 0
1462 275 102 7 Name 0 0 0
131 84 33 4 Name 0 0 0
1741 1977 82 4 Name 0 0 0
795 542 83 5 Name 0 0 0
618 1545 27 5 Name 0 0 0
215 166 53 5 Name 0 0 0
434 177 98 5 Name 0 0 0
1566 163 98 6 Name 0 0 0
1617 1161 100 6 Name 0 0 0
1679 856 48 7 Name 0 0 0
1256 284 68 4 Name 0 0 0
15 1838 95 5 Name 0 0 0
1051 1316 99 7 Name 0 0 0
770 1648 95 5 Name 0 0 0
724 67 60 8 Name 0 0 0
59 218 41 5 Name 0 0 0
1644 1490 38 7 Name 0 0 0
746 1821 42 4 Name 0 0 0
1339 618 41 6 Name 0 0 0
840 1051 24 5 Name 0 0 0
846 613 115 5 Name 0 0 0
774 1590 126 6 Name 0 0 0
75 1930 71 6 Name 0 0 0
667 983 105 8 Name 0 0 0
288 1954 26 8 Name 0 0 0
1510 1963 68 4 Name 0 0 0
2033 1429 20 6 Name 0 0 0
407 834 32 7 Name 0 0 0
857 1220 122 4 Name 0 0 0
1476 684 76 8 Name 0 0 0
164 935 14 5 Name 0 0 0
364 352 94 7 Name 0 0 0
729 1394 21 4 Name 0 0 0
486 2048 102 7 Name 0 0 0
1895 1478 91 4 Name 0 0 0
906 102 51 4 Name 0 0 0
808 901 122 6 Name 0 0 0
1945 1149 67 7 Name 0 0 0
1943 1255 56 4 Name 0 0 0
501 846 35 5 Name 0 0 0
1516 1206 13 7 Name 0 0 0
1240 523 103 7 Name 0 0 0
1400 1648 68 5 Name 0 0 0
650 1480 117 7 Name 0 0 0
1261 1854 17 4 Name 0 0 0
536 1536 37 6 Name 0 0 0
746 1336 95 6 Name 0 0 0
464 379 26 5 Name 0 0 0
1789 1975 20 8 Name 0 0 0
1565 542 105 5 Name 0 0 0
2048 357 111 5 Name 0 0 0
412 8 40 5 Name 0 0 0
122 1607 17 7 Name 0 0 0
1615 1097 103 5 Name 0 0 0
994 425 122 8 Name 0 0 0
368 2010 61 7 Name 0 0 0
12 1066 12 6 Name 0 0 0
1376 1314 17 6 Name 0 0 0
741 1397 37 7 Name 0 0 0
95 207 44 8 Name 0 0 0
2022 663 34 8 Name 0 0 0
1582 123 103 7 Name 0 0 0
101 832 23 7 Name 0 0 0
1084 1345 79 6 Name 0 0 0
725 1636 54 5 Name 0 0 0
180 104 122 6 Name 0 0 0
843 1226 92 5 Name 0 0 0
225 1983 48 5 Name 0 0 0
1087 1236 75 6 Name 0 0 0
1528 1420 53 4 Name 0 0 0
2031 746 18 5 Name 0 0 0
696 148 90 6 Name 0 0 0
1866 366 113 7 Name 0 0 0
29 245 124 6 Name 0 0 0
1543 1849 32 5 Name 0 0 0
1462 217 59 7 Name 0 0 0
1822 1622 85 4 Name 0 0 0
82 1988 57 5 Name 0 0 0
917 1391 67 5 Name 0 0 0
301 1700 36 4 Name 0 0 0
1231 674 25 5 Name 0 0 0
198 612 80 8 Name 0 0 0
118 2038 84 7 Name 0 0 0
1926 765 87 6 Name 0 0 0
795 1312 28 4 Name 0 0 0
1416 1648 62 7 Name 0 0 0
986 348 115 5 Name 0 0 0
1264 1912 108 4 Name 0 0 0
1417 593 124 7 Name 0 0 0
1425 1009 92 5 Name 0 0 0
294 1595 101 6 Name 0 0 0
199 1594 123 7 Name 0 0 0
2028 172 78 6 Name 0 0 0
1336 1986 73 6 Name 0 0 0
101 1933 111 5 Name 0 0 0
226 60 14 5 Name 0 0 0
1038 796 34 6 Name 0 0 0
725 2029 55 6 Name 0 0 0
1773 1613 12 6 Name 0 0 0
634 1953 43 4 Name 0 0 0
560 910 122 7 Name 0 0 0
61 962 96 6 Name 0 0 0
1272 454 100 7 Name 0 0 0
1689 411 36 5 Name 0 0 0
405 1795 64 4 Name 0 0 0
362 538 48 5 Name 0 0 0
279 1983 97 5 Name 0 0 0
1877 14 76 5 Name 0 0 0
802 1233 76 4 Name 0 0 0
1531 1378 77 7 Name 0 0 0
623 1294 81 8 Name 0 0 0
622 1962 115 6 Name 0 0 0
484 650 8 5 Name 0 0 0
862 1830 57 5 Name 0 0 0
1770 210 13 5 Name 0 0 0
938 431 71 4 Name 0 0 0
216 400 14 4 Name 0 0 0
906 1697 60 5 Name 0 0 0
312 1861 125 5 Name 0 0 0
90 1077 14 6 Name 0 0 0
119 284 128 6 Name 0 0 0
844 1076 96 7 Name 0 0 0
1680 1536 30 4 Name 0 0 0
1614 44 62 7 Name 0 0 0
1728 883 114 5 Name 0 0 0
1149 1087 45 5 Name 0 0 0
2007 1316 74 7 Name 0 0 0
1016 574 81 8 Name 0 0 0
1805 710 23 6 Name 0 0 0
1290 1593 105 5 Name 0 0 0
1555 620 119 4 Name 0 0 0
593 699 118 7 Name 0 0 0
545 1435 108 7 Name 0 0 0
161 370 127 4 Name 0 0 0
1276 809 16 8 Name 0 0 0
696 1779 68 7 Name 0 0 0
1830 1520 8 6 Name 0 0 0
0 219 20 6 Name 0 0 0
697 357 119 8 Name 0 0 0
1849 32 70 7 Name 0 0 0
338 654 96 7 Name 0 0 0
323 904 48 7 Name 0 0 0
1150 1109 28 6 Name 0 0 0
312 475 26 5 Name 0 0 0
746 1322 120 7 Name 0 0 0
554 1964 25 5 Name 0 0 0
1614 659 94 5 Name 0 0 0
1250 273 102 5 Name 0 0 0
512 222 95 6 Name 0 0 0
1204 809 11 8 Name 0 0 0
959 59 32 8 Name 0 0 0
1158 325 33 4 Name 0 0 0
993 1340 43 5 Name 0 0 0
906 1548 8 5 Name 0 0 0
767 2034 21 5 Name 0 0 0
1049 818 65 8 Name 0 0 0
330 980 70 6 Name 0 0 0
1880 965 82 4 Name 0 0 0
1411 1437 87 8 Name 0 0 0
1056 244 113 6 Name 0 0 0
1616 1836 39 5 Name 0 0 0
756 52 62 5 Name 0 0 0
1814 251 18 8 Name 0 0 0
2021 1553 31 6 Name 0 0 0
891 1333 35 6 Name 0 0 0
1643 374 86 7 Name 0 0 0
944 1107 8 5 Name 0 0 0
193 449 77 6 Name 0 0 0
227 1503 69 7 Name 0 0 0
461 645 84 5 Name 0 0 0
1914 1085 36 7 Name 0 0 0
1365 1654 91 8 Name 0 0 0
1976 1920 119 7 Name 0 0 0
909 100 73 7 Name 0 0 0
1079 1673 121 5 Name 0 0 0
847 770 127 7 Name 0 0 0
1 1463 127 4 Name 0 0 0
1226 780 124 8 Name 0 0 0
894 1112 98 7 Name 0 0 0
445 401 123 6 Name 0 0 0
1664 776 22 7 Name 0 0 0
405 1163 18 7 Name 0 0 0
1232 1001 110 8 Name 0 0 0
1011 1197 102 8 Name 0 0 0
721 121 13 6 Name 0 0 0
2035 1134 123 4 Name 0 0 0
668 1774 79 5 Name 0 0 0
1637 1648 30 8 Name 0 0 0
156 827 98 8 Name 0 0 0
1316 1396 101 5 Name 0 0 0
1148 8 77 7 Name 0 0 0
959 1772 27 6 Name 0 0 0
347 33 65 5 Name 0 0 0
774 1910 28 7 Name 0 0 0
1107 185 69 5 Name 0 0 0
978 205 118 5 Name 0 0 0
764 32 111 5 Name 0 0 0
797 392 44 6 Name 0 0 0
1459 76 33 8 Name 0 0 0
882 1988 25 7 Name 0 0 0
494 13 41 7 Name 0 0 0
1891 664 108 7 Name 0 0 0
1281 328 82 8 Name 0 0 0
1345 1452 29 7 Name 0 0 0
1729 488 77 7 Name 0 0 0
911 1296 49 6 Name 0 0 0
1793 1015 59 6 Name 0 0 0
1126 880 15 8 Name 0 0 0
1080 897 115 5 Name 0 0 0
1597 311 59 5 Name 0 0 0
585 1290 122 4 Name 0 0 0
1530 1167 13 6 Name 0 0 0
160 2023 22 6 Name 0 0 0
119 1175 34 5 Name 0 0 0
394 980 87 7 Name 0 0 0
1932 1706 36 6 Name 0 0 0
1634 1307 99 8 Name 0 0 0
1187 1281 76 6 Name 0 0 0
1656 1912 52 8 Name 0 0 0
920 1057 29 8 Name 0 0 0
510 26 35 6 Name 0 0 0
607 1237 11 6 Name 0 0 0
286 402 50 4 Name 0 0 0
1860 1857 85 5 Name 0 0 0
1526 940 110 6 Name 0 0 0
1883 723 80 5 Name 0 0 0
1842 1900 78 6 Name 0 0 0
1469 1627 28 5 Name 0 0 0
1751 1632 36 4 Name 0 0 0
510 1461 109 7 Name 0 0 0
533 1095 111 6 Name 0 0 0
1697 1463 29 6 Name 0 0 0
1074 195 32 6 Name 0 0 0
702 1384 115 6 Name 0 0 0
1612 1250 38 6 Name 0 0 0
267 1999 57 7 Name 0 0 0
1853 1297 70 6 Name 0 0 0
834 2031 33 5 Name 0 0 0
519 894 79 5 Name 0 0 0
2008 430 67 6 Name 0 0 0
159 2015 80 8 Name 0 0 0
1755 26 78 5 Name 0 0 0
657 596 8 7 Name 0 0 0
1293 1382 89 6 Name 0 0 0
20 1401 57 7 Name 0 0 0
1889 1418 50 6 Name 0 0 0
353 413 45 4 Name 0 0 0
2038 1621 22 4 Name 0 0 0
562 1757 92 6 Name 0 0 0
1484 245 23 7 Name 0 0 0
1180 794 17 5 Name 0 0 0
312 1967 54 6 Name 0 0 0
2005 480 71 8 Name 0 0 0
620 131 105 8 Name 0 0 0
487 1019 103 5 Name 0 0 0
1631 867 105 5 Name 0 0 0
2040 79 60 5 Name 0 0 0
1357 1835 18 8 Name 0 0 0
843 1520 120 4 Name 0 0 0
1853 372 71 7 Name 0 0 0
921 1364 42 6 Name 0 0 0
1071 1921 48 6 Name 0 0 0
1846 541 66 7 Name 0 0 0
1646 1501 107 7 Name 0 0 0
1663 886 122 5 Name 0 0 0
1752 1536 94 7 Name 0 0 0
1982 371 69 7 Name 0 0 0
643 654 10 8 Name 0 0 0
75 670 23 5 Name 0 0 0
1197 427 98 5 Name 0 0 0
355 1387 34 6 Name 0 0 0
888 1444 97 8 Name 0 0 0
959 667 112 7 Name 0 0 0
776 564 111 8 Name 0 0 0
2044 494 23 5 Name 0 0 0
1835 109 91 7 Name 0 0 0
1142 794 104 8 Name 0 0 0
1466 1857 52 8 Name 0 0 0
418 1334 105 7 Name 0 0 0
1857 742 13 7 Name 0 0 0
593 1574 13 5 Name 0 0 0
1337 1740 63 5 Name 0 0 0
1576 1295 10 4 Name 0 0 0
1468 578 39 5 Name 0 0 0
1690 572 29 5 Name 0 0 0
614 1900 100 7 Name 0 0 0
1850 1474 90 6 Name 0 0 0
971 1883 64 6 Name 0 0 0
231 216 48 7 Name 0 0 0
966 930 58 5 Name 0 0 0
463 616 36 4 Name 0 0 0
609 773 18 8 Name 0 0 0
1763 1538 70 5 Name 0 0 0
401 2034 79 8 Name 0 0 0
1930 295 95 6 Name 0 0 0
882 1244 109 4 Name 0 0 0
1867 1529 39 8 Name 0 0 0
331 479 104 7 Name 0 0 0
121 980 87 8 Name 0 0 0
1897 289 102 8 Name 0 0 0
2017 689 62 7 Name 0 0 0
1567 1877 89 7 Name 0 0 0
1917 1975 10 6 Name 0 0 0
1625 1523 107 6 Name 0 0 0
1653 513 99 4 Name 0 0 0
1487 950 109 7 Name 0 0 0
128 631 74 7 Name 0 0 0
89 467 41 4 Name 0 0 0
1799 892 74 4 Name 0 0 0
856 945 14 6 Name 0 0 0
466 1872 16 5 Name 0 0 0
386 243 75 7 Name 0 0 0
837 1553 21 5 Name 0 0 0
617 1550 37 6 Name 0 0 0
1391 187 117 6 Name 0 0 0
1501 138 126 7 Name 0 0 0
80 1690 103 8 Name 0 0 0
1688 371 40 6 Name 0 0 0
354 785 45 4 Name 0 0 0
1657 293 86 5 Name 0 0 0
1451 1302 74 5 Name 0 0 0
1618 755 33 5 Name 0 0 0
1289 1627 98 7 Name 0 0 0
1480 1974 15 7 Name 0 0 0
730 879 50 6 Name 0 0 0
1923 1725 77 7 Name 0 0 0
996 1430 111 4 Name 0 0 0
572 919 90 4 Name 0 0 0
732 1044 69 8 Name 0 0 0
549 1991 55 7 Name 0 0 0
1092 1670 83 5 Name 0 0 0
1201 605 26 5 Name 0 0 0
159 2043 77 6 Name 0 0 0
268 1102 101 8 Name 0 0 0
1789 1925 46 7 Name 0 0 0
468 2004 87 8 Name 0 0 0
740 378 89 7 Name 0 0 0
1465 1245 92 6 Name 0 0 0
98 164 72 8 Name 0 0 0
619 1429 77 8 Name 0 0 0
772 1795 29 8 Name 0 0 0
1087 1040 124 7 Name 0 0 0
1611 1052 44 6 Name 0 0 0
904 1718 48 7 Name 0 0 0
1390 368 99 4 Name 0 0 0
1297 1509 88 6 Name 0 0 0
876 391 128 7 Name 0 0 0
1507 1905 83 7 Name 0 0 0
629 1950 23 5 Name 0 0 0
514 1344 34 4 Name 0 0 0
656 170 14 5 Name 0 0 0
1000 338 58 5 Name 0 0 0
1821 1025 124 5 Name 0 0 0
301 1140 25 8 Name 0 0 0
179 3 99 7 Name 0 0 0
1519 931 108 7 Name 0 0 0
166 1240 43 6 Name 0 0 0
437 515 38 7 Name 0 0 0
772 664 14 4 Name 0 0 0
297 802 116 6 Name 0 0 0
696 420 100 6 Name 0 0 0
1575 976 108 5 Name 0 0 0
423 31 89 7 Name 0 0 0
100 434 60 6 Name 0 0 0
692 32 96 4 Name 0 0 0
437 1746 19 6 Name 0 0 0
518 2047 28 8 Name 0 0 0
320 876 108 4 Name 0 0 0
1949 385 110 5 Name 0 0 0
1351 1917 107 5 Name 0 0 0
1950 771 109 5 Name 0 0 0
2035 1354 113 7 Name 0 0 0
610 940 60 5 Name 0 0 0
103 2022 27 7 Name 0 0 0
1688 1933 8 6 Name 0 0 0
180 1687 21 6 Name 0 0 0
616 1123 70 7 Name 0 0 0
1401 654 109 5 Name 0 0 0
1615 1193 70 5 Name 0 0 0
1087 1133 31 6 Name 0 0 0
1447 204 84 5 Name 0 0 0
1867 1648 60 7 Name 0 0 0
50 1088 82 5 Name 0 0 0
1412 14 37 4 Name 0 0 0
1862 238 99 8 Name 0 0 0
501 703 37 4 Name 0 0 0
2021 1352 13 7 Name 0 0 0
143 902 75 5 Name 0 0 0
187 1553 37 7 Name 0 0 0
830 1954 13 7 Name 0 0 0
497 1079 72 8 Name 0 0 0
1705 933 22 6 Name 0 0 0
437 1583 104 4 Name 0 0 0
520 60 112 7 Name 0 0 0
875 811 41 6 Name 0 0 0
4 1085 69 5 Name 0 0 0
1139 1948 70 6 Name 0 0 0
26 94 57 4 Name 0 0 0
621 1420 78 7 Name 0 0 0
839 1881 18 8 Name 0 0 0
416 1508 97 7 Name 0 0 0
210 1615 112 8 Name 0 0 0
1806 1356 39 5 Name 0 0 0
1626 629 71 4 Name 0 0 0
428 892 32 5 Name 0 0 0
1865 1372 16 6 Name 0 0 0
299 615 26 6 Name 0 0 0
1062 1192 127 5 Name 0 0 0
1473 649 114 5 Name 0 0 0
1105 1180 46 4 Name 0 0 0
492 604 10 5 Name 0 0 0
1618 33 118 6 Name 0 0 0
994 1012 58 6 Name 0 0 0
143 1540 23 7 Name 0 0 0
629 1766 48 5 Name 0 0 0
1099 366 117 4 Name 0 0 0
677 853 95 8 Name 0 0 0
170 138 11 5 Name 0 0 0
1191 352 40 6 Name 0 0 0
513 699 30 5 Name 0 0 0
54 1372 102 7 Name 0 0 0
732 1426 74 4 Name 0 0 0
1309 381 98 7 Name 0 0 0
1291 963 74 4 Name 0 0 0
1078 549 82 7 Name 0 0 0
1073 571 20 4 Name 0 0 0
140 1035 13 5 Name 0 0 0
64 141 45 6 Name 0 0 0
597 1331 65 7 Name 0 0 0
301 1645 80 4 Name 0 0 0
2042 1993 101 7 Name 0 0 0
406 2024 58 4 Name 0 0 0
1431 1311 54 4 Name 0 0 0
1364 1023 22 8 Name 0 0 0
194 1433 95 7 Name 0 0 0
1993 1340 67 6 Name 0 0 0
1077 1371 67 6 Name 0 0 0
252 1001 89 7 Name 0 0 0
1593 73 122 5 Name 0 0 0
444 395 81 5 Name 0 0 0
1759 789 55 5 Name 0 0 0
181 772 75 6 Name 0 0 0
996 740 117 7 Name 0 0 0
191 294 10 4 Name 0 0 0
327 181 87 5 Name 0 0 0
1071 535 75 4 Name 0 0 0
902 2044 98 5 Name 0 0 0
1495 894 25 6 Name 0 0 0
1574 375 13 4 Name 0 0 0
1021 985 114 6 Name 0 0 0
1679 1152 100 6 Name 0 0 0
1869 594 67 7 Name 0 0 0
1275 1679 35 5 Name 0 0 0
708 1125 125 5 Name 0 0 0
548 1120 42 6 Name 0 0 0
267 1183 60 7 Name 0 0 0
154 585 117 6 Name 0 0 0
413 811 91 7 Name 0 0 0
1776 1193 115 7 Name 0 0 0
200 1822 28 6 Name 0 0 0
1651 611 116 5 Name 0 0 0
487 598 109 6 Name 0 0 0
1857 2007 70 5 Name 0 0 0
958 226 92 4 Name 0 0 0
1833 337 103 7 Name 0 0 0
1859 2037 83 5 Name 0 0 0
1554 1223 101 4 Name 0 0 0
601 1997 11 5 Name 0 0 0
1697 1096 51 7 Name 0 0 0
1902 1219 44 5 Name 0 0 0
1949 512 122 6 Name 0 0 0
544 1641 66 5 Name 0 0 0
725 1916 30 7 Name 0 0 0
1196 36 58 7 Name 0 0 0
931 639 37 5 Name 0 0 0
675 523 78 5 Name 0 0 0
1587 1683 51 6 Name 0 0 0
840 621 80 5 Name 0 0 0
1107 1582 64 8 Name 0 0 0
585 631 26 6 Name 0 0 0
1951 179 17 6 Name 0 0 0
636 407 29 7 Name 0 0 0
1626 997 99 6 Name 0 0 0
988 1204 10 5 Name 0 0 0
935 788 75 5 Name 0 0 0
895 1151 14 5 Name 0 0 0
1752 512 90 8 Name 0 0 0
370 1361 36 5 Name 0 0 0
2027 171 85 8 Name 0 0 0
855 71 43 7 Name 0 0 0
327 1461 13 7 Name 0 0 0
141 703 9 4 Name 0 0 0
1033 1852 80 5 Name 0 0 0
1372 1851 87 6 Name 0 0 0
23 489 126 7 Name 0 0 0
1197 1826 77 6 Name 0 0 0
528 324 125 5 Name 0 0 0
858 909 111 5 Name 0 0 0
1403 1510 56 4 Name 0 0 0
1598 14 30 6 Name 0 0 0
1475 707 120 6 Name 0 0 0
20 1780 58 4 Name 0 0 0
2044 1442 33 5 Name 0 0 0
1459 225 9 5 Name 0 0 0
1109 1639 101 5 Name 0 0 0
1158 1930 125 8 Name 0 0 0
1276 822 84 5 Name 0 0 0
914 1087 98 7 Name 0 0 0
132 842 47 6 Name 0 0 0
1399 831 118 4 Name 0 0 0
225 18 103 8 Name 0 0 0
302 1349 124 4 Name 0 0 0
1255 1778 123 6 Name 0 0 0
1507 509 47 6 Name 0 0 0
2 1741 66 5 Name 0 0 0
34 2000 80 6 Name 0 0 0
1548 129 63 4 Name 0 0 0
586 740 120 8 Name 0 0 0
1933 1716 52 6 Name 0 0 0
943 993 61 4 Name 0 0 0
476 114 105 7 Name 0 0 0
926 854 9 8 Name 0 0 0
116 1825 40 6 Name 0 0 0
1841 511 89 5 Name 0 0 0
1980 1485 47 5 Name 0 0 0
1967 2033 95 6 Name 0 0 0
748 336 121 5 Name 0 0 0
1943 1773 100 7 Name 0 0 0
539 1129 51 4 Name 0 0 0
187 978 56 8 Name 0 0 0
851 251 102 5 Name 0 0 0
525 284 73 7 Name 0 0 0
1480 1773 25 5 Name 0 0 0
1423 777 112 7 Name 0 0 0
1128 1361 124 5 Name 0 0 0
1387 1723 102 8 Name 0 0 0
1592 206 47 4 Name 0 0 0
13 1390 21 4 Name 0 0 0
722 1510 108 7 Name 0 0 0
1226 1790 58 7 Name 0 0 0
1772 1620 60 4 Name 0 0 0
149 525 96 4 Name 0 0 0
1306 596 61 4 Name 0 0 0
1108 1464 119 7 Name 0 0 0
1369 734 90 8 Name 0 0 0
619 1313 10 6 Name 0 0 0
1553 593 29 4 Name 0 0 0
1729 1180 114 6 Name 0 0 0
1236 1421 52 5 Name 0 0 0
1805 1635 85 4 Name 0 0 0
1273 1486 48 5 Name 0 0 0
1593 1620 68 5 Name 0 0 0
1961 1577 12 5 Name 0 0 0
1708 483 62 6 Name 0 0 0
803 1094 89 6 Name 0 0 0
1396 308 30 8 Name 0 0 0
600 984 117 5 Name 0 0 0
1473 1957 110 7 Name 0 0 0
1784 1259 85 4 Name 0 0 0
248 1061 47 7 Name 0 0 0
1645 32 90 7 Name 0 0 0
216 550 8 7 Name 0 0 0
2025 1076 46 5 Name 0 0 0
1589 776 24 4 Name 0 0 0
399 915 96 5 Name 0 0 0
1022 366 67 6 Name 0 0 0
297 835 113 6 Name 0 0 0
999 1521 124 7 Name 0 0 0
753 1940 48 5 Name 0 0 0
2041 704 31 4 Name 0 0 0
1116 460 23 6 Name 0 0 0
1170 637 76 8 Name 0 0 0
796 1552 63 7 Name 0 0 0
1728 1267 9 5 Name 0 0 0
1858 1954 37 4 Name 0 0 0
1220 1072 113 7 Name 0 0 0
626 447 20 6 Name 0 0 0
994 606 52 4 Name 0 0 0
46 1463 57 7 Name 0 0 0
2027 621 83 4 Name 0 0 0
1943 1077 25 6 Name 0 0 0
943 1796 49 7 Name 0 0 0
276 396 54 4 Name 0 0 0
1976 1777 94 8 Name 0 0 0
1770 1220 96 6 Name 0 0 0
262 586 125 6 Name 0 0 0
1155 1876 18 8 Name 0 0 0
1831 254 82 7 Name 0 0 0
420 522 88 5 Name 0 0 0
103 1481 108 6 Name 0 0 0
537 1261 71 5 Name 0 0 0
1172 206 82 6 Name 0 0 0
496 614 101 5 Name 0 0 0
1949 1467 24 8 Name 0 0 0
1173 692 42 4 Name 0 0 0
309 1809 123 6 Name 0 0 0
1594 1967 47 7 Name 0 0 0
38 878 111 7 Name 0 0 0
866 272 102 7 Name 0 0 0
1373 1253 9 7 Name 0 0 0
793 293 89 5 Name 0 0 0
1035 790 56 7 Name 0 0 0
1076 1450 94 7 Name 0 0 0
342 350 54 7 Name 0 0 0
1669 1410 64 7 Name 0 0 0
585 150 66 6 Name 0 0 0
1832 241 44 7 Name 0 0 0
211 1572 85 8 Name 0 0 0
1378 1127 72 6 Name 0 0 0
1467 1756 66 7 Name 0 0 0
279 72 20 6 Name 0 0 0
1192 274 80 6 Name 0 0 0
1201 774 120 4 Name 0 0 0
1546 1099 63 7 Name 0 0 0
1284 1027 67 5 Name 0 0 0
575 1639 26 7 Name 0 0 0
1144 814 88 4 Name 0 0 0
118 70 78 7 Name 0 0 0
1733 145 57 5 Name 0 0 0
1083 741 78 6 Name 0 0 0
1363 1337 122 6 Name 0 0 0
289 1607 25 4 Name 0 0 0
316 555 54 8 Name 0 0 0
615 72 100 7 Name 0 0 0
385 163 65 6 Name 0 0 0
639 1362 104 4 Name 0 0 0
1091 2005 61 6 Name 0 0 0
20 888 89 6 Name 0 0 0
1400 190 35 7 Name 0 0 0
1281 200 73 7 Name 0 0 0
591 1463 59 4 Name 0 0 0
66 1023 122 6 Name 0 0 0
1703 317 118 5 Name 0 0 0
396 155 75 5 Name 0 0 0
119 1561 42 6 Name 0 0 0
807 502 99 6 Name 0 0 0
1961 963 110 5 Name 0 0 0
1181 206 85 8 Name 0 0 0
1468 1806 67 5 Name 0 0 0
1239 708 102 7 Name 0 0 0
1316 800 32 7 Name 0 0 0
611 738 25 4 Name 0 0 0
574 155 97 6 Name 0 0 0
1957 618 60 5 Name 0 0 0
794 166 81 5 Name 0 0 0
1433 1686 103 7 Name 0 0 0
1723 256 98 6 Name 0 0 0
1800 87 109 8 Name 0 0 0
1196 106 102 5 Name 0 0 0
594 556 83 5 Name 0 0 0
1130 1579 87 8 Name 0 0 0
167 143 93 7 Name 0 0 0
1553 1618 78 7 Name 0 0 0
683 83 22 4 Name 0 0 0
802 521 42 5 Name 0 0 0
1467 1106 96 6 Name 0 0 0
915 1177 100 7 Name 0 0 0
1662 2009 19 7 Name 0 0 0
1922 95 37 4 Name 0 0 0
519 379 50 4 Name 0 0 0
1456 359 67 8 Name 0 0 0
656 1408 17 4 Name 0 0 0
1502 1946 115 6 Name 0 0 0
x-Min=0
x-Max=2048
y-Min=0
y-Max=2048
min label height=4.0
max label height=8.0
min label width=8.0
max label width=128
