1024
814 573 9 4 Name 0 0 0
79 133 4 3 Name 0 0 0
448 309 13 3 Name 0 0 0
1021 442 12 2 Name 0 0 0
496 999 4 3 Name 0 0 0
388 451 11 2 Name 0 0 0
710 730 14 2 Name 0 0 0
403 842 15 3 Name 0 0 0
30 797 13 3 Name 0 0 0
244 1009 9 2 Name 0 0 0
701 631 16 3 Name 0 0 0
940 480 7 3 Name 0 0 0
30 578 5 2 Name 0 0 0
500 660 13 3 Name 0 0 0
820 290 8 3 Name 0 0 0
477 550 9 3 Name 0 0 0
701 854 10 4 Name 0 0 0
580 674 11 3 Name 0 0 0
895 799 15 2 Name 0 0 0
233 599 11 3 Name 0 0 0
658 367 5 3 Name 0 0 0
310 952 16 3 Name 0 0 0
705 762 4 3 Name 0 0 0
94 449 10 2 Name 0 0 0
827 436 12 4 Name 0 0 0
731 871 12 4 Name 0 0 0
450 732 15 2 Name 0 0 0
318 431 14 4 Name 0 0 0
733 511 16 3 Name 0 0 0
378 686 4 2 Name 0 0 0
693 652 11 4 Name 0 0 0
347 485 9 4 Name 0 0 0
205 662 6 3 Name 0 0 0
296 364 6 4 Name 0 0 0
519 458 6 4 Name 0 0 0
497 301 9 4 Name 0 0 0
838 356 11 2 Name 0 0 0
195 877 16 3 Name 0 0 0
389 389 13 3 Name 0 0 0
678 69 10 2 Name 0 0 0
86 1018 8 2 Name 0 0 0
654 570 12 4 Name 0 0 0
349 868 5 3 Name 0 0 0
896 103 7 4 Name 0 0 0
227 293 8 2 Name 0 0 0
560 659 9 4 Name 0 0 0
170 172 10 2 Name 0 0 0
706 165 7 3 Name 0 0 0
169 491 13 2 Name 0 0 0
740 504 10 3 Name 0 0 0
301 72 12 3 Name 0 0 0
686 982 8 3 Name 0 0 0
706 206 9 3 Name 0 0 0
742 806 13 4 Name 0 0 0
232 894 15 3 Name 0 0 0
344 974 7 2 Name 0 0 0
69 701 14 4 Name 0 0 0
599 299 5 4 Name 0 0 0
558 646 14 3 Name 0 0 0
391 306 14 2 Name 0 0 0
742 900 7 4 Name 0 0 0
486 282 16 3 Name 0 0 0
352 429 10 3 Name 0 0 0
219 959 11 3 Name 0 0 0
335 732 5 3 Name 0 0 0
858 315 14 4 Name 0 0 0
406 587 12 3 Name 0 0 0
138 537 12 2 Name 0 0 0
548 109 7 4 Name 0 0 0
512 608 14 4 Name 0 0 0
28 3 4 2 Name 0 0 0
438 791 7 3 Name 0 0 0
828 731 5 3 Name 0 0 0
437 126 15 4 Name 0 0 0
842 359 5 4 Name 0 0 0
348 347 10 3 Name 0 0 0
695 802 13 3 Name 0 0 0
193 622 7 2 Name 0 0 0
636 598 14 3 Name 0 0 0
954 1018 7 3 Name 0 0 0
586 557 10 2 Name 0 0 0
941 966 7 4 Name 0 0 0
272 710 8 3 Name 0 0 0
502 711 14 3 Name 0 0 0
99 603 5 4 Name 0 0 0
319 551 16 4 Name 0 0 0
852 347 11 3 Name 0 0 0
300 352 10 4 Name 0 0 0
486 212 11 3 Name 0 0 0
818 679 9 2 Name 0 0 0
174 275 16 3 Name 0 0 0
108 537 7 3 Name 0 0 0
333 394 8 2 Name 0 0 0
108 509 13 3 Name 0 0 0
36 872 7 3 Name 0 0 0
691 1018 16 4 Name 0 0 0
198 511 4 3 Name 0 0 0
75 12 7 4 Name 0 0 0
483 143 9 3 Name 0 0 0
520 715 9 3 Name 0 0 0
404 508 14 4 Name 0 0 0
573 113 5 3 Name 0 0 0
683 127 13 3 Name 0 0 0
618 533 14 2 Name 0 0 0
773 728 12 3 Name 0 0 0
79 39 13 3 Name 0 0 0
779 534 9 3 Name 0 0 0
686 760 15 4 Name 0 0 0
161 211 15 2 Name 0 0 0
70 716 11 4 Name 0 0 0
630 390 10 4 Name 0 0 0
579 372 15 3 Name 0 0 0
188 688 11 3 Name 0 0 0
985 639 8 3 Name 0 0 0
184 362 8 3 Name 0 0 0
473 363 12 4 Name 0 0 0
994 761 7 2 Name 0 0 0
143 0 13 3 Name 0 0 0
529 547 11 2 Name 0 0 0
127 404 9 2 Name 0 0 0
109 554 15 2 Name 0 0 0
760 596 8 3 Name 0 0 0
952 515 7 3 Name 0 0 0
18 73 16 2 Name 0 0 0
239 180 5 3 Name 0 0 0
341 73 11 3 Name 0 0 0
707 204 8 4 Name 0 0 0
216 74 10 3 Name 0 0 0
590 875 12 3 Name 0 0 0
399 470 8 3 Name 0 0 0
913 375 5 4 Name 0 0 0
177 1017 6 3 Name 0 0 0
65 34 11 2 Name 0 0 0
723 83 6 3 Name 0 0 0
844 698 15 4 Name 0 0 0
595 467 15 4 Name 0 0 0
814 883 5 3 Name 0 0 0
478 533 16 4 Name 0 0 0
13 60 16 2 Name 0 0 0
585 95 5 3 Name 0 0 0
129 157 16 3 Name 0 0 0
206 597 6 3 Name 0 0 0
768 262 7 3 Name 0 0 0
309 800 6 3 Name 0 0 0
902 659 9 2 Name 0 0 0
309 737 7 3 Name 0 0 0
659 67 5 4 Name 0 0 0
650 14 11 3 Name 0 0 0
140 464 9 3 Name 0 0 0
559 655 8 4 Name 0 0 0
307 35 15 3 Name 0 0 0
219 345 8 4 Name 0 0 0
325 755 10 4 Name 0 0 0
502 266 9 4 Name 0 0 0
76 236 10 2 Name 0 0 0
694 284 15 3 Name 0 0 0
955 567 12 3 Name 0 0 0
946 521 7 3 Name 0 0 0
844 39 8 3 Name 0 0 0
244 268 6 3 Name 0 0 0
608 30 7 3 Name 0 0 0
496 959 5 4 Name 0 0 0
17 568 15 3 Name 0 0 0
634 814 8 2 Name 0 0 0
457 105 12 4 Name 0 0 0
789 959 14 3 Name 0 0 0
254 394 16 3 Name 0 0 0
482 214 10 2 Name 0 0 0
973 783 6 2 Name 0 0 0
555 872 7 2 Name 0 0 0
697 432 10 3 Name 0 0 0
869 655 6 3 Name 0 0 0
222 88 8 3 Name 0 0 0
369 602 15 3 Name 0 0 0
973 610 16 4 Name 0 0 0
972 248 12 2 Name 0 0 0
134 160 4 3 Name 0 0 0
47 825 7 2 Name 0 0 0
29 401 14 4 Name 0 0 0
773 799 5 4 Name 0 0 0
561 595 8 3 Name 0 0 0
604 533 12 3 Name 0 0 0
811 690 9 3 Name 0 0 0
56 562 7 2 Name 0 0 0
47 269 16 2 Name 0 0 0
303 823 5 2 Name 0 0 0
127 708 14 2 Name 0 0 0
296 716 11 3 Name 0 0 0
191 373 11 4 Name 0 0 0
282 476 13 4 Name 0 0 0
679 811 13 3 Name 0 0 0
871 387 5 3 Name 0 0 0
842 341 8 3 Name 0 0 0
786 302 13 3 Name 0 0 0
678 600 8 3 Name 0 0 0
850 106 14 4 Name 0 0 0
143 349 12 3 Name 0 0 0
408 514 8 3 Name 0 0 0
186 318 15 4 Name 0 0 0
846 805 13 2 Name 0 0 0
61 519 8 2 Name 0 0 0
13 457 11 3 Name 0 0 0
89 568 6 3 Name 0 0 0
822 745 13 3 Name 0 0 0
862 580 8 3 Name 0 0 0
507 25 8 3 Name 0 0 0
330 409 11 4 Name 0 0 0
313 934 15 4 Name 0 0 0
980 259 12 3 Name 0 0 0
525 784 5 3 Name 0 0 0
480 853 5 3 Name 0 0 0
42 708 16 3 Name 0 0 0
503 410 5 3 Name 0 0 0
783 783 5 3 Name 0 0 0
547 42 6 3 Name 0 0 0
947 510 12 3 Name 0 0 0
610 979 13 3 Name 0 0 0
219 521 5 4 Name 0 0 0
464 785 12 2 Name 0 0 0
795 467 13 3 Name 0 0 0
398 189 12 3 Name 0 0 0
564 95 6 3 Name 0 0 0
515 964 14 2 Name 0 0 0
14 743 5 4 Name 0 0 0
181 515 6 3 Name 0 0 0
161 222 9 4 Name 0 0 0
103 402 11 3 Name 0 0 0
627 419 13 4 Name 0 0 0
821 62 11 3 Name 0 0 0
18 526 6 3 Name 0 0 0
228 463 16 4 Name 0 0 0
464 436 7 3 Name 0 0 0
893 57 15 4 Name 0 0 0
365 712 6 2 Name 0 0 0
991 680 13 3 Name 0 0 0
408 200 16 2 Name 0 0 0
831 495 9 4 Name 0 0 0
856 298 7 3 Name 0 0 0
888 706 13 2 Name 0 0 0
919 7 7 2 Name 0 0 0
201 241 12 3 Name 0 0 0
721 514 16 3 Name 0 0 0
242 131 11 2 Name 0 0 0
599 98 13 3 Name 0 0 0
735 770 15 2 Name 0 0 0
157 378 9 3 Name 0 0 0
842 362 13 3 Name 0 0 0
55 356 4 2 Name 0 0 0
323 690 9 3 Name 0 0 0
277 806 12 4 Name 0 0 0
684 873 11 4 Name 0 0 0
375 537 11 4 Name 0 0 0
239 570 9 3 Name 0 0 0
108 282 14 3 Name 0 0 0
224 658 6 3 Name 0 0 0
733 821 8 3 Name 0 0 0
763 492 11 4 Name 0 0 0
700 771 11 3 Name 0 0 0
275 271 8 3 Name 0 0 0
931 783 15 3 Name 0 0 0
83 385 5 3 Name 0 0 0
760 397 9 3 Name 0 0 0
19 216 6 3 Name 0 0 0
825 24 11 4 Name 0 0 0
851 437 8 2 Name 0 0 0
156 491 8 4 Name 0 0 0
638 509 10 3 Name 0 0 0
432 762 7 2 Name 0 0 0
640 260 15 3 Name 0 0 0
632 921 11 3 Name 0 0 0
491 884 4 4 Name 0 0 0
126 809 5 3 Name 0 0 0
544 916 15 2 Name 0 0 0
580 112 7 3 Name 0 0 0
346 212 14 3 Name 0 0 0
456 876 11 3 Name 0 0 0
87 796 10 4 Name 0 0 0
996 149 12 4 Name 0 0 0
939 788 9 3 Name 0 0 0
480 65 10 3 Name 0 0 0
277 296 14 3 Name 0 0 0
873 997 12 3 Name 0 0 0
613 588 5 3 Name 0 0 0
424 178 12 4 Name 0 0 0
904 59 13 3 Name 0 0 0
679 34 14 3 Name 0 0 0
117 300 15 3 Name 0 0 0
251 771 16 3 Name 0 0 0
800 161 5 3 Name 0 0 0
491 538 13 2 Name 0 0 0
140 54 13 3 Name 0 0 0
147 478 7 2 Name 0 0 0
771 669 11 3 Name 0 0 0
887 352 6 3 Name 0 0 0
637 720 11 4 Name 0 0 0
849 247 9 4 Name 0 0 0
588 1004 15 3 Name 0 0 0
830 216 6 3 Name 0 0 0
64 987 5 3 Name 0 0 0
563 969 10 3 Name 0 0 0
957 300 4 2 Name 0 0 0
85 867 10 4 Name 0 0 0
847 311 11 4 Name 0 0 0
466 592 6 4 Name 0 0 0
140 931 13 3 Name 0 0 0
186 660 7 4 Name 0 0 0
185 425 15 3 Name 0 0 0
857 390 4 3 Name 0 0 0
763 506 13 3 Name 0 0 0
920 912 15 4 Name 0 0 0
499 299 11 3 Name 0 0 0
645 585 12 3 Name 0 0 0
855 846 11 4 Name 0 0 0
263 309 8 3 Name 0 0 0
545 325 11 3 Name 0 0 0
294 975 10 2 Name 0 0 0
532 694 12 3 Name 0 0 0
839 253 11 2 Name 0 0 0
241 183 15 3 Name 0 0 0
647 425 10 4 Name 0 0 0
35 602 4 4 Name 0 0 0
730 401 8 2 Name 0 0 0
500 445 14 2 Name 0 0 0
722 754 13 3 Name 0 0 0
654 840 9 2 Name 0 0 0
159 494 4 4 Name 0 0 0
855 482 12 3 Name 0 0 0
472 259 10 2 Name 0 0 0
373 636 11 3 Name 0 0 0
479 985 8 3 Name 0 0 0
369 744 4 4 Name 0 0 0
893 650 12 4 Name 0 0 0
872 553 12 3 Name 0 0 0
422 13 13 3 Name 0 0 0
287 998 14 2 Name 0 0 0
785 341 11 2 Name 0 0 0
269 787 15 4 Name 0 0 0
818 800 11 3 Name 0 0 0
460 320 12 3 Name 0 0 0
472 99 7 3 Name 0 0 0
706 302 10 3 Name 0 0 0
271 55 5 3 Name 0 0 0
217 1017 5 4 Name 0 0 0
126 162 10 3 Name 0 0 0
378 881 14 2 Name 0 0 0
526 252 6 2 Name 0 0 0
189 683 7 2 Name 0 0 0
824 788 11 2 Name 0 0 0
753 173 14 2 Name 0 0 0
304 784 14 3 Name 0 0 0
339 476 10 3 Name 0 0 0
866 864 10 3 Name 0 0 0
52 10 4 4 Name 0 0 0
101 462 14 2 Name 0 0 0
335 87 8 4 Name 0 0 0
781 468 14 2 Name 0 0 0
753 296 7 3 Name 0 0 0
394 961 5 4 Name 0 0 0
861 265 14 3 Name 0 0 0
567 629 13 4 Name 0 0 0
998 162 15 3 Name 0 0 0
276 285 9 3 Name 0 0 0
485 82 10 4 Name 0 0 0
441 192 6 2 Name 0 0 0
341 771 9 3 Name 0 0 0
559 367 6 2 Name 0 0 0
260 543 4 3 Name 0 0 0
328 987 8 3 Name 0 0 0
985 1007 15 3 Name 0 0 0
517 137 10 4 Name 0 0 0
351 94 15 2 Name 0 0 0
660 369 5 3 Name 0 0 0
378 856 12 3 Name 0 0 0
823 220 10 4 Name 0 0 0
816 618 15 2 Name 0 0 0
664 414 15 4 Name 0 0 0
624 957 6 4 Name 0 0 0
202 27 13 2 Name 0 0 0
1016 620 15 3 Name 0 0 0
340 397 15 4 Name 0 0 0
363 231 14 2 Name 0 0 0
168 870 7 2 Name 0 0 0
364 238 13 3 Name 0 0 0
688 394 4 3 Name 0 0 0
791 559 4 2 Name 0 0 0
339 168 15 3 Name 0 0 0
237 844 8 3 Name 0 0 0
110 380 12 4 Name 0 0 0
237 692 15 4 Name 0 0 0
483 261 10 3 Name 0 0 0
924 576 13 4 Name 0 0 0
735 862 7 2 Name 0 0 0
410 445 15 2 Name 0 0 0
853 392 16 3 Name 0 0 0
406 314 7 4 Name 0 0 0
688 156 8 3 Name 0 0 0
840 84 6 3 Name 0 0 0
768 706 9 3 Name 0 0 0
862 583 14 2 Name 0 0 0
429 967 15 3 Name 0 0 0
823 455 14 2 Name 0 0 0
727 882 16 3 Name 0 0 0
115 375 16 2 Name 0 0 0
794 130 10 3 Name 0 0 0
989 561 8 4 Name 0 0 0
585 936 14 3 Name 0 0 0
52 184 7 3 Name 0 0 0
705 913 15 3 Name 0 0 0
555 1019 9 4 Name 0 0 0
353 428 9 4 Name 0 0 0
103 942 15 2 Name 0 0 0
353 742 9 2 Name 0 0 0
442 758 9 3 Name 0 0 0
1002 506 8 4 Name 0 0 0
947 11 5 4 Name 0 0 0
879 43 10 4 Name 0 0 0
769 101 15 2 Name 0 0 0
130 27 15 3 Name 0 0 0
997 505 13 3 Name 0 0 0
705 185 12 4 Name 0 0 0
498 230 13 3 Name 0 0 0
471 709 11 3 Name 0 0 0
514 107 9 3 Name 0 0 0
310 10 8 3 Name 0 0 0
76 943 7 4 Name 0 0 0
843 310 5 3 Name 0 0 0
755 72 12 3 Name 0 0 0
347 270 13 4 Name 0 0 0
383 197 12 3 Name 0 0 0
145 428 9 2 Name 0 0 0
878 840 6 3 Name 0 0 0
793 423 9 3 Name 0 0 0
900 873 15 2 Name 0 0 0
309 499 15 4 Name 0 0 0
539 362 12 3 Name 0 0 0
6 532 10 3 Name 0 0 0
685 530 10 4 Name 0 0 0
1021 462 16 3 Name 0 0 0
996 628 15 3 Name 0 0 0
140 966 14 4 Name 0 0 0
313 101 9 3 Name 0 0 0
935 877 6 3 Name 0 0 0
311 765 9 2 Name 0 0 0
5 385 10 4 Name 0 0 0
671 649 15 3 Name 0 0 0
86 524 12 3 Name 0 0 0
731 817 5 3 Name 0 0 0
710 986 6 3 Name 0 0 0
155 670 14 4 Name 0 0 0
85 744 10 3 Name 0 0 0
130 68 6 3 Name 0 0 0
982 282 6 4 Name 0 0 0
145 196 16 3 Name 0 0 0
52 865 14 2 Name 0 0 0
221 899 6 2 Name 0 0 0
734 538 16 3 Name 0 0 0
570 510 6 4 Name 0 0 0
461 554 4 3 Name 0 0 0
93 509 5 2 Name 0 0 0
280 240 12 4 Name 0 0 0
533 816 10 3 Name 0 0 0
206 478 5 3 Name 0 0 0
522 655 7 2 Name 0 0 0
960 521 10 4 Name 0 0 0
1011 552 14 4 Name 0 0 0
555 53 14 3 Name 0 0 0
266 508 5 2 Name 0 0 0
940 187 15 3 Name 0 0 0
581 361 8 3 Name 0 0 0
788 16 6 3 Name 0 0 0
707 315 12 3 Name 0 0 0
129 814 13 3 Name 0 0 0
485 487 15 4 Name 0 0 0
258 2 12 3 Name 0 0 0
822 900 13 2 Name 0 0 0
915 156 15 3 Name 0 0 0
591 110 13 3 Name 0 0 0
699 428 12 4 Name 0 0 0
4 597 6 2 Name 0 0 0
259 663 4 4 Name 0 0 0
446 690 4 3 Name 0 0 0
613 559 12 2 Name 0 0 0
848 603 6 3 Name 0 0 0
841 848 7 3 Name 0 0 0
128 33 14 4 Name 0 0 0
663 429 12 2 Name 0 0 0
860 814 7 4 Name 0 0 0
961 509 13 3 Name 0 0 0
803 210 6 3 Name 0 0 0
805 542 14 3 Name 0 0 0
368 437 5 3 Name 0 0 0
906 232 7 2 Name 0 0 0
820 294 11 4 Name 0 0 0
686 366 9 2 Name 0 0 0
799 469 6 4 Name 0 0 0
39 160 13 2 Name 0 0 0
403 25 16 2 Name 0 0 0
185 744 11 2 Name 0 0 0
770 805 9 2 Name 0 0 0
745 273 10 4 Name 0 0 0
951 384 14 3 Name 0 0 0
882 342 12 3 Name 0 0 0
739 994 14 3 Name 0 0 0
462 481 15 3 Name 0 0 0
616 280 15 4 Name 0 0 0
142 735 9 3 Name 0 0 0
773 600 6 4 Name 0 0 0
3 634 5 4 Name 0 0 0
818 494 15 3 Name 0 0 0
230 131 8 3 Name 0 0 0
391 182 16 4 Name 0 0 0
519 372 5 2 Name 0 0 0
369 5 6 4 Name 0 0 0
670 56 11 2 Name 0 0 0
850 232 11 3 Name 0 0 0
212 824 13 2 Name 0 0 0
395 57 14 2 Name 0 0 0
144 785 15 2 Name 0 0 0
1010 803 14 3 Name 0 0 0
590 699 15 3 Name 0 0 0
820 612 5 3 Name 0 0 0
378 769 13 4 Name 0 0 0
885 715 12 3 Name 0 0 0
125 46 10 3 Name 0 0 0
848 114 4 3 Name 0 0 0
597 79 12 2 Name 0 0 0
664 368 6 2 Name 0 0 0
310 883 5 4 Name 0 0 0
593 833 9 2 Name 0 0 0
1 876 13 3 Name 0 0 0
146 490 14 4 Name 0 0 0
1020 44 16 3 Name 0 0 0
824 387 12 3 Name 0 0 0
90 1 9 4 Name 0 0 0
1010 926 8 2 Name 0 0 0
852 840 16 3 Name 0 0 0
1010 1010 9 2 Name 0 0 0
903 348 8 2 Name 0 0 0
629 149 9 4 Name 0 0 0
1020 392 7 3 Name 0 0 0
415 172 7 4 Name 0 0 0
794 504 13 3 Name 0 0 0
126 271 4 2 Name 0 0 0
589 128 9 4 Name 0 0 0
946 658 11 3 Name 0 0 0
479 26 14 3 Name 0 0 0
461 201 8 3 Name 0 0 0
73 945 13 3 Name 0 0 0
506 916 10 4 Name 0 0 0
69 747 14 3 Name 0 0 0
26 594 12 2 Name 0 0 0
996 668 5 2 Name 0 0 0
916 11 15 2 Name 0 0 0
618 48 7 3 Name 0 0 0
502 755 4 3 Name 0 0 0
320 603 8 2 Name 0 0 0
361 357 4 4 Name 0 0 0
325 802 9 3 Name 0 0 0
496 745 12 4 Name 0 0 0
8 393 6 2 Name 0 0 0
499 524 14 4 Name 0 0 0
496 932 13 2 Name 0 0 0
926 421 9 2 Name 0 0 0
930 585 15 3 Name 0 0 0
716 338 8 2 Name 0 0 0
797 883 10 2 Name 0 0 0
342 275 13 2 Name 0 0 0
85 746 15 3 Name 0 0 0
13 901 14 2 Name 0 0 0
480 683 4 4 Name 0 0 0
807 972 14 2 Name 0 0 0
619 440 11 3 Name 0 0 0
298 155 12 4 Name 0 0 0
363 310 5 3 Name 0 0 0
409 196 10 3 Name 0 0 0
190 74 14 2 Name 0 0 0
303 704 12 3 Name 0 0 0
925 466 13 3 Name 0 0 0
876 466 10 3 Name 0 0 0
184 614 9 3 Name 0 0 0
717 32 4 2 Name 0 0 0
16 815 6 3 Name 0 0 0
980 349 8 2 Name 0 0 0
801 782 6 3 Name 0 0 0
844 769 10 3 Name 0 0 0
907 260 8 4 Name 0 0 0
720 363 6 4 Name 0 0 0
403 70 15 3 Name 0 0 0
557 301 16 4 Name 0 0 0
438 892 6 4 Name 0 0 0
784 456 15 4 Name 0 0 0
829 8 6 3 Name 0 0 0
746 480 8 3 Name 0 0 0
633 335 4 3 Name 0 0 0
654 585 4 2 Name 0 0 0
162 978 11 3 Name 0 0 0
965 310 10 3 Name 0 0 0
430 84 11 4 Name 0 0 0
167 597 6 4 Name 0 0 0
664 949 7 3 Name 0 0 0
913 665 11 2 Name 0 0 0
557 840 5 2 Name 0 0 0
15 116 12 3 Name 0 0 0
286 692 13 4 Name 0 0 0
729 63 9 3 Name 0 0 0
75 262 7 4 Name 0 0 0
453 132 5 2 Name 0 0 0
570 670 13 3 Name 0 0 0
312 658 12 3 Name 0 0 0
680 202 6 3 Name 0 0 0
817 201 9 4 Name 0 0 0
726 864 12 3 Name 0 0 0
1017 646 16 3 Name 0 0 0
4 25 15 4 Name 0 0 0
944 799 6 4 Name 0 0 0
350 217 8 2 Name 0 0 0
287 533 8 2 Name 0 0 0
859 564 11 4 Name 0 0 0
548 997 9 3 Name 0 0 0
413 886 11 3 Name 0 0 0
47 103 15 3 Name 0 0 0
600 219 15 3 Name 0 0 0
860 260 15 3 Name 0 0 0
64 90 15 3 Name 0 0 0
124 647 9 3 Name 0 0 0
745 1012 14 3 Name 0 0 0
209 273 10 2 Name 0 0 0
399 376 5 3 Name 0 0 0
263 597 12 2 Name 0 0 0
685 194 4 3 Name 0 0 0
530 261 7 4 Name 0 0 0
278 446 11 2 Name 0 0 0
991 297 7 3 Name 0 0 0
816 340 11 3 Name 0 0 0
294 376 7 3 Name 0 0 0
916 95 15 2 Name 0 0 0
970 648 14 3 Name 0 0 0
957 712 9 3 Name 0 0 0
815 292 9 2 Name 0 0 0
436 711 14 3 Name 0 0 0
512 401 11 4 Name 0 0 0
232 80 7 3 Name 0 0 0
302 643 9 3 Name 0 0 0
754 73 11 3 Name 0 0 0
566 934 8 2 Name 0 0 0
275 880 8 2 Name 0 0 0
471 714 10 2 Name 0 0 0
795 885 8 4 Name 0 0 0
151 18 8 3 Name 0 0 0
222 936 5 2 Name 0 0 0
981 100 4 3 Name 0 0 0
701 598 12 2 Name 0 0 0
476 468 15 2 Name 0 0 0
1009 54 15 3 Name 0 0 0
651 109 13 3 Name 0 0 0
162 848 15 4 Name 0 0 0
374 507 10 3 Name 0 0 0
417 498 15 2 Name 0 0 0
23 436 7 3 Name 0 0 0
65 573 16 3 Name 0 0 0
197 589 5 3 Name 0 0 0
636 240 5 3 Name 0 0 0
251 896 13 3 Name 0 0 0
110 952 4 3 Name 0 0 0
43 254 13 4 Name 0 0 0
472 37 11 4 Name 0 0 0
826 105 5 3 Name 0 0 0
980 205 15 4 Name 0 0 0
375 278 8 4 Name 0 0 0
362 489 5 3 Name 0 0 0
125 151 5 4 Name 0 0 0
513 610 13 2 Name 0 0 0
576 567 9 2 Name 0 0 0
636 903 16 2 Name 0 0 0
859 616 4 4 Name 0 0 0
941 299 9 3 Name 0 0 0
199 829 6 2 Name 0 0 0
361 444 15 4 Name 0 0 0
534 607 8 3 Name 0 0 0
257 239 9 4 Name 0 0 0
171 558 4 3 Name 0 0 0
316 762 5 4 Name 0 0 0
533 828 16 3 Name 0 0 0
553 977 11 3 Name 0 0 0
195 147 16 3 Name 0 0 0
452 536 10 4 Name 0 0 0
127 927 7 3 Name 0 0 0
324 985 6 2 Name 0 0 0
326 93 4 3 Name 0 0 0
60 654 6 2 Name 0 0 0
435 617 10 4 Name 0 0 0
753 276 12 3 Name 0 0 0
455 915 4 4 Name 0 0 0
520 159 11 4 Name 0 0 0
757 903 7 3 Name 0 0 0
433 1022 9 3 Name 0 0 0
763 337 10 4 Name 0 0 0
652 564 5 4 Name 0 0 0
586 512 6 4 Name 0 0 0
710 49 14 3 Name 0 0 0
496 551 9 4 Name 0 0 0
642 647 7 3 Name 0 0 0
346 992 13 3 Name 0 0 0
457 909 8 3 Name 0 0 0
423 443 14 3 Name 0 0 0
208 916 11 4 Name 0 0 0
732 65 7 3 Name 0 0 0
903 223 14 4 Name 0 0 0
104 272 10 3 Name 0 0 0
915 245 11 3 Name 0 0 0
401 904 7 3 Name 0 0 0
617 639 4 3 Name 0 0 0
410 12 8 3 Name 0 0 0
333 431 4 3 Name 0 0 0
235 666 13 4 Name 0 0 0
624 613 8 4 Name 0 0 0
977 350 6 3 Name 0 0 0
743 1016 13 3 Name 0 0 0
246 907 7 4 Name 0 0 0
926 576 13 3 Name 0 0 0
459 882 10 3 Name 0 0 0
1016 706 10 3 Name 0 0 0
230 452 10 2 Name 0 0 0
449 149 7 4 Name 0 0 0
243 37 11 2 Name 0 0 0
452 1014 14 3 Name 0 0 0
560 742 7 2 Name 0 0 0
929 806 14 4 Name 0 0 0
485 370 13 3 Name 0 0 0
992 682 13 4 Name 0 0 0
243 990 7 2 Name 0 0 0
762 863 8 4 Name 0 0 0
59 454 7 4 Name 0 0 0
466 966 12 4 Name 0 0 0
217 721 10 2 Name 0 0 0
319 347 10 3 Name 0 0 0
3 343 16 2 Name 0 0 0
514 331 8 4 Name 0 0 0
212 280 4 4 Name 0 0 0
920 334 8 4 Name 0 0 0
49 838 14 3 Name 0 0 0
178 209 13 2 Name 0 0 0
839 288 14 3 Name 0 0 0
1009 412 13 2 Name 0 0 0
747 524 13 3 Name 0 0 0
409 783 9 3 Name 0 0 0
753 57 8 3 Name 0 0 0
84 275 4 3 Name 0 0 0
694 154 13 3 Name 0 0 0
714 401 14 4 Name 0 0 0
213 866 12 3 Name 0 0 0
676 24 9 3 Name 0 0 0
584 520 11 2 Name 0 0 0
214 358 13 4 Name 0 0 0
173 262 8 4 Name 0 0 0
653 267 9 3 Name 0 0 0
583 945 12 3 Name 0 0 0
170 594 6 3 Name 0 0 0
214 837 13 4 Name 0 0 0
13 988 5 2 Name 0 0 0
695 495 11 2 Name 0 0 0
349 194 5 2 Name 0 0 0
735 1013 7 2 Name 0 0 0
75 935 15 3 Name 0 0 0
4 605 8 3 Name 0 0 0
612 249 6 2 Name 0 0 0
32 658 15 4 Name 0 0 0
17 969 11 4 Name 0 0 0
874 7 16 3 Name 0 0 0
496 40 6 2 Name 0 0 0
171 375 13 4 Name 0 0 0
925 3 14 3 Name 0 0 0
507 627 9 2 Name 0 0 0
96 833 8 3 Name 0 0 0
817 160 10 3 Name 0 0 0
103 510 13 4 Name 0 0 0
978 147 4 2 Name 0 0 0
444 901 16 3 Name 0 0 0
239 678 15 2 Name 0 0 0
208 188 10 3 Name 0 0 0
840 723 13 4 Name 0 0 0
388 995 11 3 Name 0 0 0
745 193 4 4 Name 0 0 0
530 682 5 3 Name 0 0 0
521 40 6 3 Name 0 0 0
656 576 10 4 Name 0 0 0
254 1005 6 2 Name 0 0 0
722 389 15 3 Name 0 0 0
598 886 15 3 Name 0 0 0
37 651 11 2 Name 0 0 0
591 877 11 3 Name 0 0 0
110 168 12 2 Name 0 0 0
791 737 9 3 Name 0 0 0
734 758 9 4 Name 0 0 0
614 312 9 3 Name 0 0 0
536 358 10 2 Name 0 0 0
1017 237 15 4 Name 0 0 0
293 640 11 4 Name 0 0 0
16 276 12 2 Name 0 0 0
659 215 6 3 Name 0 0 0
916 935 5 2 Name 0 0 0
752 341 13 4 Name 0 0 0
436 278 9 3 Name 0 0 0
326 504 4 3 Name 0 0 0
690 953 13 4 Name 0 0 0
881 228 11 4 Name 0 0 0
44 332 5 2 Name 0 0 0
199 816 11 4 Name 0 0 0
800 471 7 3 Name 0 0 0
604 385 8 2 Name 0 0 0
931 836 9 3 Name 0 0 0
528 461 9 4 Name 0 0 0
559 152 13 4 Name 0 0 0
289 338 5 3 Name 0 0 0
941 212 11 2 Name 0 0 0
921 35 13 3 Name 0 0 0
338 215 8 4 Name 0 0 0
304 216 14 2 Name 0 0 0
609 660 10 3 Name 0 0 0
172 815 10 4 Name 0 0 0
415 616 6 4 Name 0 0 0
347 399 4 2 Name 0 0 0
54 596 15 3 Name 0 0 0
762 552 15 3 Name 0 0 0
67 538 16 3 Name 0 0 0
614 90 11 4 Name 0 0 0
605 579 10 3 Name 0 0 0
800 905 16 3 Name 0 0 0
362 950 13 3 Name 0 0 0
750 745 7 2 Name 0 0 0
808 88 14 2 Name 0 0 0
618 85 5 3 Name 0 0 0
1000 596 6 3 Name 0 0 0
572 593 8 4 Name 0 0 0
667 416 9 3 Name 0 0 0
370 687 10 2 Name 0 0 0
556 48 14 2 Name 0 0 0
674 393 14 3 Name 0 0 0
880 739 6 3 Name 0 0 0
986 962 8 3 Name 0 0 0
432 422 8 3 Name 0 0 0
525 803 5 4 Name 0 0 0
261 824 16 3 Name 0 0 0
138 339 15 2 Name 0 0 0
8 40 14 3 Name 0 0 0
106 320 7 4 Name 0 0 0
836 521 13 3 Name 0 0 0
947 8 11 4 Name 0 0 0
396 606 11 3 Name 0 0 0
908 1013 6 4 Name 0 0 0
986 816 9 4 Name 0 0 0
54 661 5 4 Name 0 0 0
568 881 5 2 Name 0 0 0
792 479 15 4 Name 0 0 0
68 935 9 2 Name 0 0 0
956 84 6 3 Name 0 0 0
1023 778 11 3 Name 0 0 0
869 797 8 3 Name 0 0 0
40 10 11 3 Name 0 0 0
803 12 12 2 Name 0 0 0
49 448 7 3 Name 0 0 0
229 24 6 4 Name 0 0 0
32 305 15 3 Name 0 0 0
165 102 8 4 Name 0 0 0
549 360 12 3 Name 0 0 0
576 871 10 3 Name 0 0 0
922 851 10 4 Name 0 0 0
799 33 11 2 Name 0 0 0
110 128 13 3 Name 0 0 0
676 156 13 3 Name 0 0 0
388 459 9 2 Name 0 0 0
770 260 6 4 Name 0 0 0
905 153 4 2 Name 0 0 0
239 844 7 4 Name 0 0 0
954 970 13 3 Name 0 0 0
1020 361 6 4 Name 0 0 0
873 470 5 3 Name 0 0 0
76 846 7 4 Name 0 0 0
240 91 16 3 Name 0 0 0
68 152 6 3 Name 0 0 0
834 699 13 3 Name 0 0 0
864 711 7 3 Name 0 0 0
251 817 7 2 Name 0 0 0
465 167 4 2 Name 0 0 0
47 181 5 4 Name 0 0 0
341 199 10 3 Name 0 0 0
619 349 13 2 Name 0 0 0
654 653 15 3 Name 0 0 0
18 668 5 3 Name 0 0 0
922 620 14 3 Name 0 0 0
375 619 5 3 Name 0 0 0
196 785 9 3 Name 0 0 0
376 696 6 2 Name 0 0 0
587 28 6 3 Name 0 0 0
243 850 12 4 Name 0 0 0
989 863 14 4 Name 0 0 0
701 129 8 3 Name 0 0 0
440 586 13 3 Name 0 0 0
737 740 7 4 Name 0 0 0
145 977 13 3 Name 0 0 0
233 994 15 4 Name 0 0 0
308 381 14 2 Name 0 0 0
822 840 10 4 Name 0 0 0
754 854 6 3 Name 0 0 0
114 731 13 4 Name 0 0 0
339 568 11 3 Name 0 0 0
965 467 16 3 Name 0 0 0
962 127 10 2 Name 0 0 0
588 96 10 3 Name 0 0 0
429 273 7 4 Name 0 0 0
195 61 8 3 Name 0 0 0
952 633 12 3 Name 0 0 0
288 910 4 4 Name 0 0 0
778 834 16 4 Name 0 0 0
916 902 5 2 Name 0 0 0
185 826 6 3 Name 0 0 0
611 523 11 2 Name 0 0 0
311 281 8 2 Name 0 0 0
634 655 6 3 Name 0 0 0
398 119 4 3 Name 0 0 0
20 921 13 2 Name 0 0 0
732 844 12 3 Name 0 0 0
961 713 9 2 Name 0 0 0
569 568 14 2 Name 0 0 0
45 693 6 4 Name 0 0 0
130 503 14 3 Name 0 0 0
646 858 10 4 Name 0 0 0
676 453 11 2 Name 0 0 0
833 806 7 4 Name 0 0 0
322 652 10 3 Name 0 0 0
834 161 8 4 Name 0 0 0
698 869 10 2 Name 0 0 0
999 566 14 2 Name 0 0 0
479 37 6 3 Name 0 0 0
423 425 6 3 Name 0 0 0
729 113 10 3 Name 0 0 0
342 253 13 2 Name 0 0 0
370 405 4 3 Name 0 0 0
649 770 12 4 Name 0 0 0
539 615 10 4 Name 0 0 0
130 942 12 3 Name 0 0 0
21 297 13 4 Name 0 0 0
350 163 11 3 Name 0 0 0
465 742 15 3 Name 0 0 0
931 980 9 2 Name 0 0 0
387 737 7 3 Name 0 0 0
343 535 13 2 Name 0 0 0
311 82 12 3 Name 0 0 0
599 1020 11 3 Name 0 0 0
731 272 16 4 Name 0 0 0
334 997 8 2 Name 0 0 0
147 300 10 3 Name 0 0 0
620 573 13 2 Name 0 0 0
463 14 9 3 Name 0 0 0
558 396 9 4 Name 0 0 0
627 392 6 3 Name 0 0 0
34 904 10 4 Name 0 0 0
622 626 14 3 Name 0 0 0
297 799 8 3 Name 0 0 0
922 160 13 2 Name 0 0 0
494 848 5 3 Name 0 0 0
299 982 8 3 Name 0 0 0
363 746 5 3 Name 0 0 0
333 239 14 2 Name 0 0 0
190 909 9 3 Name 0 0 0
319 659 10 2 Name 0 0 0
460 210 5 3 Name 0 0 0
469 708 11 2 Name 0 0 0
907 340 9 3 Name 0 0 0
773 290 11 3 Name 0 0 0
516 384 6 3 Name 0 0 0
937 467 10 3 Name 0 0 0
556 854 11 4 Name 0 0 0
766 193 7 3 Name 0 0 0
788 277 14 3 Name 0 0 0
212 923 10 2 Name 0 0 0
183 670 5 4 Name 0 0 0
784 1005 12 4 Name 0 0 0
199 916 12 2 Name 0 0 0
115 514 8 3 Name 0 0 0
901 460 13 4 Name 0 0 0
57 749 10 4 Name 0 0 0
756 463 10 3 Name 0 0 0
891 734 9 3 Name 0 0 0
482 583 14 4 Name 0 0 0
413 73 9 4 Name 0 0 0
518 612 8 4 Name 0 0 0
961 668 16 3 Name 0 0 0
200 867 11 4 Name 0 0 0
282 225 6 2 Name 0 0 0
470 370 5 2 Name 0 0 0
348 919 14 3 Name 0 0 0
621 92 15 3 Name 0 0 0
2 762 9 2 Name 0 0 0
495 667 16 3 Name 0 0 0
761 532 14 4 Name 0 0 0
799 553 7 2 Name 0 0 0
991 492 12 4 Name 0 0 0
134 74 9 3 Name 0 0 0
373 337 13 2 Name 0 0 0
592 982 7 4 Name 0 0 0
665 305 8 3 Name 0 0 0
277 447 10 3 Name 0 0 0
432 880 5 3 Name 0 0 0
428 671 15 3 Name 0 0 0
358 719 11 2 Name 0 0 0
327 828 16 3 Name 0 0 0
417 384 10 3 Name 0 0 0
276 198 4 2 Name 0 0 0
174 176 11 3 Name 0 0 0
766 949 5 2 Name 0 0 0
72 639 10 3 Name 0 0 0
525 330 14 3 Name 0 0 0
661 716 14 2 Name 0 0 0
925 472 10 4 Name 0 0 0
803 499 16 2 Name 0 0 0
866 95 9 3 Name 0 0 0
186 222 6 3 Name 0 0 0
842 806 15 4 Name 0 0 0
142 1022 7 2 Name 0 0 0
71 501 5 4 Name 0 0 0
344 135 7 3 Name 0 0 0
996 182 7 4 Name 0 0 0
224 478 15 2 Name 0 0 0
x-Min=0
x-Max=1024
y-Min=0
y-Max=1024
min label height=2.0
max label height=4.0
min label width=4.0
max label width=16.0
