1024
3 517 41 14 Name 0 0 0
1437 1002 58 17 Name 0 0 0
4083 3388 52 18 Name 0 0 0
2322 2136 46 9 Name 0 0 0
1492 3320 61 17 Name 0 0 0
126 3342 57 12 Name 0 0 0
2300 2982 46 11 Name 0 0 0
2158 355 17 23 Name 0 0 0
2036 1457 43 23 Name 0 0 0
428 1342 16 13 Name 0 0 0
3926 3179 58 21 Name 0 0 0
2992 4023 22 23 Name 0 0 0
1834 3762 39 15 Name 0 0 0
3285 676 47 15 Name 0 0 0
418 407 37 14 Name 0 0 0
3850 1101 47 23 Name 0 0 0
3220 1916 61 16 Name 0 0 0
3758 3665 46 15 Name 0 0 0
3915 2811 30 13 Name 0 0 0
1351 4036 29 15 Name 0 0 0
1937 1261 46 20 Name 0 0 0
2501 747 64 16 Name 0 0 0
678 468 17 9 Name 0 0 0
2618 3506 55 12 Name 0 0 0
2801 3065 51 14 Name 0 0 0
609 411 17 21 Name 0 0 0
2946 649 39 10 Name 0 0 0
1920 3453 28 23 Name 0 0 0
1248 259 51 21 Name 0 0 0
2270 12 35 21 Name 0 0 0
82 3935 59 14 Name 0 0 0
461 922 45 9 Name 0 0 0
940 130 40 21 Name 0 0 0
3270 972 54 17 Name 0 0 0
3526 2182 30 13 Name 0 0 0
522 1522 54 23 Name 0 0 0
1458 1015 57 20 Name 0 0 0
3794 1864 52 18 Name 0 0 0
3205 2014 50 13 Name 0 0 0
1074 1940 28 24 Name 0 0 0
845 3541 18 20 Name 0 0 0
1663 3105 57 8 Name 0 0 0
946 2097 20 17 Name 0 0 0
203 3950 21 22 Name 0 0 0
2878 3682 33 23 Name 0 0 0
3611 951 25 16 Name 0 0 0
1764 1741 63 9 Name 0 0 0
1338 62 34 12 Name 0 0 0
75 2703 19 13 Name 0 0 0
2618 4028 60 21 Name 0 0 0
3102 2571 63 19 Name 0 0 0
2587 3997 34 24 Name 0 0 0
3869 873 49 14 Name 0 0 0
2243 3373 44 20 Name 0 0 0
1054 2545 53 11 Name 0 0 0
2447 3821 36 23 Name 0 0 0
2257 3163 58 13 Name 0 0 0
136 2472 51 22 Name 0 0 0
2709 1815 53 13 Name 0 0 0
2285 1679 28 8 Name 0 0 0
1377 2226 42 20 Name 0 0 0
2270 4007 49 22 Name 0 0 0
1922 3016 45 13 Name 0 0 0
3885 3188 34 21 Name 0 0 0
3553 580 32 18 Name 0 0 0
1012 180 23 23 Name 0 0 0
990 1469 38 23 Name 0 0 0
76 844 47 19 Name 0 0 0
2674 2268 49 15 Name 0 0 0
615 3042 42 24 Name 0 0 0
2427 1661 41 21 Name 0 0 0
1236 494 60 9 Name 0 0 0
2090 2563 51 21 Name 0 0 0
3805 2032 35 14 Name 0 0 0
535 1640 55 15 Name 0 0 0
2977 3011 42 10 Name 0 0 0
2069 1918 32 20 Name 0 0 0
1324 3404 31 22 Name 0 0 0
1084 2612 17 15 Name 0 0 0
2476 3647 44 22 Name 0 0 0
2267 1659 19 15 Name 0 0 0
3407 1154 49 16 Name 0 0 0
2761 1145 51 16 Name 0 0 0
4000 4034 36 22 Name 0 0 0
2254 1099 23 11 Name 0 0 0
1471 552 46 21 Name 0 0 0
1217 365 31 21 Name 0 0 0
2961 1733 32 22 Name 0 0 0
522 108 39 18 Name 0 0 0
1469 576 26 22 Name 0 0 0
3758 553 24 22 Name 0 0 0
3562 2975 52 16 Name 0 0 0
2895 2806 44 14 Name 0 0 0
3125 2369 17 17 Name 0 0 0
1814 959 52 9 Name 0 0 0
3169 2067 19 17 Name 0 0 0
1907 1017 56 12 Name 0 0 0
753 1785 26 23 Name 0 0 0
3417 2781 22 15 Name 0 0 0
1109 81 25 10 Name 0 0 0
901 2128 37 10 Name 0 0 0
2056 89 52 10 Name 0 0 0
2615 646 56 11 Name 0 0 0
101 1318 36 16 Name 0 0 0
2577 2781 17 22 Name 0 0 0
246 1549 34 14 Name 0 0 0
3085 706 48 17 Name 0 0 0
1632 3134 52 18 Name 0 0 0
1918 3051 47 19 Name 0 0 0
2354 1265 42 16 Name 0 0 0
3221 2796 21 11 Name 0 0 0
1557 4030 49 17 Name 0 0 0
4002 588 26 8 Name 0 0 0
3608 1283 36 23 Name 0 0 0
2822 1 35 18 Name 0 0 0
3976 2577 62 23 Name 0 0 0
738 3441 45 12 Name 0 0 0
3882 167 34 23 Name 0 0 0
800 2080 50 10 Name 0 0 0
1149 2765 20 11 Name 0 0 0
3213 983 45 20 Name 0 0 0
1460 1778 61 24 Name 0 0 0
4084 1403 21 24 Name 0 0 0
1289 940 40 23 Name 0 0 0
148 2613 26 11 Name 0 0 0
945 2979 44 14 Name 0 0 0
3743 1258 39 15 Name 0 0 0
3422 3536 61 9 Name 0 0 0
1881 1224 20 17 Name 0 0 0
742 3462 48 11 Name 0 0 0
2889 2963 62 17 Name 0 0 0
3122 1560 52 8 Name 0 0 0
1392 1528 20 22 Name 0 0 0
1688 3085 23 16 Name 0 0 0
1337 1477 49 17 Name 0 0 0
27 1562 53 13 Name 0 0 0
1151 3387 45 16 Name 0 0 0
1553 1891 27 8 Name 0 0 0
1444 3011 38 23 Name 0 0 0
2030 1509 37 18 Name 0 0 0
262 3026 48 9 Name 0 0 0
3803 1495 44 20 Name 0 0 0
3166 3709 38 19 Name 0 0 0
1781 98 62 13 Name 0 0 0
2759 1089 55 15 Name 0 0 0
3554 1609 54 19 Name 0 0 0
103 2352 23 10 Name 0 0 0
3154 3755 62 19 Name 0 0 0
1669 1840 38 17 Name 0 0 0
1944 407 64 21 Name 0 0 0
417 180 29 22 Name 0 0 0
382 365 40 14 Name 0 0 0
3528 3609 31 13 Name 0 0 0
4089 701 42 17 Name 0 0 0
895 3679 31 16 Name 0 0 0
3939 1994 56 24 Name 0 0 0
3838 3770 58 10 Name 0 0 0
122 2547 34 8 Name 0 0 0
363 3330 28 19 Name 0 0 0
1059 3175 32 15 Name 0 0 0
3402 1910 55 12 Name 0 0 0
2699 429 41 23 Name 0 0 0
1198 3522 62 11 Name 0 0 0
3545 3550 35 24 Name 0 0 0
2942 2375 25 19 Name 0 0 0
1177 231 19 23 Name 0 0 0
2358 3254 59 19 Name 0 0 0
197 4079 61 9 Name 0 0 0
4067 2962 62 16 Name 0 0 0
1748 1381 34 20 Name 0 0 0
1118 3587 25 16 Name 0 0 0
998 2297 30 13 Name 0 0 0
833 3685 27 9 Name 0 0 0
619 2965 21 22 Name 0 0 0
2257 2967 34 18 Name 0 0 0
441 1448 41 19 Name 0 0 0
2675 3402 17 21 Name 0 0 0
1500 1365 57 20 Name 0 0 0
1731 558 18 11 Name 0 0 0
561 1954 41 11 Name 0 0 0
2074 3175 58 15 Name 0 0 0
2322 392 43 17 Name 0 0 0
574 2679 58 11 Name 0 0 0
2684 2343 16 17 Name 0 0 0
2084 1678 22 8 Name 0 0 0
2864 2567 16 10 Name 0 0 0
1808 2396 20 18 Name 0 0 0
863 48 31 14 Name 0 0 0
3907 68 50 24 Name 0 0 0
1306 3432 46 24 Name 0 0 0
711 4047 38 16 Name 0 0 0
1320 906 32 22 Name 0 0 0
6 3685 17 24 Name 0 0 0
48 858 48 15 Name 0 0 0
1284 3178 38 12 Name 0 0 0
1480 121 44 15 Name 0 0 0
3833 2423 27 21 Name 0 0 0
317 868 52 23 Name 0 0 0
2936 1743 45 11 Name 0 0 0
1852 2484 47 17 Name 0 0 0
1905 4055 49 22 Name 0 0 0
3366 953 20 14 Name 0 0 0
1082 3276 21 18 Name 0 0 0
2794 489 58 10 Name 0 0 0
3583 1468 48 14 Name 0 0 0
2896 2620 40 10 Name 0 0 0
1326 295 17 11 Name 0 0 0
4082 1272 44 11 Name 0 0 0
2985 1422 28 17 Name 0 0 0
4080 312 60 9 Name 0 0 0
2724 186 22 15 Name 0 0 0
167 1454 51 20 Name 0 0 0
201 2761 64 14 Name 0 0 0
558 3169 23 13 Name 0 0 0
1554 1892 42 10 Name 0 0 0
814 420 46 10 Name 0 0 0
1456 1258 64 22 Name 0 0 0
688 3915 53 11 Name 0 0 0
1563 2365 30 17 Name 0 0 0
3731 3432 17 8 Name 0 0 0
2077 2065 20 18 Name 0 0 0
29 3802 64 21 Name 0 0 0
1874 1369 34 19 Name 0 0 0
3192 2098 26 22 Name 0 0 0
417 1881 54 18 Name 0 0 0
1859 3206 22 17 Name 0 0 0
320 275 21 9 Name 0 0 0
3716 1522 56 24 Name 0 0 0
3368 1873 43 13 Name 0 0 0
598 3748 52 22 Name 0 0 0
1490 2853 24 14 Name 0 0 0
3007 2371 45 13 Name 0 0 0
2323 709 25 17 Name 0 0 0
1504 3257 31 18 Name 0 0 0
1711 3856 20 10 Name 0 0 0
869 1479 58 24 Name 0 0 0
674 1715 29 8 Name 0 0 0
609 311 26 18 Name 0 0 0
2542 1604 56 22 Name 0 0 0
625 2233 56 13 Name 0 0 0
1670 3379 61 10 Name 0 0 0
3857 3667 39 14 Name 0 0 0
1329 1590 29 23 Name 0 0 0
3328 152 44 21 Name 0 0 0
3690 157 64 19 Name 0 0 0
4008 3677 44 8 Name 0 0 0
145 3617 63 15 Name 0 0 0
1235 1427 21 21 Name 0 0 0
942 98 58 18 Name 0 0 0
695 799 59 14 Name 0 0 0
1420 3525 64 19 Name 0 0 0
3116 3070 62 19 Name 0 0 0
228 637 18 17 Name 0 0 0
1633 517 43 23 Name 0 0 0
1888 821 33 14 Name 0 0 0
3757 2739 29 17 Name 0 0 0
1333 189 40 18 Name 0 0 0
2085 565 44 13 Name 0 0 0
4032 137 31 22 Name 0 0 0
655 863 61 21 Name 0 0 0
3596 1965 47 22 Name 0 0 0
846 1487 57 18 Name 0 0 0
960 1411 44 14 Name 0 0 0
2100 391 38 22 Name 0 0 0
588 1245 44 15 Name 0 0 0
183 3020 61 15 Name 0 0 0
646 2745 44 16 Name 0 0 0
13 3818 61 13 Name 0 0 0
2374 243 46 10 Name 0 0 0
600 57 35 12 Name 0 0 0
3711 725 61 12 Name 0 0 0
2272 3796 64 17 Name 0 0 0
2203 3794 40 15 Name 0 0 0
1345 2297 44 21 Name 0 0 0
954 3493 35 21 Name 0 0 0
1993 1288 42 21 Name 0 0 0
3793 2463 47 10 Name 0 0 0
3723 1935 55 20 Name 0 0 0
2072 1879 42 24 Name 0 0 0
2890 953 29 10 Name 0 0 0
1208 2939 45 13 Name 0 0 0
3416 1900 29 16 Name 0 0 0
2359 2628 38 10 Name 0 0 0
2841 3528 29 19 Name 0 0 0
3672 1885 53 19 Name 0 0 0
3347 1087 38 16 Name 0 0 0
3839 2877 27 15 Name 0 0 0
874 1361 39 21 Name 0 0 0
3919 3280 60 24 Name 0 0 0
1243 1846 50 14 Name 0 0 0
1011 1049 33 23 Name 0 0 0
1767 3524 25 20 Name 0 0 0
191 1450 35 20 Name 0 0 0
3260 3040 61 13 Name 0 0 0
3758 2154 29 17 Name 0 0 0
2097 2446 19 21 Name 0 0 0
3600 4034 31 16 Name 0 0 0
1845 4008 45 9 Name 0 0 0
1146 534 30 15 Name 0 0 0
3304 1084 38 16 Name 0 0 0
180 3487 29 11 Name 0 0 0
2368 1800 27 18 Name 0 0 0
3399 2641 37 15 Name 0 0 0
1074 2994 19 21 Name 0 0 0
330 695 48 8 Name 0 0 0
1014 2335 17 16 Name 0 0 0
638 841 57 22 Name 0 0 0
3300 1075 42 17 Name 0 0 0
2943 3443 48 17 Name 0 0 0
392 321 43 22 Name 0 0 0
2364 1589 45 11 Name 0 0 0
43 2470 43 14 Name 0 0 0
4026 1442 24 24 Name 0 0 0
56 952 51 9 Name 0 0 0
2190 357 43 9 Name 0 0 0
715 3004 43 10 Name 0 0 0
1171 1180 54 24 Name 0 0 0
4007 3665 43 16 Name 0 0 0
220 3287 42 14 Name 0 0 0
3472 1688 40 21 Name 0 0 0
431 3792 47 11 Name 0 0 0
2945 1022 21 9 Name 0 0 0
1737 2273 34 23 Name 0 0 0
944 1234 48 14 Name 0 0 0
1791 487 20 17 Name 0 0 0
942 1384 22 10 Name 0 0 0
3340 2495 35 9 Name 0 0 0
518 118 59 13 Name 0 0 0
3748 3903 40 19 Name 0 0 0
2262 328 45 17 Name 0 0 0
2232 466 28 24 Name 0 0 0
3657 1526 24 22 Name 0 0 0
2902 2287 32 19 Name 0 0 0
3900 184 60 10 Name 0 0 0
1033 877 29 16 Name 0 0 0
1069 2590 39 12 Name 0 0 0
798 516 50 19 Name 0 0 0
1716 1313 29 10 Name 0 0 0
935 2585 43 24 Name 0 0 0
2200 1454 44 19 Name 0 0 0
3339 3105 32 9 Name 0 0 0
3767 560 63 22 Name 0 0 0
3751 643 16 17 Name 0 0 0
152 3611 54 17 Name 0 0 0
2270 3230 31 23 Name 0 0 0
964 580 48 17 Name 0 0 0
504 3979 57 19 Name 0 0 0
3255 1723 25 21 Name 0 0 0
2767 2812 36 15 Name 0 0 0
2484 896 36 10 Name 0 0 0
934 54 40 15 Name 0 0 0
2918 3742 49 19 Name 0 0 0
848 3516 48 15 Name 0 0 0
869 2033 36 24 Name 0 0 0
635 1468 28 21 Name 0 0 0
686 1318 41 11 Name 0 0 0
2271 1056 38 16 Name 0 0 0
27 1137 60 15 Name 0 0 0
2868 3884 48 17 Name 0 0 0
2448 2712 54 17 Name 0 0 0
2812 1705 53 22 Name 0 0 0
90 2406 62 22 Name 0 0 0
1265 1021 42 19 Name 0 0 0
2527 732 29 18 Name 0 0 0
1885 2643 57 24 Name 0 0 0
2691 3424 36 9 Name 0 0 0
2203 1750 53 20 Name 0 0 0
3168 1522 22 22 Name 0 0 0
1296 264 26 24 Name 0 0 0
4008 2577 29 14 Name 0 0 0
2673 2726 38 23 Name 0 0 0
2756 4024 49 13 Name 0 0 0
205 902 62 18 Name 0 0 0
3083 2581 32 10 Name 0 0 0
2990 813 47 18 Name 0 0 0
1594 2434 63 14 Name 0 0 0
232 3153 39 9 Name 0 0 0
3327 3596 56 20 Name 0 0 0
2737 1130 24 19 Name 0 0 0
937 289 49 22 Name 0 0 0
3303 2689 54 21 Name 0 0 0
2174 434 20 8 Name 0 0 0
356 3225 21 23 Name 0 0 0
3440 1759 23 23 Name 0 0 0
2655 2653 47 19 Name 0 0 0
2724 2718 36 9 Name 0 0 0
715 361 20 14 Name 0 0 0
980 172 30 21 Name 0 0 0
1541 4055 43 16 Name 0 0 0
1830 1489 59 13 Name 0 0 0
674 367 54 11 Name 0 0 0
309 2155 44 19 Name 0 0 0
2373 1281 18 16 Name 0 0 0
929 3034 32 22 Name 0 0 0
2215 2781 21 24 Name 0 0 0
443 2501 44 17 Name 0 0 0
3131 3444 29 13 Name 0 0 0
2164 758 24 9 Name 0 0 0
3295 2573 44 17 Name 0 0 0
2119 3661 46 19 Name 0 0 0
2500 2849 22 24 Name 0 0 0
864 2221 48 24 Name 0 0 0
2959 311 21 13 Name 0 0 0
3558 49 56 14 Name 0 0 0
3790 3580 57 22 Name 0 0 0
1217 2313 30 9 Name 0 0 0
1933 2947 35 24 Name 0 0 0
2237 2584 50 16 Name 0 0 0
2099 1444 40 14 Name 0 0 0
3019 3956 38 9 Name 0 0 0
185 2277 63 9 Name 0 0 0
1990 4091 47 18 Name 0 0 0
1141 2113 34 18 Name 0 0 0
1870 2008 31 19 Name 0 0 0
201 2322 18 11 Name 0 0 0
1825 1492 30 13 Name 0 0 0
3282 1361 49 20 Name 0 0 0
3626 3845 30 11 Name 0 0 0
721 2856 18 9 Name 0 0 0
1506 1849 23 14 Name 0 0 0
4028 2950 32 20 Name 0 0 0
1879 2394 30 8 Name 0 0 0
488 567 28 10 Name 0 0 0
2821 2046 58 16 Name 0 0 0
3349 1919 28 18 Name 0 0 0
266 2933 43 23 Name 0 0 0
2738 478 34 11 Name 0 0 0
3224 3494 33 17 Name 0 0 0
3272 2060 60 12 Name 0 0 0
1593 613 48 12 Name 0 0 0
3508 2436 24 10 Name 0 0 0
1323 1775 30 23 Name 0 0 0
460 3834 41 13 Name 0 0 0
2750 325 47 22 Name 0 0 0
1281 1051 28 9 Name 0 0 0
193 2641 58 11 Name 0 0 0
1445 3827 50 12 Name 0 0 0
3090 1057 30 17 Name 0 0 0
3641 1813 34 12 Name 0 0 0
3287 3057 61 10 Name 0 0 0
441 658 22 17 Name 0 0 0
1887 4051 43 18 Name 0 0 0
2599 1083 57 10 Name 0 0 0
2490 1036 44 16 Name 0 0 0
1586 289 63 22 Name 0 0 0
3174 277 17 14 Name 0 0 0
2801 2485 36 15 Name 0 0 0
2777 2935 45 14 Name 0 0 0
1832 3353 33 20 Name 0 0 0
3339 982 42 17 Name 0 0 0
3761 3734 24 15 Name 0 0 0
4093 733 55 8 Name 0 0 0
2653 1922 27 17 Name 0 0 0
996 1874 29 17 Name 0 0 0
3251 158 34 20 Name 0 0 0
1828 3468 31 17 Name 0 0 0
1595 3088 50 8 Name 0 0 0
172 184 29 8 Name 0 0 0
1566 1304 19 22 Name 0 0 0
2544 3414 21 22 Name 0 0 0
840 71 40 9 Name 0 0 0
2229 3534 18 18 Name 0 0 0
1411 536 37 23 Name 0 0 0
3516 2629 50 9 Name 0 0 0
492 3670 37 19 Name 0 0 0
1433 3932 24 13 Name 0 0 0
1136 3964 32 21 Name 0 0 0
434 3490 49 21 Name 0 0 0
2152 3096 35 14 Name 0 0 0
1068 3332 38 15 Name 0 0 0
3192 2096 61 21 Name 0 0 0
1937 2002 24 16 Name 0 0 0
1547 1664 40 11 Name 0 0 0
81 1885 49 13 Name 0 0 0
3393 105 45 10 Name 0 0 0
1419 616 27 15 Name 0 0 0
3338 3770 62 10 Name 0 0 0
2076 2749 52 23 Name 0 0 0
3878 2978 48 23 Name 0 0 0
648 539 33 13 Name 0 0 0
512 1606 35 10 Name 0 0 0
5 2207 49 16 Name 0 0 0
3474 2709 58 14 Name 0 0 0
2829 2271 59 24 Name 0 0 0
2161 1948 46 10 Name 0 0 0
257 4009 19 11 Name 0 0 0
3659 859 43 20 Name 0 0 0
1640 2078 46 18 Name 0 0 0
1054 3018 41 9 Name 0 0 0
2029 1563 57 9 Name 0 0 0
3193 4094 63 15 Name 0 0 0
1134 976 46 21 Name 0 0 0
2145 2949 40 8 Name 0 0 0
2901 2802 48 16 Name 0 0 0
980 1541 24 11 Name 0 0 0
1225 2974 43 16 Name 0 0 0
2312 3862 39 22 Name 0 0 0
4087 111 27 17 Name 0 0 0
216 1117 25 20 Name 0 0 0
539 2272 40 24 Name 0 0 0
3436 837 17 16 Name 0 0 0
1902 2312 47 11 Name 0 0 0
1047 1739 53 13 Name 0 0 0
8 432 51 18 Name 0 0 0
3378 794 54 16 Name 0 0 0
3659 2006 56 9 Name 0 0 0
611 1525 18 17 Name 0 0 0
531 960 62 15 Name 0 0 0
3333 702 54 18 Name 0 0 0
814 1860 46 15 Name 0 0 0
1846 3307 35 10 Name 0 0 0
3542 4053 18 16 Name 0 0 0
3571 3015 47 19 Name 0 0 0
2673 3300 48 9 Name 0 0 0
3580 2708 37 14 Name 0 0 0
1016 324 16 16 Name 0 0 0
3976 3093 20 22 Name 0 0 0
260 4058 49 17 Name 0 0 0
1094 1622 53 16 Name 0 0 0
834 1025 33 9 Name 0 0 0
743 3480 61 24 Name 0 0 0
3436 378 60 8 Name 0 0 0
531 3968 26 15 Name 0 0 0
2369 2252 36 18 Name 0 0 0
1287 3034 56 18 Name 0 0 0
2144 2674 57 13 Name 0 0 0
699 721 21 14 Name 0 0 0
1067 559 54 13 Name 0 0 0
3884 3099 61 15 Name 0 0 0
543 1038 39 15 Name 0 0 0
3504 2839 32 14 Name 0 0 0
1069 641 49 14 Name 0 0 0
2962 2742 57 8 Name 0 0 0
3659 583 48 22 Name 0 0 0
1279 2919 55 12 Name 0 0 0
3025 2810 25 18 Name 0 0 0
451 1118 18 8 Name 0 0 0
596 3322 33 11 Name 0 0 0
1774 1176 50 23 Name 0 0 0
3912 2700 57 22 Name 0 0 0
1007 600 32 13 Name 0 0 0
3364 1894 43 19 Name 0 0 0
3880 3251 28 23 Name 0 0 0
214 2240 56 8 Name 0 0 0
3792 1759 59 23 Name 0 0 0
3713 369 55 23 Name 0 0 0
2719 3053 30 9 Name 0 0 0
3661 457 55 22 Name 0 0 0
403 114 39 13 Name 0 0 0
3034 1017 62 19 Name 0 0 0
2355 4016 26 20 Name 0 0 0
3195 1947 40 10 Name 0 0 0
653 917 20 24 Name 0 0 0
3804 3893 58 14 Name 0 0 0
3452 269 43 21 Name 0 0 0
1863 2581 20 21 Name 0 0 0
934 1738 29 19 Name 0 0 0
1865 2069 29 12 Name 0 0 0
247 2244 38 16 Name 0 0 0
260 2315 51 15 Name 0 0 0
2990 3624 44 9 Name 0 0 0
3164 2445 37 18 Name 0 0 0
2803 2230 51 18 Name 0 0 0
575 1503 21 16 Name 0 0 0
1916 507 42 19 Name 0 0 0
20 1015 47 19 Name 0 0 0
2779 522 34 19 Name 0 0 0
3714 1682 23 22 Name 0 0 0
2792 4070 63 17 Name 0 0 0
2260 3917 55 14 Name 0 0 0
10 84 35 16 Name 0 0 0
3513 2388 23 9 Name 0 0 0
4081 1931 35 22 Name 0 0 0
1057 1254 39 13 Name 0 0 0
44 1818 56 16 Name 0 0 0
179 953 56 10 Name 0 0 0
639 3448 28 8 Name 0 0 0
2894 662 51 8 Name 0 0 0
2862 2287 40 22 Name 0 0 0
1468 1893 60 11 Name 0 0 0
3454 3115 43 10 Name 0 0 0
2262 3054 17 14 Name 0 0 0
252 1770 61 15 Name 0 0 0
1666 900 27 11 Name 0 0 0
652 995 38 22 Name 0 0 0
1018 1419 47 11 Name 0 0 0
2299 2652 48 12 Name 0 0 0
3563 1524 38 16 Name 0 0 0
2832 2450 59 15 Name 0 0 0
2921 3446 54 17 Name 0 0 0
59 1459 59 23 Name 0 0 0
1667 1953 18 18 Name 0 0 0
3938 368 58 11 Name 0 0 0
2489 2841 18 12 Name 0 0 0
275 175 64 9 Name 0 0 0
3319 748 38 13 Name 0 0 0
2098 1767 56 15 Name 0 0 0
666 3006 44 16 Name 0 0 0
245 2689 27 10 Name 0 0 0
2755 284 46 10 Name 0 0 0
1127 3201 60 9 Name 0 0 0
1067 3850 39 15 Name 0 0 0
2480 3485 36 9 Name 0 0 0
3563 894 20 24 Name 0 0 0
2753 2549 49 20 Name 0 0 0
3534 2228 17 13 Name 0 0 0
2656 2648 58 13 Name 0 0 0
2888 887 45 20 Name 0 0 0
186 1762 46 17 Name 0 0 0
1343 929 56 13 Name 0 0 0
1942 1627 22 19 Name 0 0 0
443 3268 63 13 Name 0 0 0
387 2657 63 18 Name 0 0 0
214 965 48 10 Name 0 0 0
802 2430 21 9 Name 0 0 0
2240 128 47 8 Name 0 0 0
1405 851 61 10 Name 0 0 0
3808 2790 62 12 Name 0 0 0
3737 2867 59 23 Name 0 0 0
1847 175 49 11 Name 0 0 0
4060 1245 53 18 Name 0 0 0
3757 3547 36 15 Name 0 0 0
3912 920 26 20 Name 0 0 0
2350 1347 53 19 Name 0 0 0
1807 908 54 18 Name 0 0 0
845 3549 29 14 Name 0 0 0
1362 1772 60 10 Name 0 0 0
4034 2750 58 14 Name 0 0 0
216 46 35 14 Name 0 0 0
2130 214 46 23 Name 0 0 0
313 560 29 10 Name 0 0 0
2908 2441 43 16 Name 0 0 0
529 322 52 21 Name 0 0 0
385 2731 39 14 Name 0 0 0
2908 2950 53 17 Name 0 0 0
1 915 55 23 Name 0 0 0
2160 2500 57 11 Name 0 0 0
3945 332 17 10 Name 0 0 0
2006 1404 54 13 Name 0 0 0
2463 3373 53 15 Name 0 0 0
2038 2474 34 24 Name 0 0 0
3263 88 37 22 Name 0 0 0
1785 2101 63 21 Name 0 0 0
2959 1085 24 10 Name 0 0 0
2445 1792 38 23 Name 0 0 0
3238 3832 41 12 Name 0 0 0
347 3128 51 15 Name 0 0 0
766 871 31 13 Name 0 0 0
149 3466 43 22 Name 0 0 0
870 841 37 23 Name 0 0 0
2240 818 52 14 Name 0 0 0
322 2526 16 19 Name 0 0 0
2912 144 56 14 Name 0 0 0
2512 3021 44 18 Name 0 0 0
244 2987 37 15 Name 0 0 0
2399 3785 25 22 Name 0 0 0
106 834 61 22 Name 0 0 0
2367 786 24 13 Name 0 0 0
3835 1110 51 13 Name 0 0 0
1379 3523 45 11 Name 0 0 0
3930 2264 37 23 Name 0 0 0
2981 3275 23 10 Name 0 0 0
1090 3465 32 21 Name 0 0 0
554 2870 56 15 Name 0 0 0
1525 640 28 12 Name 0 0 0
1468 3459 34 18 Name 0 0 0
1128 3590 36 17 Name 0 0 0
1076 1417 35 22 Name 0 0 0
1170 1408 33 16 Name 0 0 0
3483 3914 29 21 Name 0 0 0
3660 3071 42 17 Name 0 0 0
2749 2980 42 20 Name 0 0 0
1963 177 47 16 Name 0 0 0
1654 1520 44 14 Name 0 0 0
3030 1246 26 23 Name 0 0 0
643 1229 39 16 Name 0 0 0
1865 3608 35 14 Name 0 0 0
1916 687 29 23 Name 0 0 0
446 1979 17 15 Name 0 0 0
289 1411 55 24 Name 0 0 0
2551 1837 22 23 Name 0 0 0
1532 3423 18 19 Name 0 0 0
3602 3828 51 16 Name 0 0 0
3293 117 17 20 Name 0 0 0
3797 2134 49 16 Name 0 0 0
3912 2847 28 20 Name 0 0 0
1288 713 47 20 Name 0 0 0
1479 574 50 14 Name 0 0 0
2096 1545 55 21 Name 0 0 0
1109 2795 21 21 Name 0 0 0
1939 2129 43 8 Name 0 0 0
2041 3261 33 23 Name 0 0 0
3924 2432 30 17 Name 0 0 0
4082 564 31 16 Name 0 0 0
3789 3898 21 15 Name 0 0 0
811 1618 43 17 Name 0 0 0
423 834 63 9 Name 0 0 0
3476 456 31 22 Name 0 0 0
1481 3157 56 23 Name 0 0 0
507 2182 56 20 Name 0 0 0
712 344 51 14 Name 0 0 0
1604 3359 45 15 Name 0 0 0
1355 2455 20 16 Name 0 0 0
470 426 35 20 Name 0 0 0
3977 3724 24 21 Name 0 0 0
1279 2225 48 19 Name 0 0 0
3270 828 43 21 Name 0 0 0
1010 808 63 9 Name 0 0 0
713 2230 36 14 Name 0 0 0
1535 3210 31 18 Name 0 0 0
385 309 41 10 Name 0 0 0
3227 558 51 22 Name 0 0 0
781 2528 46 15 Name 0 0 0
432 2984 35 14 Name 0 0 0
795 3703 33 11 Name 0 0 0
2330 1017 25 23 Name 0 0 0
3160 1221 39 21 Name 0 0 0
3211 3974 34 12 Name 0 0 0
1079 3862 26 20 Name 0 0 0
2121 3844 60 17 Name 0 0 0
383 2284 50 13 Name 0 0 0
1262 1584 32 8 Name 0 0 0
1740 3016 20 12 Name 0 0 0
2053 3131 63 12 Name 0 0 0
1206 3172 46 10 Name 0 0 0
2105 1366 22 11 Name 0 0 0
3373 2603 59 9 Name 0 0 0
1708 3841 26 13 Name 0 0 0
240 1129 37 18 Name 0 0 0
1293 3636 34 15 Name 0 0 0
449 1034 31 20 Name 0 0 0
4014 122 30 18 Name 0 0 0
42 3 48 18 Name 0 0 0
2853 1389 29 16 Name 0 0 0
1137 1994 56 19 Name 0 0 0
960 2740 50 21 Name 0 0 0
1546 1886 53 13 Name 0 0 0
2663 3265 51 22 Name 0 0 0
3668 2132 51 17 Name 0 0 0
2711 1276 52 11 Name 0 0 0
604 3336 46 10 Name 0 0 0
2530 3028 44 12 Name 0 0 0
3127 3027 37 16 Name 0 0 0
1594 1270 53 15 Name 0 0 0
2566 2047 40 23 Name 0 0 0
2716 2089 20 24 Name 0 0 0
1445 3651 58 12 Name 0 0 0
2612 3962 44 9 Name 0 0 0
144 641 26 22 Name 0 0 0
3720 3363 33 9 Name 0 0 0
113 2549 55 13 Name 0 0 0
3172 1167 25 12 Name 0 0 0
849 2964 40 8 Name 0 0 0
1196 1893 48 13 Name 0 0 0
3555 2016 27 16 Name 0 0 0
3991 1823 20 24 Name 0 0 0
426 2445 18 8 Name 0 0 0
2262 616 53 8 Name 0 0 0
2282 1459 21 20 Name 0 0 0
464 1590 34 20 Name 0 0 0
2374 2588 16 23 Name 0 0 0
160 802 47 11 Name 0 0 0
3012 3621 23 11 Name 0 0 0
2677 1947 24 19 Name 0 0 0
3054 457 34 16 Name 0 0 0
848 2491 33 16 Name 0 0 0
3856 758 42 22 Name 0 0 0
2416 1917 37 24 Name 0 0 0
3610 871 25 10 Name 0 0 0
3183 3668 40 16 Name 0 0 0
1937 1893 35 17 Name 0 0 0
227 654 62 21 Name 0 0 0
1737 3031 35 23 Name 0 0 0
513 1882 24 12 Name 0 0 0
2770 35 38 13 Name 0 0 0
1492 2891 26 14 Name 0 0 0
3274 3805 33 8 Name 0 0 0
871 685 63 14 Name 0 0 0
285 462 45 12 Name 0 0 0
1868 211 26 16 Name 0 0 0
2658 4078 41 15 Name 0 0 0
789 3961 39 17 Name 0 0 0
2913 1826 54 20 Name 0 0 0
242 1497 23 14 Name 0 0 0
1026 1399 24 17 Name 0 0 0
1994 2174 43 15 Name 0 0 0
3393 3011 22 18 Name 0 0 0
2933 210 17 20 Name 0 0 0
2102 4082 52 21 Name 0 0 0
3062 2998 59 21 Name 0 0 0
2434 2824 52 13 Name 0 0 0
3209 3301 32 19 Name 0 0 0
2447 2755 52 18 Name 0 0 0
1211 2758 35 8 Name 0 0 0
3323 505 21 23 Name 0 0 0
4014 3759 33 8 Name 0 0 0
270 1491 28 19 Name 0 0 0
3821 815 57 18 Name 0 0 0
3264 970 47 20 Name 0 0 0
2000 773 22 18 Name 0 0 0
818 1477 25 15 Name 0 0 0
2634 2969 43 14 Name 0 0 0
898 750 34 24 Name 0 0 0
3847 3571 62 8 Name 0 0 0
1936 2827 41 11 Name 0 0 0
2232 2306 50 12 Name 0 0 0
1608 1186 51 8 Name 0 0 0
1554 1866 63 13 Name 0 0 0
3370 2390 48 17 Name 0 0 0
629 373 32 15 Name 0 0 0
130 1039 62 16 Name 0 0 0
1876 2903 23 8 Name 0 0 0
1638 1520 29 17 Name 0 0 0
1242 4015 40 14 Name 0 0 0
2020 1939 30 23 Name 0 0 0
1838 2504 60 14 Name 0 0 0
1065 2263 37 23 Name 0 0 0
3352 4077 24 18 Name 0 0 0
256 3399 51 23 Name 0 0 0
1290 3149 22 19 Name 0 0 0
3470 2937 47 19 Name 0 0 0
89 2461 55 20 Name 0 0 0
1271 423 37 20 Name 0 0 0
2934 2459 58 13 Name 0 0 0
2023 334 43 9 Name 0 0 0
3209 835 31 9 Name 0 0 0
1522 2022 32 13 Name 0 0 0
1415 722 63 17 Name 0 0 0
3368 2225 54 17 Name 0 0 0
1641 2349 56 18 Name 0 0 0
3618 21 22 11 Name 0 0 0
2425 1793 50 12 Name 0 0 0
3209 176 25 12 Name 0 0 0
1585 3541 29 17 Name 0 0 0
849 439 45 11 Name 0 0 0
1998 3466 44 22 Name 0 0 0
453 2681 58 15 Name 0 0 0
920 3395 57 15 Name 0 0 0
1550 2100 51 18 Name 0 0 0
1504 2232 64 11 Name 0 0 0
2641 327 34 23 Name 0 0 0
3047 2662 44 21 Name 0 0 0
3635 1357 32 19 Name 0 0 0
3258 1650 39 23 Name 0 0 0
1511 2738 35 22 Name 0 0 0
2186 2053 62 23 Name 0 0 0
2624 2817 21 14 Name 0 0 0
3558 1935 36 22 Name 0 0 0
878 4023 29 24 Name 0 0 0
3246 702 60 23 Name 0 0 0
494 1157 56 11 Name 0 0 0
429 2878 22 18 Name 0 0 0
238 2043 32 14 Name 0 0 0
1237 3907 50 17 Name 0 0 0
4058 1463 45 15 Name 0 0 0
4071 2156 20 15 Name 0 0 0
207 1008 28 13 Name 0 0 0
841 1716 27 9 Name 0 0 0
78 3180 18 12 Name 0 0 0
2455 2228 31 13 Name 0 0 0
1465 4090 33 12 Name 0 0 0
1180 3103 55 14 Name 0 0 0
3910 1694 36 18 Name 0 0 0
1278 1769 64 17 Name 0 0 0
828 983 39 15 Name 0 0 0
1478 2695 57 11 Name 0 0 0
2006 1812 49 9 Name 0 0 0
1620 3561 61 19 Name 0 0 0
4080 3141 38 17 Name 0 0 0
3748 1530 22 21 Name 0 0 0
1868 2214 30 18 Name 0 0 0
1992 1353 46 22 Name 0 0 0
2258 620 42 12 Name 0 0 0
2900 1061 29 17 Name 0 0 0
1614 3827 57 23 Name 0 0 0
635 409 43 14 Name 0 0 0
3535 3357 19 8 Name 0 0 0
546 3054 32 15 Name 0 0 0
924 1223 48 20 Name 0 0 0
300 2383 18 9 Name 0 0 0
4055 2842 58 22 Name 0 0 0
3152 2905 23 11 Name 0 0 0
1200 2689 43 16 Name 0 0 0
3478 1608 59 19 Name 0 0 0
2556 2660 48 13 Name 0 0 0
1747 3413 56 19 Name 0 0 0
3444 2723 63 22 Name 0 0 0
2119 1170 49 12 Name 0 0 0
2046 1053 17 9 Name 0 0 0
3632 2344 54 10 Name 0 0 0
1934 2731 31 12 Name 0 0 0
3344 3819 27 13 Name 0 0 0
686 3576 60 19 Name 0 0 0
3600 3040 32 16 Name 0 0 0
1081 2524 42 11 Name 0 0 0
3291 3995 64 23 Name 0 0 0
3373 2564 25 18 Name 0 0 0
3263 1967 48 14 Name 0 0 0
17 3011 29 23 Name 0 0 0
3474 1789 29 15 Name 0 0 0
2330 4052 29 17 Name 0 0 0
2577 1328 51 10 Name 0 0 0
3247 3738 41 21 Name 0 0 0
1259 1646 38 11 Name 0 0 0
2617 2089 26 17 Name 0 0 0
3284 2596 64 11 Name 0 0 0
1637 1994 61 20 Name 0 0 0
1879 3427 50 15 Name 0 0 0
3120 1254 20 23 Name 0 0 0
892 665 19 17 Name 0 0 0
3692 725 51 16 Name 0 0 0
2183 703 57 14 Name 0 0 0
687 998 25 19 Name 0 0 0
3262 1288 41 16 Name 0 0 0
1207 3375 33 12 Name 0 0 0
4025 3136 26 20 Name 0 0 0
3381 3046 16 22 Name 0 0 0
3330 4038 42 12 Name 0 0 0
1928 2507 62 10 Name 0 0 0
3857 361 18 12 Name 0 0 0
1338 1379 48 9 Name 0 0 0
1154 3762 50 18 Name 0 0 0
154 2989 18 12 Name 0 0 0
4022 3454 30 11 Name 0 0 0
3034 3768 63 21 Name 0 0 0
3762 4022 30 16 Name 0 0 0
3457 2792 58 22 Name 0 0 0
1625 2629 64 17 Name 0 0 0
3140 3615 47 21 Name 0 0 0
2647 2241 21 17 Name 0 0 0
380 1380 24 16 Name 0 0 0
3542 782 57 11 Name 0 0 0
2242 3664 54 10 Name 0 0 0
4003 3215 50 12 Name 0 0 0
273 2 29 20 Name 0 0 0
3048 2467 48 14 Name 0 0 0
435 2883 42 9 Name 0 0 0
942 1941 28 19 Name 0 0 0
2031 2540 51 11 Name 0 0 0
565 1334 34 21 Name 0 0 0
3280 3140 46 23 Name 0 0 0
2591 2409 32 18 Name 0 0 0
2270 3208 39 13 Name 0 0 0
3690 2161 17 19 Name 0 0 0
3828 1577 47 22 Name 0 0 0
2881 1650 37 17 Name 0 0 0
3659 503 39 22 Name 0 0 0
3892 3528 54 23 Name 0 0 0
1530 86 51 24 Name 0 0 0
3299 1998 45 11 Name 0 0 0
3952 2811 63 21 Name 0 0 0
1430 733 23 12 Name 0 0 0
1653 1184 53 15 Name 0 0 0
3582 1445 38 11 Name 0 0 0
3358 2694 50 16 Name 0 0 0
1351 2293 33 15 Name 0 0 0
3415 1724 62 18 Name 0 0 0
3475 1067 64 15 Name 0 0 0
2883 1128 19 23 Name 0 0 0
2461 2062 42 23 Name 0 0 0
3670 1057 62 18 Name 0 0 0
3484 222 28 16 Name 0 0 0
2734 2781 48 14 Name 0 0 0
2724 911 43 22 Name 0 0 0
3336 3485 51 20 Name 0 0 0
1636 1336 30 8 Name 0 0 0
615 3299 33 15 Name 0 0 0
1257 531 38 19 Name 0 0 0
2295 2652 32 23 Name 0 0 0
2636 2128 23 18 Name 0 0 0
1042 2225 36 15 Name 0 0 0
3881 3442 48 20 Name 0 0 0
3160 2059 64 15 Name 0 0 0
3412 3180 25 22 Name 0 0 0
2860 3167 57 22 Name 0 0 0
403 203 46 19 Name 0 0 0
2994 1240 19 20 Name 0 0 0
3292 953 41 23 Name 0 0 0
2314 2813 27 11 Name 0 0 0
2557 2225 64 23 Name 0 0 0
327 2673 62 17 Name 0 0 0
346 3593 40 21 Name 0 0 0
2365 2959 55 10 Name 0 0 0
2660 766 31 21 Name 0 0 0
3218 1451 28 9 Name 0 0 0
1958 3593 42 16 Name 0 0 0
166 92 59 12 Name 0 0 0
445 2315 61 21 Name 0 0 0
1563 2666 39 16 Name 0 0 0
387 2607 53 23 Name 0 0 0
205 1173 31 9 Name 0 0 0
536 3829 30 23 Name 0 0 0
2764 2640 24 24 Name 0 0 0
1936 1830 38 19 Name 0 0 0
3298 416 19 23 Name 0 0 0
2995 1435 64 19 Name 0 0 0
3839 266 61 10 Name 0 0 0
1203 3269 44 11 Name 0 0 0
2580 4017 47 16 Name 0 0 0
1140 338 16 14 Name 0 0 0
519 2350 25 20 Name 0 0 0
5 262 50 17 Name 0 0 0
1393 3728 64 20 Name 0 0 0
1011 4006 41 9 Name 0 0 0
3062 2022 22 11 Name 0 0 0
777 3231 33 13 Name 0 0 0
3936 2637 59 18 Name 0 0 0
3243 174 49 9 Name 0 0 0
3901 934 34 20 Name 0 0 0
3330 3001 60 14 Name 0 0 0
599 1186 51 15 Name 0 0 0
1960 389 34 19 Name 0 0 0
2468 1544 48 13 Name 0 0 0
3574 3662 55 14 Name 0 0 0
2532 2047 52 17 Name 0 0 0
3422 1631 45 21 Name 0 0 0
2372 3657 29 13 Name 0 0 0
4020 1953 22 9 Name 0 0 0
2419 3095 49 18 Name 0 0 0
2497 1097 63 13 Name 0 0 0
4088 4083 48 19 Name 0 0 0
752 1733 29 9 Name 0 0 0
512 940 36 15 Name 0 0 0
1565 3110 35 20 Name 0 0 0
x-Min=0
x-Max=4096
y-Min=0
y-Max=4096
min label height=8.0
max label height=24.0
min label width=16.0
max label width=64.0
