1024
101 125 5 2 Name 0 0 0
572 605 6 2 Name 0 0 0
131 118 5 2 Name 0 0 0
549 846 7 2 Name 0 0 0
479 620 6 2 Name 0 0 0
219 431 7 2 Name 0 0 0
473 244 6 2 Name 0 0 0
276 684 5 2 Name 0 0 0
508 656 7 2 Name 0 0 0
461 445 6 2 Name 0 0 0
165 246 5 2 Name 0 0 0
188 523 7 2 Name 0 0 0
794 857 5 2 Name 0 0 0
189 400 7 2 Name 0 0 0
495 918 5 2 Name 0 0 0
397 207 4 2 Name 0 0 0
859 59 5 2 Name 0 0 0
381 87 6 2 Name 0 0 0
6 792 8 2 Name 0 0 0
328 320 8 2 Name 0 0 0
702 954 4 2 Name 0 0 0
404 285 7 2 Name 0 0 0
601 311 6 2 Name 0 0 0
538 708 5 2 Name 0 0 0
959 977 7 2 Name 0 0 0
253 645 5 2 Name 0 0 0
455 398 7 2 Name 0 0 0
594 206 8 2 Name 0 0 0
958 74 7 2 Name 0 0 0
671 23 8 2 Name 0 0 0
521 560 7 2 Name 0 0 0
1000 148 7 2 Name 0 0 0
1018 601 7 2 Name 0 0 0
956 237 5 2 Name 0 0 0
447 590 8 2 Name 0 0 0
438 775 5 2 Name 0 0 0
386 999 7 2 Name 0 0 0
274 634 8 2 Name 0 0 0
235 773 6 2 Name 0 0 0
50 958 5 2 Name 0 0 0
960 54 6 2 Name 0 0 0
722 29 6 2 Name 0 0 0
189 186 5 2 Name 0 0 0
18 359 7 2 Name 0 0 0
445 117 6 2 Name 0 0 0
279 436 5 2 Name 0 0 0
758 888 4 2 Name 0 0 0
869 815 8 2 Name 0 0 0
701 341 4 2 Name 0 0 0
547 490 8 2 Name 0 0 0
516 33 4 2 Name 0 0 0
449 911 5 2 Name 0 0 0
708 680 7 2 Name 0 0 0
255 783 7 2 Name 0 0 0
926 985 6 2 Name 0 0 0
961 98 6 2 Name 0 0 0
469 649 5 2 Name 0 0 0
503 317 7 2 Name 0 0 0
319 182 6 2 Name 0 0 0
31 421 7 2 Name 0 0 0
682 522 6 2 Name 0 0 0
642 758 6 2 Name 0 0 0
112 833 6 2 Name 0 0 0
63 661 5 2 Name 0 0 0
860 639 7 2 Name 0 0 0
790 122 5 2 Name 0 0 0
884 336 6 2 Name 0 0 0
778 639 4 2 Name 0 0 0
562 671 7 2 Name 0 0 0
472 822 7 2 Name 0 0 0
209 634 6 2 Name 0 0 0
163 973 4 2 Name 0 0 0
453 935 5 2 Name 0 0 0
826 606 7 2 Name 0 0 0
176 304 8 2 Name 0 0 0
540 998 6 2 Name 0 0 0
153 763 5 2 Name 0 0 0
406 439 6 2 Name 0 0 0
879 884 4 2 Name 0 0 0
124 969 5 2 Name 0 0 0
193 440 6 2 Name 0 0 0
372 911 7 2 Name 0 0 0
823 221 6 2 Name 0 0 0
450 976 7 2 Name 0 0 0
257 369 4 2 Name 0 0 0
121 196 6 2 Name 0 0 0
650 608 5 2 Name 0 0 0
909 20 5 2 Name 0 0 0
122 409 8 2 Name 0 0 0
189 870 8 2 Name 0 0 0
315 675 8 2 Name 0 0 0
833 108 8 2 Name 0 0 0
750 672 7 2 Name 0 0 0
23 111 8 2 Name 0 0 0
603 86 5 2 Name 0 0 0
390 218 7 2 Name 0 0 0
334 305 7 2 Name 0 0 0
716 924 8 2 Name 0 0 0
743 610 5 2 Name 0 0 0
933 739 8 2 Name 0 0 0
698 468 5 2 Name 0 0 0
251 667 7 2 Name 0 0 0
218 77 5 2 Name 0 0 0
484 419 6 2 Name 0 0 0
78 806 7 2 Name 0 0 0
492 542 7 2 Name 0 0 0
922 846 6 2 Name 0 0 0
804 699 6 2 Name 0 0 0
680 602 7 2 Name 0 0 0
364 372 5 2 Name 0 0 0
978 369 7 2 Name 0 0 0
81 314 7 2 Name 0 0 0
31 720 5 2 Name 0 0 0
10 470 5 2 Name 0 0 0
229 893 4 2 Name 0 0 0
318 547 7 2 Name 0 0 0
617 77 8 2 Name 0 0 0
209 631 7 2 Name 0 0 0
440 33 7 2 Name 0 0 0
951 870 7 2 Name 0 0 0
40 137 6 2 Name 0 0 0
966 263 6 2 Name 0 0 0
301 42 6 2 Name 0 0 0
480 552 8 2 Name 0 0 0
810 757 5 2 Name 0 0 0
28 724 7 2 Name 0 0 0
121 648 5 2 Name 0 0 0
203 631 5 2 Name 0 0 0
109 103 7 2 Name 0 0 0
906 326 5 2 Name 0 0 0
884 974 7 2 Name 0 0 0
552 654 7 2 Name 0 0 0
269 832 7 2 Name 0 0 0
233 289 7 2 Name 0 0 0
392 889 5 2 Name 0 0 0
827 235 4 2 Name 0 0 0
780 17 6 2 Name 0 0 0
188 592 6 2 Name 0 0 0
1020 79 7 2 Name 0 0 0
926 29 7 2 Name 0 0 0
656 478 6 2 Name 0 0 0
1005 846 6 2 Name 0 0 0
185 641 8 2 Name 0 0 0
798 184 4 2 Name 0 0 0
840 182 6 2 Name 0 0 0
199 4 7 2 Name 0 0 0
704 854 7 2 Name 0 0 0
525 482 6 2 Name 0 0 0
747 977 7 2 Name 0 0 0
392 414 8 2 Name 0 0 0
761 436 4 2 Name 0 0 0
850 715 6 2 Name 0 0 0
273 179 6 2 Name 0 0 0
706 483 6 2 Name 0 0 0
525 102 7 2 Name 0 0 0
1019 399 7 2 Name 0 0 0
219 386 5 2 Name 0 0 0
817 344 8 2 Name 0 0 0
342 265 4 2 Name 0 0 0
729 103 6 2 Name 0 0 0
692 636 6 2 Name 0 0 0
604 203 5 2 Name 0 0 0
640 611 7 2 Name 0 0 0
476 712 4 2 Name 0 0 0
1012 452 7 2 Name 0 0 0
566 936 6 2 Name 0 0 0
881 112 7 2 Name 0 0 0
662 768 4 2 Name 0 0 0
184 249 5 2 Name 0 0 0
801 1019 4 2 Name 0 0 0
614 346 5 2 Name 0 0 0
802 201 5 2 Name 0 0 0
378 804 8 2 Name 0 0 0
107 70 6 2 Name 0 0 0
846 474 7 2 Name 0 0 0
794 436 6 2 Name 0 0 0
502 632 8 2 Name 0 0 0
162 860 6 2 Name 0 0 0
891 936 6 2 Name 0 0 0
511 715 7 2 Name 0 0 0
395 539 6 2 Name 0 0 0
664 930 5 2 Name 0 0 0
990 812 4 2 Name 0 0 0
578 819 6 2 Name 0 0 0
341 378 5 2 Name 0 0 0
917 684 5 2 Name 0 0 0
386 156 7 2 Name 0 0 0
152 391 7 2 Name 0 0 0
531 500 4 2 Name 0 0 0
1021 722 7 2 Name 0 0 0
38 808 5 2 Name 0 0 0
589 417 5 2 Name 0 0 0
530 893 6 2 Name 0 0 0
423 10 8 2 Name 0 0 0
30 929 5 2 Name 0 0 0
62 256 7 2 Name 0 0 0
915 616 8 2 Name 0 0 0
703 50 5 2 Name 0 0 0
136 398 7 2 Name 0 0 0
104 280 4 2 Name 0 0 0
607 93 6 2 Name 0 0 0
661 256 8 2 Name 0 0 0
794 611 8 2 Name 0 0 0
578 642 7 2 Name 0 0 0
427 46 5 2 Name 0 0 0
495 439 5 2 Name 0 0 0
168 818 8 2 Name 0 0 0
338 452 8 2 Name 0 0 0
567 503 5 2 Name 0 0 0
980 345 5 2 Name 0 0 0
862 358 5 2 Name 0 0 0
803 888 5 2 Name 0 0 0
998 995 5 2 Name 0 0 0
674 807 6 2 Name 0 0 0
561 626 7 2 Name 0 0 0
480 557 6 2 Name 0 0 0
338 553 7 2 Name 0 0 0
207 938 5 2 Name 0 0 0
981 694 5 2 Name 0 0 0
895 700 5 2 Name 0 0 0
489 507 5 2 Name 0 0 0
341 87 8 2 Name 0 0 0
460 814 6 2 Name 0 0 0
901 322 8 2 Name 0 0 0
518 250 6 2 Name 0 0 0
1022 279 5 2 Name 0 0 0
421 1003 6 2 Name 0 0 0
586 458 7 2 Name 0 0 0
432 245 6 2 Name 0 0 0
164 721 7 2 Name 0 0 0
227 322 7 2 Name 0 0 0
366 832 7 2 Name 0 0 0
698 358 6 2 Name 0 0 0
950 436 6 2 Name 0 0 0
434 805 4 2 Name 0 0 0
434 998 7 2 Name 0 0 0
478 37 4 2 Name 0 0 0
813 549 5 2 Name 0 0 0
372 535 8 2 Name 0 0 0
865 427 7 2 Name 0 0 0
380 293 4 2 Name 0 0 0
636 646 4 2 Name 0 0 0
0 921 5 2 Name 0 0 0
193 123 7 2 Name 0 0 0
297 703 5 2 Name 0 0 0
996 736 8 2 Name 0 0 0
288 950 7 2 Name 0 0 0
108 429 7 2 Name 0 0 0
453 1000 5 2 Name 0 0 0
777 643 7 2 Name 0 0 0
151 157 6 2 Name 0 0 0
507 962 5 2 Name 0 0 0
318 655 8 2 Name 0 0 0
779 582 5 2 Name 0 0 0
649 482 8 2 Name 0 0 0
945 453 6 2 Name 0 0 0
925 995 5 2 Name 0 0 0
655 231 6 2 Name 0 0 0
589 523 7 2 Name 0 0 0
273 206 6 2 Name 0 0 0
519 618 6 2 Name 0 0 0
165 115 5 2 Name 0 0 0
750 915 6 2 Name 0 0 0
470 238 8 2 Name 0 0 0
291 135 4 2 Name 0 0 0
451 234 5 2 Name 0 0 0
756 937 8 2 Name 0 0 0
100 679 7 2 Name 0 0 0
31 253 7 2 Name 0 0 0
190 428 5 2 Name 0 0 0
505 301 4 2 Name 0 0 0
1013 140 6 2 Name 0 0 0
975 1006 6 2 Name 0 0 0
654 881 5 2 Name 0 0 0
955 900 7 2 Name 0 0 0
569 706 7 2 Name 0 0 0
431 676 7 2 Name 0 0 0
288 285 7 2 Name 0 0 0
790 443 6 2 Name 0 0 0
107 496 8 2 Name 0 0 0
662 432 6 2 Name 0 0 0
956 370 4 2 Name 0 0 0
99 143 5 2 Name 0 0 0
864 111 7 2 Name 0 0 0
362 551 5 2 Name 0 0 0
963 407 4 2 Name 0 0 0
461 658 4 2 Name 0 0 0
7 708 5 2 Name 0 0 0
182 897 4 2 Name 0 0 0
87 250 7 2 Name 0 0 0
504 665 5 2 Name 0 0 0
407 408 8 2 Name 0 0 0
177 63 6 2 Name 0 0 0
591 6 6 2 Name 0 0 0
794 319 5 2 Name 0 0 0
957 950 6 2 Name 0 0 0
955 294 5 2 Name 0 0 0
116 31 6 2 Name 0 0 0
1005 503 4 2 Name 0 0 0
779 95 5 2 Name 0 0 0
954 422 6 2 Name 0 0 0
845 769 6 2 Name 0 0 0
649 376 5 2 Name 0 0 0
527 810 6 2 Name 0 0 0
959 770 4 2 Name 0 0 0
38 763 6 2 Name 0 0 0
851 546 6 2 Name 0 0 0
581 522 6 2 Name 0 0 0
574 79 5 2 Name 0 0 0
524 866 7 2 Name 0 0 0
135 426 5 2 Name 0 0 0
546 491 5 2 Name 0 0 0
717 776 4 2 Name 0 0 0
775 245 6 2 Name 0 0 0
140 110 7 2 Name 0 0 0
67 1023 7 2 Name 0 0 0
905 323 5 2 Name 0 0 0
232 918 6 2 Name 0 0 0
283 605 4 2 Name 0 0 0
736 887 6 2 Name 0 0 0
70 903 6 2 Name 0 0 0
643 970 6 2 Name 0 0 0
616 188 7 2 Name 0 0 0
32 820 7 2 Name 0 0 0
974 977 6 2 Name 0 0 0
875 293 6 2 Name 0 0 0
697 949 4 2 Name 0 0 0
655 257 8 2 Name 0 0 0
746 639 4 2 Name 0 0 0
256 804 5 2 Name 0 0 0
243 645 5 2 Name 0 0 0
215 123 5 2 Name 0 0 0
694 220 7 2 Name 0 0 0
559 520 5 2 Name 0 0 0
726 657 5 2 Name 0 0 0
804 673 5 2 Name 0 0 0
45 331 8 2 Name 0 0 0
140 193 5 2 Name 0 0 0
780 610 6 2 Name 0 0 0
167 715 7 2 Name 0 0 0
515 387 6 2 Name 0 0 0
257 182 5 2 Name 0 0 0
922 739 5 2 Name 0 0 0
975 649 4 2 Name 0 0 0
66 971 6 2 Name 0 0 0
438 865 5 2 Name 0 0 0
6 218 6 2 Name 0 0 0
248 204 7 2 Name 0 0 0
841 590 8 2 Name 0 0 0
803 692 7 2 Name 0 0 0
970 223 8 2 Name 0 0 0
287 1005 4 2 Name 0 0 0
994 348 8 2 Name 0 0 0
1 359 4 2 Name 0 0 0
737 302 7 2 Name 0 0 0
113 480 7 2 Name 0 0 0
754 178 5 2 Name 0 0 0
300 981 5 2 Name 0 0 0
581 871 7 2 Name 0 0 0
947 450 4 2 Name 0 0 0
967 331 6 2 Name 0 0 0
993 590 7 2 Name 0 0 0
528 992 4 2 Name 0 0 0
918 691 7 2 Name 0 0 0
1021 225 6 2 Name 0 0 0
910 155 5 2 Name 0 0 0
761 924 5 2 Name 0 0 0
243 213 4 2 Name 0 0 0
842 458 5 2 Name 0 0 0
446 177 7 2 Name 0 0 0
883 402 6 2 Name 0 0 0
496 764 5 2 Name 0 0 0
271 494 4 2 Name 0 0 0
57 531 8 2 Name 0 0 0
149 690 6 2 Name 0 0 0
144 549 6 2 Name 0 0 0
357 238 6 2 Name 0 0 0
713 731 5 2 Name 0 0 0
943 812 5 2 Name 0 0 0
34 88 6 2 Name 0 0 0
156 643 6 2 Name 0 0 0
402 804 5 2 Name 0 0 0
693 470 7 2 Name 0 0 0
590 653 8 2 Name 0 0 0
155 361 7 2 Name 0 0 0
906 605 4 2 Name 0 0 0
77 774 7 2 Name 0 0 0
941 236 5 2 Name 0 0 0
639 870 7 2 Name 0 0 0
876 142 7 2 Name 0 0 0
750 86 5 2 Name 0 0 0
592 802 7 2 Name 0 0 0
696 416 6 2 Name 0 0 0
657 701 7 2 Name 0 0 0
708 631 5 2 Name 0 0 0
871 420 4 2 Name 0 0 0
228 258 8 2 Name 0 0 0
588 127 5 2 Name 0 0 0
928 975 4 2 Name 0 0 0
698 874 6 2 Name 0 0 0
367 69 6 2 Name 0 0 0
629 494 4 2 Name 0 0 0
48 372 7 2 Name 0 0 0
607 5 8 2 Name 0 0 0
512 607 7 2 Name 0 0 0
574 68 5 2 Name 0 0 0
379 578 7 2 Name 0 0 0
834 129 7 2 Name 0 0 0
953 515 6 2 Name 0 0 0
917 888 6 2 Name 0 0 0
246 657 7 2 Name 0 0 0
743 215 6 2 Name 0 0 0
113 792 6 2 Name 0 0 0
713 277 7 2 Name 0 0 0
507 285 6 2 Name 0 0 0
489 653 7 2 Name 0 0 0
187 161 7 2 Name 0 0 0
782 137 6 2 Name 0 0 0
887 122 4 2 Name 0 0 0
355 202 4 2 Name 0 0 0
621 602 4 2 Name 0 0 0
693 386 8 2 Name 0 0 0
888 614 6 2 Name 0 0 0
925 654 8 2 Name 0 0 0
374 381 5 2 Name 0 0 0
41 526 6 2 Name 0 0 0
783 903 5 2 Name 0 0 0
54 973 6 2 Name 0 0 0
728 666 5 2 Name 0 0 0
616 574 7 2 Name 0 0 0
167 421 6 2 Name 0 0 0
332 729 6 2 Name 0 0 0
230 25 4 2 Name 0 0 0
809 516 6 2 Name 0 0 0
523 277 6 2 Name 0 0 0
972 41 5 2 Name 0 0 0
565 865 4 2 Name 0 0 0
75 843 6 2 Name 0 0 0
368 571 8 2 Name 0 0 0
650 213 8 2 Name 0 0 0
927 629 6 2 Name 0 0 0
291 92 8 2 Name 0 0 0
580 419 6 2 Name 0 0 0
57 397 4 2 Name 0 0 0
1022 584 5 2 Name 0 0 0
666 236 4 2 Name 0 0 0
502 350 5 2 Name 0 0 0
466 110 6 2 Name 0 0 0
864 363 4 2 Name 0 0 0
644 390 6 2 Name 0 0 0
137 753 5 2 Name 0 0 0
406 845 5 2 Name 0 0 0
131 415 5 2 Name 0 0 0
910 294 6 2 Name 0 0 0
905 976 4 2 Name 0 0 0
790 269 5 2 Name 0 0 0
466 569 7 2 Name 0 0 0
758 688 6 2 Name 0 0 0
986 1007 5 2 Name 0 0 0
109 554 7 2 Name 0 0 0
168 193 8 2 Name 0 0 0
177 199 7 2 Name 0 0 0
588 213 6 2 Name 0 0 0
627 631 5 2 Name 0 0 0
403 633 7 2 Name 0 0 0
979 962 8 2 Name 0 0 0
175 483 6 2 Name 0 0 0
228 781 6 2 Name 0 0 0
240 24 6 2 Name 0 0 0
599 697 5 2 Name 0 0 0
988 114 6 2 Name 0 0 0
964 759 4 2 Name 0 0 0
921 242 8 2 Name 0 0 0
300 976 7 2 Name 0 0 0
470 147 6 2 Name 0 0 0
893 996 7 2 Name 0 0 0
375 929 6 2 Name 0 0 0
478 933 5 2 Name 0 0 0
133 526 8 2 Name 0 0 0
508 628 7 2 Name 0 0 0
95 628 4 2 Name 0 0 0
129 1003 7 2 Name 0 0 0
20 116 8 2 Name 0 0 0
140 195 7 2 Name 0 0 0
548 844 8 2 Name 0 0 0
157 273 7 2 Name 0 0 0
696 226 8 2 Name 0 0 0
41 931 7 2 Name 0 0 0
855 972 6 2 Name 0 0 0
608 633 6 2 Name 0 0 0
151 119 8 2 Name 0 0 0
1003 77 8 2 Name 0 0 0
519 476 8 2 Name 0 0 0
63 21 4 2 Name 0 0 0
859 505 8 2 Name 0 0 0
151 660 4 2 Name 0 0 0
465 1019 6 2 Name 0 0 0
727 116 6 2 Name 0 0 0
374 285 5 2 Name 0 0 0
793 897 6 2 Name 0 0 0
375 319 5 2 Name 0 0 0
382 552 6 2 Name 0 0 0
954 712 4 2 Name 0 0 0
429 721 7 2 Name 0 0 0
54 599 6 2 Name 0 0 0
980 286 5 2 Name 0 0 0
158 653 7 2 Name 0 0 0
709 314 7 2 Name 0 0 0
968 510 6 2 Name 0 0 0
11 110 5 2 Name 0 0 0
153 948 6 2 Name 0 0 0
973 24 7 2 Name 0 0 0
215 526 5 2 Name 0 0 0
87 545 7 2 Name 0 0 0
672 505 7 2 Name 0 0 0
727 175 5 2 Name 0 0 0
795 847 6 2 Name 0 0 0
184 785 7 2 Name 0 0 0
190 168 4 2 Name 0 0 0
664 625 5 2 Name 0 0 0
680 89 4 2 Name 0 0 0
316 818 8 2 Name 0 0 0
673 315 7 2 Name 0 0 0
236 342 7 2 Name 0 0 0
888 54 6 2 Name 0 0 0
492 642 7 2 Name 0 0 0
36 443 7 2 Name 0 0 0
309 970 4 2 Name 0 0 0
958 925 5 2 Name 0 0 0
609 821 5 2 Name 0 0 0
902 195 6 2 Name 0 0 0
982 11 8 2 Name 0 0 0
354 543 5 2 Name 0 0 0
106 129 5 2 Name 0 0 0
88 75 5 2 Name 0 0 0
941 622 5 2 Name 0 0 0
697 972 6 2 Name 0 0 0
440 785 5 2 Name 0 0 0
45 696 8 2 Name 0 0 0
116 180 8 2 Name 0 0 0
644 301 5 2 Name 0 0 0
380 270 7 2 Name 0 0 0
244 659 5 2 Name 0 0 0
169 760 5 2 Name 0 0 0
690 549 5 2 Name 0 0 0
295 242 6 2 Name 0 0 0
37 639 7 2 Name 0 0 0
109 664 6 2 Name 0 0 0
528 9 6 2 Name 0 0 0
985 444 8 2 Name 0 0 0
377 919 8 2 Name 0 0 0
249 137 7 2 Name 0 0 0
72 925 7 2 Name 0 0 0
487 637 6 2 Name 0 0 0
837 1021 6 2 Name 0 0 0
151 293 6 2 Name 0 0 0
996 107 8 2 Name 0 0 0
246 544 7 2 Name 0 0 0
213 470 7 2 Name 0 0 0
28 808 6 2 Name 0 0 0
667 296 5 2 Name 0 0 0
889 611 4 2 Name 0 0 0
193 253 6 2 Name 0 0 0
328 841 8 2 Name 0 0 0
890 280 6 2 Name 0 0 0
63 505 5 2 Name 0 0 0
478 916 5 2 Name 0 0 0
949 664 8 2 Name 0 0 0
473 199 4 2 Name 0 0 0
385 826 5 2 Name 0 0 0
39 150 4 2 Name 0 0 0
777 808 5 2 Name 0 0 0
478 835 8 2 Name 0 0 0
53 641 6 2 Name 0 0 0
706 345 5 2 Name 0 0 0
293 957 4 2 Name 0 0 0
266 789 7 2 Name 0 0 0
803 896 5 2 Name 0 0 0
680 831 6 2 Name 0 0 0
345 999 5 2 Name 0 0 0
416 994 6 2 Name 0 0 0
489 417 5 2 Name 0 0 0
884 683 6 2 Name 0 0 0
35 246 7 2 Name 0 0 0
465 195 5 2 Name 0 0 0
803 796 5 2 Name 0 0 0
200 987 8 2 Name 0 0 0
639 880 8 2 Name 0 0 0
320 179 4 2 Name 0 0 0
487 1013 5 2 Name 0 0 0
555 648 4 2 Name 0 0 0
95 233 4 2 Name 0 0 0
364 700 5 2 Name 0 0 0
227 327 6 2 Name 0 0 0
421 159 7 2 Name 0 0 0
916 485 6 2 Name 0 0 0
746 173 6 2 Name 0 0 0
72 170 7 2 Name 0 0 0
814 709 8 2 Name 0 0 0
563 745 7 2 Name 0 0 0
853 970 5 2 Name 0 0 0
410 196 6 2 Name 0 0 0
807 659 6 2 Name 0 0 0
324 41 7 2 Name 0 0 0
252 938 6 2 Name 0 0 0
649 129 5 2 Name 0 0 0
672 140 6 2 Name 0 0 0
220 215 4 2 Name 0 0 0
615 292 8 2 Name 0 0 0
302 918 6 2 Name 0 0 0
95 432 6 2 Name 0 0 0
174 945 5 2 Name 0 0 0
918 355 6 2 Name 0 0 0
521 405 6 2 Name 0 0 0
718 659 5 2 Name 0 0 0
355 38 5 2 Name 0 0 0
237 873 8 2 Name 0 0 0
406 536 7 2 Name 0 0 0
579 68 5 2 Name 0 0 0
689 878 8 2 Name 0 0 0
684 404 4 2 Name 0 0 0
766 788 5 2 Name 0 0 0
719 216 8 2 Name 0 0 0
311 742 4 2 Name 0 0 0
37 741 5 2 Name 0 0 0
554 281 8 2 Name 0 0 0
277 235 7 2 Name 0 0 0
343 1021 4 2 Name 0 0 0
597 920 6 2 Name 0 0 0
873 239 6 2 Name 0 0 0
702 75 7 2 Name 0 0 0
374 266 7 2 Name 0 0 0
810 492 7 2 Name 0 0 0
164 507 7 2 Name 0 0 0
308 863 7 2 Name 0 0 0
342 21 5 2 Name 0 0 0
857 861 7 2 Name 0 0 0
526 631 6 2 Name 0 0 0
213 604 5 2 Name 0 0 0
822 173 7 2 Name 0 0 0
592 749 5 2 Name 0 0 0
153 56 6 2 Name 0 0 0
770 907 7 2 Name 0 0 0
980 336 7 2 Name 0 0 0
1012 133 7 2 Name 0 0 0
267 304 6 2 Name 0 0 0
852 53 7 2 Name 0 0 0
1010 54 7 2 Name 0 0 0
853 724 5 2 Name 0 0 0
380 66 5 2 Name 0 0 0
882 92 7 2 Name 0 0 0
412 666 5 2 Name 0 0 0
198 405 5 2 Name 0 0 0
967 309 8 2 Name 0 0 0
213 227 5 2 Name 0 0 0
325 18 5 2 Name 0 0 0
207 557 4 2 Name 0 0 0
311 39 8 2 Name 0 0 0
177 391 4 2 Name 0 0 0
382 823 7 2 Name 0 0 0
259 378 5 2 Name 0 0 0
725 564 6 2 Name 0 0 0
531 764 6 2 Name 0 0 0
618 646 8 2 Name 0 0 0
299 542 5 2 Name 0 0 0
253 174 6 2 Name 0 0 0
634 38 5 2 Name 0 0 0
356 941 6 2 Name 0 0 0
292 577 6 2 Name 0 0 0
168 854 7 2 Name 0 0 0
901 674 6 2 Name 0 0 0
391 309 7 2 Name 0 0 0
175 736 7 2 Name 0 0 0
291 248 6 2 Name 0 0 0
965 666 6 2 Name 0 0 0
518 405 7 2 Name 0 0 0
177 448 8 2 Name 0 0 0
848 939 5 2 Name 0 0 0
597 587 6 2 Name 0 0 0
372 605 6 2 Name 0 0 0
847 78 5 2 Name 0 0 0
124 862 7 2 Name 0 0 0
780 844 7 2 Name 0 0 0
545 367 7 2 Name 0 0 0
581 533 7 2 Name 0 0 0
438 951 4 2 Name 0 0 0
1008 919 4 2 Name 0 0 0
480 67 8 2 Name 0 0 0
194 169 7 2 Name 0 0 0
445 230 7 2 Name 0 0 0
582 712 8 2 Name 0 0 0
212 191 5 2 Name 0 0 0
409 693 6 2 Name 0 0 0
202 932 7 2 Name 0 0 0
357 250 6 2 Name 0 0 0
359 931 5 2 Name 0 0 0
854 56 6 2 Name 0 0 0
854 382 6 2 Name 0 0 0
157 599 7 2 Name 0 0 0
901 576 7 2 Name 0 0 0
36 492 5 2 Name 0 0 0
27 191 6 2 Name 0 0 0
408 158 4 2 Name 0 0 0
764 50 8 2 Name 0 0 0
1019 240 6 2 Name 0 0 0
274 4 5 2 Name 0 0 0
186 716 5 2 Name 0 0 0
408 881 4 2 Name 0 0 0
941 160 6 2 Name 0 0 0
835 710 7 2 Name 0 0 0
693 578 7 2 Name 0 0 0
282 308 6 2 Name 0 0 0
251 785 5 2 Name 0 0 0
101 32 4 2 Name 0 0 0
902 480 7 2 Name 0 0 0
709 637 5 2 Name 0 0 0
864 820 6 2 Name 0 0 0
880 572 7 2 Name 0 0 0
358 548 7 2 Name 0 0 0
131 19 4 2 Name 0 0 0
807 969 6 2 Name 0 0 0
232 482 6 2 Name 0 0 0
432 556 5 2 Name 0 0 0
944 383 5 2 Name 0 0 0
1008 214 6 2 Name 0 0 0
561 895 6 2 Name 0 0 0
341 148 5 2 Name 0 0 0
19 885 5 2 Name 0 0 0
622 152 7 2 Name 0 0 0
362 874 8 2 Name 0 0 0
568 18 5 2 Name 0 0 0
820 1013 5 2 Name 0 0 0
900 287 7 2 Name 0 0 0
319 366 8 2 Name 0 0 0
601 290 8 2 Name 0 0 0
970 272 6 2 Name 0 0 0
29 176 5 2 Name 0 0 0
1020 82 8 2 Name 0 0 0
734 790 6 2 Name 0 0 0
265 714 8 2 Name 0 0 0
964 957 6 2 Name 0 0 0
296 965 7 2 Name 0 0 0
306 629 8 2 Name 0 0 0
1010 176 6 2 Name 0 0 0
482 310 5 2 Name 0 0 0
598 389 6 2 Name 0 0 0
527 959 8 2 Name 0 0 0
261 838 4 2 Name 0 0 0
301 340 7 2 Name 0 0 0
894 966 4 2 Name 0 0 0
235 900 6 2 Name 0 0 0
698 311 6 2 Name 0 0 0
946 705 7 2 Name 0 0 0
786 922 5 2 Name 0 0 0
949 199 4 2 Name 0 0 0
453 948 4 2 Name 0 0 0
63 492 7 2 Name 0 0 0
910 816 6 2 Name 0 0 0
958 51 6 2 Name 0 0 0
119 856 6 2 Name 0 0 0
62 608 7 2 Name 0 0 0
540 925 7 2 Name 0 0 0
539 580 4 2 Name 0 0 0
744 966 7 2 Name 0 0 0
52 820 7 2 Name 0 0 0
189 516 7 2 Name 0 0 0
58 1020 5 2 Name 0 0 0
150 355 7 2 Name 0 0 0
168 948 5 2 Name 0 0 0
759 556 7 2 Name 0 0 0
336 212 8 2 Name 0 0 0
362 282 7 2 Name 0 0 0
293 803 7 2 Name 0 0 0
250 244 8 2 Name 0 0 0
354 61 5 2 Name 0 0 0
106 580 6 2 Name 0 0 0
357 245 5 2 Name 0 0 0
899 230 5 2 Name 0 0 0
205 508 7 2 Name 0 0 0
144 659 7 2 Name 0 0 0
913 426 7 2 Name 0 0 0
47 748 8 2 Name 0 0 0
783 793 4 2 Name 0 0 0
395 992 4 2 Name 0 0 0
76 267 8 2 Name 0 0 0
175 768 4 2 Name 0 0 0
411 440 6 2 Name 0 0 0
851 434 8 2 Name 0 0 0
684 835 8 2 Name 0 0 0
2 340 6 2 Name 0 0 0
847 468 5 2 Name 0 0 0
12 47 6 2 Name 0 0 0
248 353 4 2 Name 0 0 0
30 763 4 2 Name 0 0 0
177 26 7 2 Name 0 0 0
311 224 4 2 Name 0 0 0
968 581 7 2 Name 0 0 0
52 908 8 2 Name 0 0 0
117 815 6 2 Name 0 0 0
978 317 8 2 Name 0 0 0
175 762 7 2 Name 0 0 0
718 467 7 2 Name 0 0 0
468 39 8 2 Name 0 0 0
988 989 6 2 Name 0 0 0
257 513 6 2 Name 0 0 0
46 346 6 2 Name 0 0 0
638 324 6 2 Name 0 0 0
1015 985 5 2 Name 0 0 0
312 159 5 2 Name 0 0 0
853 297 6 2 Name 0 0 0
585 591 8 2 Name 0 0 0
121 648 5 2 Name 0 0 0
846 972 6 2 Name 0 0 0
332 115 4 2 Name 0 0 0
66 222 5 2 Name 0 0 0
170 15 4 2 Name 0 0 0
881 375 6 2 Name 0 0 0
326 564 6 2 Name 0 0 0
825 423 6 2 Name 0 0 0
284 893 4 2 Name 0 0 0
496 396 7 2 Name 0 0 0
620 742 6 2 Name 0 0 0
285 664 4 2 Name 0 0 0
538 837 6 2 Name 0 0 0
275 752 5 2 Name 0 0 0
815 200 7 2 Name 0 0 0
218 807 4 2 Name 0 0 0
835 99 6 2 Name 0 0 0
342 135 6 2 Name 0 0 0
8 844 7 2 Name 0 0 0
599 48 7 2 Name 0 0 0
361 43 7 2 Name 0 0 0
523 656 7 2 Name 0 0 0
114 971 7 2 Name 0 0 0
642 549 5 2 Name 0 0 0
766 2 7 2 Name 0 0 0
346 100 8 2 Name 0 0 0
539 107 7 2 Name 0 0 0
743 152 6 2 Name 0 0 0
652 191 5 2 Name 0 0 0
663 829 5 2 Name 0 0 0
259 536 5 2 Name 0 0 0
692 680 8 2 Name 0 0 0
213 404 5 2 Name 0 0 0
466 941 5 2 Name 0 0 0
1019 129 7 2 Name 0 0 0
215 496 6 2 Name 0 0 0
863 104 7 2 Name 0 0 0
66 724 6 2 Name 0 0 0
801 309 4 2 Name 0 0 0
238 841 6 2 Name 0 0 0
941 744 5 2 Name 0 0 0
477 617 5 2 Name 0 0 0
838 90 5 2 Name 0 0 0
239 258 7 2 Name 0 0 0
381 289 6 2 Name 0 0 0
121 390 7 2 Name 0 0 0
261 388 6 2 Name 0 0 0
231 591 5 2 Name 0 0 0
211 4 7 2 Name 0 0 0
945 731 5 2 Name 0 0 0
732 242 6 2 Name 0 0 0
560 821 6 2 Name 0 0 0
273 446 7 2 Name 0 0 0
424 355 7 2 Name 0 0 0
828 472 7 2 Name 0 0 0
16 569 8 2 Name 0 0 0
778 174 4 2 Name 0 0 0
460 263 5 2 Name 0 0 0
8 16 5 2 Name 0 0 0
850 586 5 2 Name 0 0 0
644 1022 7 2 Name 0 0 0
812 87 7 2 Name 0 0 0
148 151 7 2 Name 0 0 0
916 437 7 2 Name 0 0 0
831 387 5 2 Name 0 0 0
147 625 7 2 Name 0 0 0
292 457 7 2 Name 0 0 0
185 855 5 2 Name 0 0 0
912 838 5 2 Name 0 0 0
358 907 8 2 Name 0 0 0
561 398 8 2 Name 0 0 0
1 932 7 2 Name 0 0 0
424 867 5 2 Name 0 0 0
521 693 4 2 Name 0 0 0
50 802 7 2 Name 0 0 0
584 416 6 2 Name 0 0 0
84 991 7 2 Name 0 0 0
52 533 6 2 Name 0 0 0
251 799 6 2 Name 0 0 0
113 480 7 2 Name 0 0 0
760 146 5 2 Name 0 0 0
446 899 5 2 Name 0 0 0
539 1020 8 2 Name 0 0 0
513 778 7 2 Name 0 0 0
857 102 6 2 Name 0 0 0
385 706 7 2 Name 0 0 0
43 479 5 2 Name 0 0 0
27 1002 7 2 Name 0 0 0
237 116 5 2 Name 0 0 0
441 989 7 2 Name 0 0 0
1010 794 4 2 Name 0 0 0
495 488 7 2 Name 0 0 0
272 432 7 2 Name 0 0 0
644 819 4 2 Name 0 0 0
821 238 5 2 Name 0 0 0
595 464 6 2 Name 0 0 0
151 354 8 2 Name 0 0 0
41 859 4 2 Name 0 0 0
392 767 4 2 Name 0 0 0
135 360 4 2 Name 0 0 0
93 63 5 2 Name 0 0 0
356 32 7 2 Name 0 0 0
31 304 7 2 Name 0 0 0
174 187 6 2 Name 0 0 0
759 667 7 2 Name 0 0 0
837 237 6 2 Name 0 0 0
807 687 7 2 Name 0 0 0
161 426 5 2 Name 0 0 0
415 30 7 2 Name 0 0 0
817 628 4 2 Name 0 0 0
906 824 7 2 Name 0 0 0
302 342 4 2 Name 0 0 0
460 169 7 2 Name 0 0 0
549 510 6 2 Name 0 0 0
673 894 6 2 Name 0 0 0
553 948 8 2 Name 0 0 0
380 37 7 2 Name 0 0 0
373 664 4 2 Name 0 0 0
604 880 8 2 Name 0 0 0
484 240 7 2 Name 0 0 0
528 213 7 2 Name 0 0 0
516 0 7 2 Name 0 0 0
627 615 5 2 Name 0 0 0
814 254 5 2 Name 0 0 0
479 46 7 2 Name 0 0 0
789 539 5 2 Name 0 0 0
300 493 8 2 Name 0 0 0
264 1006 6 2 Name 0 0 0
946 500 7 2 Name 0 0 0
347 961 6 2 Name 0 0 0
96 520 5 2 Name 0 0 0
312 663 6 2 Name 0 0 0
613 242 6 2 Name 0 0 0
0 59 8 2 Name 0 0 0
227 939 6 2 Name 0 0 0
53 617 6 2 Name 0 0 0
587 836 6 2 Name 0 0 0
100 872 8 2 Name 0 0 0
421 204 7 2 Name 0 0 0
321 574 5 2 Name 0 0 0
154 33 7 2 Name 0 0 0
419 861 8 2 Name 0 0 0
336 954 6 2 Name 0 0 0
584 1015 7 2 Name 0 0 0
192 18 6 2 Name 0 0 0
722 719 6 2 Name 0 0 0
832 799 5 2 Name 0 0 0
793 822 8 2 Name 0 0 0
213 783 6 2 Name 0 0 0
560 280 5 2 Name 0 0 0
367 591 6 2 Name 0 0 0
26 213 5 2 Name 0 0 0
699 270 6 2 Name 0 0 0
274 284 7 2 Name 0 0 0
124 984 6 2 Name 0 0 0
112 606 6 2 Name 0 0 0
907 507 6 2 Name 0 0 0
748 134 7 2 Name 0 0 0
203 938 5 2 Name 0 0 0
748 814 6 2 Name 0 0 0
528 461 5 2 Name 0 0 0
306 983 7 2 Name 0 0 0
1012 487 7 2 Name 0 0 0
346 279 5 2 Name 0 0 0
617 337 6 2 Name 0 0 0
344 734 7 2 Name 0 0 0
178 445 6 2 Name 0 0 0
646 901 7 2 Name 0 0 0
334 192 8 2 Name 0 0 0
893 635 4 2 Name 0 0 0
93 611 7 2 Name 0 0 0
472 705 6 2 Name 0 0 0
267 994 6 2 Name 0 0 0
789 989 5 2 Name 0 0 0
982 81 7 2 Name 0 0 0
134 412 5 2 Name 0 0 0
199 797 8 2 Name 0 0 0
937 722 5 2 Name 0 0 0
930 274 5 2 Name 0 0 0
804 144 4 2 Name 0 0 0
250 873 5 2 Name 0 0 0
127 404 7 2 Name 0 0 0
791 523 6 2 Name 0 0 0
625 813 5 2 Name 0 0 0
980 137 5 2 Name 0 0 0
585 123 7 2 Name 0 0 0
115 538 7 2 Name 0 0 0
93 568 6 2 Name 0 0 0
811 415 4 2 Name 0 0 0
538 759 4 2 Name 0 0 0
371 979 6 2 Name 0 0 0
81 599 8 2 Name 0 0 0
800 150 7 2 Name 0 0 0
193 487 8 2 Name 0 0 0
476 690 6 2 Name 0 0 0
193 317 4 2 Name 0 0 0
507 42 7 2 Name 0 0 0
84 827 6 2 Name 0 0 0
319 390 5 2 Name 0 0 0
509 424 8 2 Name 0 0 0
686 250 6 2 Name 0 0 0
106 345 5 2 Name 0 0 0
259 505 5 2 Name 0 0 0
411 93 8 2 Name 0 0 0
345 215 8 2 Name 0 0 0
669 415 4 2 Name 0 0 0
828 366 5 2 Name 0 0 0
206 463 7 2 Name 0 0 0
121 131 6 2 Name 0 0 0
370 784 8 2 Name 0 0 0
737 278 4 2 Name 0 0 0
520 236 8 2 Name 0 0 0
635 803 5 2 Name 0 0 0
x-Min=0
x-Max=1024
y-Min=0
y-Max=1024
min label height=2.0
max label height=2.0
min label width=4.0
max label width=8.0
