1024
2650 2187 171 13 Name 0 0 0
840 1580 43 15 Name 0 0 0
1388 884 224 9 Name 0 0 0
1075 478 245 10 Name 0 0 0
1893 1618 247 10 Name 0 0 0
41 3557 178 14 Name 0 0 0
2952 4029 237 11 Name 0 0 0
1078 49 72 16 Name 0 0 0
277 2510 125 12 Name 0 0 0
2087 3576 191 11 Name 0 0 0
2631 526 96 11 Name 0 0 0
748 3428 117 15 Name 0 0 0
3285 12 31 15 Name 0 0 0
1885 1279 73 16 Name 0 0 0
3305 1431 76 14 Name 0 0 0
3955 343 86 12 Name 0 0 0
732 2083 49 9 Name 0 0 0
1309 3346 245 8 Name 0 0 0
3322 2311 188 13 Name 0 0 0
2756 3687 181 9 Name 0 0 0
2666 1042 234 9 Name 0 0 0
602 3055 44 10 Name 0 0 0
3189 1970 78 12 Name 0 0 0
2918 2696 123 8 Name 0 0 0
207 188 130 13 Name 0 0 0
2398 821 98 11 Name 0 0 0
2497 4092 174 11 Name 0 0 0
3247 948 210 14 Name 0 0 0
3347 2711 189 10 Name 0 0 0
2204 695 119 16 Name 0 0 0
1134 269 130 11 Name 0 0 0
1717 3686 32 9 Name 0 0 0
3862 743 130 15 Name 0 0 0
921 3746 234 13 Name 0 0 0
2090 2743 210 9 Name 0 0 0
1151 3290 77 16 Name 0 0 0
1720 510 93 13 Name 0 0 0
1634 2372 174 15 Name 0 0 0
3932 1968 31 9 Name 0 0 0
3019 145 236 8 Name 0 0 0
271 1535 159 14 Name 0 0 0
1576 1017 23 11 Name 0 0 0
784 1506 38 11 Name 0 0 0
2149 1157 209 8 Name 0 0 0
2021 1964 255 14 Name 0 0 0
884 2430 89 13 Name 0 0 0
2284 1292 55 11 Name 0 0 0
3919 3771 108 16 Name 0 0 0
1314 1551 245 12 Name 0 0 0
3736 3023 163 15 Name 0 0 0
3670 3030 223 8 Name 0 0 0
110 1598 30 9 Name 0 0 0
2895 1316 239 13 Name 0 0 0
3144 413 87 14 Name 0 0 0
3653 271 158 10 Name 0 0 0
4041 3762 27 15 Name 0 0 0
324 2861 219 9 Name 0 0 0
3300 1312 160 12 Name 0 0 0
3852 954 248 14 Name 0 0 0
1858 189 99 10 Name 0 0 0
982 1316 127 8 Name 0 0 0
912 1483 166 8 Name 0 0 0
3397 97 219 8 Name 0 0 0
3497 2204 198 14 Name 0 0 0
2731 1112 133 9 Name 0 0 0
2835 2661 123 9 Name 0 0 0
2334 2028 235 12 Name 0 0 0
716 979 96 11 Name 0 0 0
1502 1404 221 9 Name 0 0 0
3758 63 81 14 Name 0 0 0
2318 2470 129 10 Name 0 0 0
2533 320 101 13 Name 0 0 0
1196 2241 100 9 Name 0 0 0
3117 2861 128 8 Name 0 0 0
1932 2954 198 13 Name 0 0 0
835 1163 218 13 Name 0 0 0
2706 3831 145 14 Name 0 0 0
4004 3239 232 14 Name 0 0 0
3647 1809 227 11 Name 0 0 0
2415 1163 135 8 Name 0 0 0
2259 1013 220 9 Name 0 0 0
2264 1790 150 9 Name 0 0 0
2033 2735 195 12 Name 0 0 0
1635 3156 183 8 Name 0 0 0
3967 3624 35 15 Name 0 0 0
1248 3935 119 11 Name 0 0 0
1453 754 45 12 Name 0 0 0
332 2400 77 13 Name 0 0 0
3213 849 168 9 Name 0 0 0
300 1470 82 8 Name 0 0 0
1845 839 234 13 Name 0 0 0
1274 2700 220 15 Name 0 0 0
2914 3005 76 14 Name 0 0 0
2328 383 232 13 Name 0 0 0
3395 3321 202 12 Name 0 0 0
3016 354 230 10 Name 0 0 0
2302 2062 27 9 Name 0 0 0
1200 756 50 13 Name 0 0 0
2988 3345 88 16 Name 0 0 0
2401 1940 141 12 Name 0 0 0
1748 1874 70 14 Name 0 0 0
2821 291 187 11 Name 0 0 0
1381 255 112 9 Name 0 0 0
1205 3921 139 11 Name 0 0 0
1718 2072 247 12 Name 0 0 0
336 3124 117 11 Name 0 0 0
3789 3569 67 13 Name 0 0 0
2457 1720 213 13 Name 0 0 0
1899 1885 232 9 Name 0 0 0
1816 2740 180 16 Name 0 0 0
944 2357 202 12 Name 0 0 0
4064 171 210 16 Name 0 0 0
476 886 166 9 Name 0 0 0
2085 4011 175 15 Name 0 0 0
1859 2121 60 13 Name 0 0 0
2455 206 83 14 Name 0 0 0
3538 3560 29 12 Name 0 0 0
845 486 208 12 Name 0 0 0
49 3475 252 9 Name 0 0 0
3531 279 61 12 Name 0 0 0
2818 1371 209 14 Name 0 0 0
3352 3086 237 10 Name 0 0 0
867 3571 84 16 Name 0 0 0
2783 959 186 13 Name 0 0 0
2106 1429 122 11 Name 0 0 0
2275 3937 98 10 Name 0 0 0
1110 2605 77 9 Name 0 0 0
2204 2612 224 10 Name 0 0 0
1836 1232 42 14 Name 0 0 0
941 1817 123 9 Name 0 0 0
3057 935 164 15 Name 0 0 0
1652 3858 243 9 Name 0 0 0
706 457 209 12 Name 0 0 0
625 1510 94 8 Name 0 0 0
68 548 47 8 Name 0 0 0
3533 3326 144 8 Name 0 0 0
3006 2339 137 13 Name 0 0 0
2661 3594 87 10 Name 0 0 0
1905 1222 241 9 Name 0 0 0
145 990 21 15 Name 0 0 0
1295 3318 83 14 Name 0 0 0
3114 3298 54 14 Name 0 0 0
3237 3386 249 15 Name 0 0 0
3640 3830 228 14 Name 0 0 0
3696 3371 228 10 Name 0 0 0
962 343 167 15 Name 0 0 0
633 3925 144 8 Name 0 0 0
2942 1887 112 9 Name 0 0 0
451 146 99 9 Name 0 0 0
379 3485 58 9 Name 0 0 0
1071 1309 183 16 Name 0 0 0
1902 3420 181 10 Name 0 0 0
758 2763 48 10 Name 0 0 0
4075 4022 126 8 Name 0 0 0
69 861 38 16 Name 0 0 0
3150 3869 139 9 Name 0 0 0
3660 2094 252 9 Name 0 0 0
1639 2019 237 12 Name 0 0 0
2983 1131 209 14 Name 0 0 0
81 1428 150 12 Name 0 0 0
52 2634 202 15 Name 0 0 0
616 2447 59 16 Name 0 0 0
1203 1409 137 12 Name 0 0 0
2660 2923 147 14 Name 0 0 0
1648 3193 112 11 Name 0 0 0
397 1993 68 12 Name 0 0 0
2998 3496 33 9 Name 0 0 0
722 2900 120 12 Name 0 0 0
3625 557 109 13 Name 0 0 0
2684 3868 154 15 Name 0 0 0
3463 492 170 15 Name 0 0 0
1993 1284 92 15 Name 0 0 0
2734 3459 86 13 Name 0 0 0
2302 17 191 8 Name 0 0 0
3974 3949 188 14 Name 0 0 0
2304 1781 29 10 Name 0 0 0
1259 2207 84 14 Name 0 0 0
913 1662 145 9 Name 0 0 0
1943 3721 233 16 Name 0 0 0
1687 1329 220 16 Name 0 0 0
3996 2374 51 15 Name 0 0 0
346 590 176 14 Name 0 0 0
3879 2763 254 10 Name 0 0 0
1259 852 185 8 Name 0 0 0
2517 1364 189 16 Name 0 0 0
2399 775 69 12 Name 0 0 0
352 3534 114 12 Name 0 0 0
2616 2122 253 12 Name 0 0 0
2392 3942 197 8 Name 0 0 0
182 1153 158 14 Name 0 0 0
4084 2748 72 14 Name 0 0 0
3501 1198 148 9 Name 0 0 0
2948 1049 104 9 Name 0 0 0
2926 1296 210 11 Name 0 0 0
3232 1328 99 12 Name 0 0 0
1847 821 116 13 Name 0 0 0
1281 2352 115 16 Name 0 0 0
688 3639 164 16 Name 0 0 0
2550 314 134 12 Name 0 0 0
3174 2958 244 8 Name 0 0 0
287 3155 248 12 Name 0 0 0
2003 204 102 10 Name 0 0 0
2107 2357 117 15 Name 0 0 0
2054 1193 46 15 Name 0 0 0
3681 694 93 13 Name 0 0 0
1585 3493 245 15 Name 0 0 0
2601 232 173 11 Name 0 0 0
1515 2517 183 14 Name 0 0 0
2583 3471 29 11 Name 0 0 0
3786 2509 97 13 Name 0 0 0
2021 346 176 13 Name 0 0 0
743 2194 241 15 Name 0 0 0
2965 444 255 12 Name 0 0 0
3051 47 94 9 Name 0 0 0
3463 4068 227 12 Name 0 0 0
2394 1116 164 10 Name 0 0 0
1683 3274 107 13 Name 0 0 0
258 2501 112 10 Name 0 0 0
4071 988 30 12 Name 0 0 0
2853 1255 212 8 Name 0 0 0
1711 1625 174 9 Name 0 0 0
1073 3380 248 9 Name 0 0 0
2582 909 222 9 Name 0 0 0
1689 1601 252 13 Name 0 0 0
195 1967 236 14 Name 0 0 0
737 2283 64 12 Name 0 0 0
1219 438 106 11 Name 0 0 0
2405 2070 72 14 Name 0 0 0
3190 1871 86 13 Name 0 0 0
2147 1954 177 9 Name 0 0 0
586 3997 222 15 Name 0 0 0
1729 1727 171 12 Name 0 0 0
2913 2526 155 14 Name 0 0 0
3348 2252 23 14 Name 0 0 0
2478 1543 58 10 Name 0 0 0
104 625 122 16 Name 0 0 0
3347 218 235 12 Name 0 0 0
4049 2701 24 15 Name 0 0 0
2659 2633 71 8 Name 0 0 0
2951 2509 92 14 Name 0 0 0
2887 1945 213 15 Name 0 0 0
1332 2205 202 8 Name 0 0 0
4068 1259 220 11 Name 0 0 0
1416 3623 113 14 Name 0 0 0
1961 1230 196 16 Name 0 0 0
2978 2217 232 16 Name 0 0 0
2257 205 85 12 Name 0 0 0
1941 1747 106 14 Name 0 0 0
1785 2465 65 14 Name 0 0 0
1909 3208 65 14 Name 0 0 0
1398 1512 218 13 Name 0 0 0
1652 3676 169 11 Name 0 0 0
3859 2847 51 11 Name 0 0 0
1600 3549 104 15 Name 0 0 0
1526 13 180 14 Name 0 0 0
721 1734 192 11 Name 0 0 0
1222 929 84 15 Name 0 0 0
3213 3998 147 14 Name 0 0 0
3964 38 88 16 Name 0 0 0
3904 3519 238 11 Name 0 0 0
296 1954 134 12 Name 0 0 0
3175 727 155 12 Name 0 0 0
2127 1032 119 10 Name 0 0 0
148 2165 147 14 Name 0 0 0
748 537 232 14 Name 0 0 0
1708 4043 17 13 Name 0 0 0
3677 985 87 11 Name 0 0 0
2264 2558 107 13 Name 0 0 0
3849 3866 98 13 Name 0 0 0
2552 1191 63 9 Name 0 0 0
1748 3775 37 10 Name 0 0 0
1019 3357 48 9 Name 0 0 0
1322 3595 210 15 Name 0 0 0
578 3731 231 11 Name 0 0 0
3244 2630 125 16 Name 0 0 0
2808 2883 208 10 Name 0 0 0
1614 3005 198 9 Name 0 0 0
748 2139 233 14 Name 0 0 0
499 3272 107 15 Name 0 0 0
3518 1875 16 13 Name 0 0 0
1786 160 175 10 Name 0 0 0
3592 1733 65 10 Name 0 0 0
3032 2136 216 14 Name 0 0 0
1 18 106 13 Name 0 0 0
2721 1951 198 10 Name 0 0 0
1360 1102 223 15 Name 0 0 0
2426 1820 117 16 Name 0 0 0
3960 165 36 11 Name 0 0 0
2312 1889 79 10 Name 0 0 0
3229 363 154 10 Name 0 0 0
811 1522 55 13 Name 0 0 0
724 3888 44 14 Name 0 0 0
934 3768 209 12 Name 0 0 0
896 389 49 10 Name 0 0 0
1799 1935 79 14 Name 0 0 0
2685 1659 163 15 Name 0 0 0
514 2460 203 14 Name 0 0 0
2671 704 38 14 Name 0 0 0
2785 2173 92 16 Name 0 0 0
3645 1228 135 9 Name 0 0 0
322 2341 76 14 Name 0 0 0
262 2909 70 8 Name 0 0 0
804 2372 210 15 Name 0 0 0
3080 1869 224 11 Name 0 0 0
3025 2383 58 15 Name 0 0 0
1423 1516 55 8 Name 0 0 0
1931 2783 209 8 Name 0 0 0
645 1855 181 14 Name 0 0 0
1733 631 71 9 Name 0 0 0
957 584 119 12 Name 0 0 0
1512 2035 95 8 Name 0 0 0
1857 2407 37 16 Name 0 0 0
3872 479 61 13 Name 0 0 0
3701 3139 227 11 Name 0 0 0
2423 981 166 13 Name 0 0 0
1245 3949 95 12 Name 0 0 0
1646 2905 139 9 Name 0 0 0
3202 3708 77 16 Name 0 0 0
1203 1609 88 12 Name 0 0 0
58 938 48 8 Name 0 0 0
1250 1706 45 8 Name 0 0 0
3028 3730 27 12 Name 0 0 0
168 320 237 10 Name 0 0 0
749 449 250 10 Name 0 0 0
4045 3816 75 14 Name 0 0 0
1602 1085 187 11 Name 0 0 0
264 2997 227 10 Name 0 0 0
184 2135 238 16 Name 0 0 0
3437 455 68 14 Name 0 0 0
2574 3939 83 12 Name 0 0 0
711 3949 200 14 Name 0 0 0
873 3357 213 13 Name 0 0 0
2384 2195 141 12 Name 0 0 0
1158 4004 210 10 Name 0 0 0
288 232 133 15 Name 0 0 0
3120 3387 221 14 Name 0 0 0
3891 1081 225 15 Name 0 0 0
1051 2487 170 15 Name 0 0 0
755 2928 190 13 Name 0 0 0
284 2035 31 8 Name 0 0 0
537 1123 249 15 Name 0 0 0
2969 1275 67 15 Name 0 0 0
781 3610 199 10 Name 0 0 0
609 1725 80 15 Name 0 0 0
3645 131 246 15 Name 0 0 0
886 2784 164 11 Name 0 0 0
929 2332 120 10 Name 0 0 0
2848 772 25 12 Name 0 0 0
848 3956 104 12 Name 0 0 0
3758 3846 217 9 Name 0 0 0
586 2735 161 16 Name 0 0 0
1790 1673 103 12 Name 0 0 0
1818 755 42 10 Name 0 0 0
3527 308 99 11 Name 0 0 0
3432 1540 196 14 Name 0 0 0
789 1794 167 14 Name 0 0 0
2802 3827 86 11 Name 0 0 0
2500 4057 198 14 Name 0 0 0
1093 743 228 10 Name 0 0 0
335 2318 33 14 Name 0 0 0
1404 496 101 12 Name 0 0 0
378 1636 255 14 Name 0 0 0
1650 1116 159 9 Name 0 0 0
1042 1016 91 14 Name 0 0 0
1110 4012 222 11 Name 0 0 0
1543 1582 153 15 Name 0 0 0
636 3164 112 10 Name 0 0 0
3586 3799 181 12 Name 0 0 0
3026 1910 95 14 Name 0 0 0
1642 1417 238 15 Name 0 0 0
2140 2358 212 14 Name 0 0 0
219 3729 78 13 Name 0 0 0
2768 3262 136 9 Name 0 0 0
2976 748 246 12 Name 0 0 0
3149 148 175 10 Name 0 0 0
3490 1302 254 15 Name 0 0 0
1937 1920 83 11 Name 0 0 0
104 1794 26 8 Name 0 0 0
1374 2031 178 15 Name 0 0 0
1880 202 141 16 Name 0 0 0
482 1427 252 11 Name 0 0 0
60 3312 121 14 Name 0 0 0
1489 1735 57 9 Name 0 0 0
3202 3168 112 14 Name 0 0 0
1000 3618 48 11 Name 0 0 0
2035 2014 60 10 Name 0 0 0
2708 3005 136 13 Name 0 0 0
302 58 19 12 Name 0 0 0
2125 2552 120 13 Name 0 0 0
866 3921 143 15 Name 0 0 0
95 366 237 13 Name 0 0 0
4040 4033 102 16 Name 0 0 0
3156 834 30 10 Name 0 0 0
2127 59 132 13 Name 0 0 0
3013 430 22 13 Name 0 0 0
1677 2512 192 11 Name 0 0 0
1400 385 41 12 Name 0 0 0
1756 4080 223 10 Name 0 0 0
3119 1562 64 8 Name 0 0 0
305 2743 190 16 Name 0 0 0
3336 3284 254 12 Name 0 0 0
3131 1311 71 9 Name 0 0 0
135 142 19 11 Name 0 0 0
1181 749 214 15 Name 0 0 0
2424 3577 235 11 Name 0 0 0
3850 931 160 14 Name 0 0 0
3908 545 73 11 Name 0 0 0
2234 3651 182 16 Name 0 0 0
3538 2211 102 14 Name 0 0 0
3272 924 74 9 Name 0 0 0
960 1883 227 11 Name 0 0 0
400 2219 148 10 Name 0 0 0
242 637 184 13 Name 0 0 0
1518 3877 230 16 Name 0 0 0
1772 146 81 8 Name 0 0 0
3960 2583 96 13 Name 0 0 0
3033 4035 242 12 Name 0 0 0
768 115 110 14 Name 0 0 0
1927 3499 251 12 Name 0 0 0
3659 3366 162 14 Name 0 0 0
3064 2040 137 11 Name 0 0 0
701 2989 104 10 Name 0 0 0
2668 1203 183 12 Name 0 0 0
1882 2666 188 15 Name 0 0 0
1593 3470 89 15 Name 0 0 0
4067 846 237 9 Name 0 0 0
2971 826 175 11 Name 0 0 0
1796 1088 135 12 Name 0 0 0
3581 1715 170 12 Name 0 0 0
202 3414 161 11 Name 0 0 0
3181 647 63 9 Name 0 0 0
707 2925 150 14 Name 0 0 0
541 2766 166 14 Name 0 0 0
1841 3032 26 10 Name 0 0 0
1933 1398 162 10 Name 0 0 0
3793 3883 202 11 Name 0 0 0
1869 2518 110 13 Name 0 0 0
192 986 46 15 Name 0 0 0
1449 3162 33 16 Name 0 0 0
3885 1400 106 11 Name 0 0 0
2284 1456 227 13 Name 0 0 0
735 1375 31 13 Name 0 0 0
2057 229 150 12 Name 0 0 0
3272 1631 48 16 Name 0 0 0
3326 2058 183 13 Name 0 0 0
3674 594 119 12 Name 0 0 0
460 2363 59 12 Name 0 0 0
1424 3037 57 14 Name 0 0 0
414 424 93 13 Name 0 0 0
584 3432 125 15 Name 0 0 0
148 2416 157 13 Name 0 0 0
1878 4001 247 16 Name 0 0 0
2748 63 160 10 Name 0 0 0
457 2164 110 11 Name 0 0 0
1246 968 128 10 Name 0 0 0
2870 3269 73 14 Name 0 0 0
1775 3939 83 8 Name 0 0 0
1270 1778 108 15 Name 0 0 0
813 1669 179 11 Name 0 0 0
3365 2053 117 10 Name 0 0 0
219 1275 248 9 Name 0 0 0
3820 1439 88 10 Name 0 0 0
3740 3043 234 13 Name 0 0 0
1963 2532 131 11 Name 0 0 0
2565 3458 245 14 Name 0 0 0
3091 3383 65 14 Name 0 0 0
1057 3336 251 9 Name 0 0 0
2662 3062 28 12 Name 0 0 0
2734 1085 93 16 Name 0 0 0
1172 1741 183 13 Name 0 0 0
1322 3134 174 11 Name 0 0 0
1743 3593 87 13 Name 0 0 0
2543 1105 129 13 Name 0 0 0
3314 2628 19 13 Name 0 0 0
2260 3858 103 15 Name 0 0 0
368 2311 181 12 Name 0 0 0
1912 2963 116 11 Name 0 0 0
151 3466 220 13 Name 0 0 0
551 3989 101 15 Name 0 0 0
1085 458 24 11 Name 0 0 0
3810 1137 33 14 Name 0 0 0
59 3715 169 14 Name 0 0 0
1132 4066 233 10 Name 0 0 0
1257 1184 243 12 Name 0 0 0
2192 3005 218 12 Name 0 0 0
505 384 172 11 Name 0 0 0
3212 3211 47 10 Name 0 0 0
2047 3485 140 15 Name 0 0 0
2235 2371 192 9 Name 0 0 0
2520 435 100 13 Name 0 0 0
689 1971 119 10 Name 0 0 0
1579 1958 33 9 Name 0 0 0
354 1589 243 15 Name 0 0 0
3543 1537 111 9 Name 0 0 0
4078 3910 38 14 Name 0 0 0
153 599 249 12 Name 0 0 0
804 2829 46 12 Name 0 0 0
1541 137 65 12 Name 0 0 0
1305 2087 199 15 Name 0 0 0
1451 536 253 9 Name 0 0 0
986 3799 170 14 Name 0 0 0
161 1594 180 13 Name 0 0 0
1212 2641 203 15 Name 0 0 0
2016 1127 213 13 Name 0 0 0
1121 3248 139 11 Name 0 0 0
1668 3671 178 11 Name 0 0 0
675 1048 67 11 Name 0 0 0
1216 3438 84 13 Name 0 0 0
1723 3470 127 9 Name 0 0 0
3455 130 202 11 Name 0 0 0
3404 1169 175 13 Name 0 0 0
3918 2829 145 12 Name 0 0 0
578 2951 199 15 Name 0 0 0
1027 2514 249 10 Name 0 0 0
1197 164 242 13 Name 0 0 0
2157 3267 60 10 Name 0 0 0
1591 2071 139 10 Name 0 0 0
3514 3955 56 14 Name 0 0 0
2907 1442 31 12 Name 0 0 0
3576 3915 115 9 Name 0 0 0
1303 3264 59 12 Name 0 0 0
3009 249 93 15 Name 0 0 0
570 3156 183 14 Name 0 0 0
1946 91 223 13 Name 0 0 0
2797 4084 27 15 Name 0 0 0
3847 48 57 14 Name 0 0 0
3659 3778 84 11 Name 0 0 0
2123 3277 53 9 Name 0 0 0
2925 2727 185 13 Name 0 0 0
1320 3294 33 9 Name 0 0 0
519 2468 217 15 Name 0 0 0
1241 2753 232 13 Name 0 0 0
3833 2418 224 12 Name 0 0 0
1383 4096 38 9 Name 0 0 0
49 510 156 13 Name 0 0 0
1895 2411 166 8 Name 0 0 0
2750 2650 156 11 Name 0 0 0
22 3960 149 13 Name 0 0 0
3663 324 230 8 Name 0 0 0
2620 1537 213 12 Name 0 0 0
2519 1452 111 11 Name 0 0 0
1028 2719 255 16 Name 0 0 0
3090 2749 214 12 Name 0 0 0
148 268 50 12 Name 0 0 0
3083 2875 60 11 Name 0 0 0
484 2792 48 11 Name 0 0 0
2784 2373 248 15 Name 0 0 0
985 1878 237 12 Name 0 0 0
3772 2624 88 12 Name 0 0 0
384 3067 67 13 Name 0 0 0
2715 1902 250 12 Name 0 0 0
1599 4071 94 16 Name 0 0 0
2463 1965 119 16 Name 0 0 0
4063 444 169 10 Name 0 0 0
874 319 243 12 Name 0 0 0
1859 3944 234 11 Name 0 0 0
1299 535 190 10 Name 0 0 0
1595 1347 209 11 Name 0 0 0
3233 2175 235 11 Name 0 0 0
1456 2576 52 13 Name 0 0 0
1401 3065 31 10 Name 0 0 0
727 2430 86 14 Name 0 0 0
1652 1253 66 16 Name 0 0 0
39 399 100 10 Name 0 0 0
679 3133 239 8 Name 0 0 0
1110 1506 56 11 Name 0 0 0
696 3110 160 9 Name 0 0 0
1698 550 234 10 Name 0 0 0
3568 2949 24 11 Name 0 0 0
1385 3720 237 14 Name 0 0 0
839 2818 32 15 Name 0 0 0
860 2794 114 11 Name 0 0 0
1217 3914 39 15 Name 0 0 0
1502 183 97 15 Name 0 0 0
2872 2719 248 8 Name 0 0 0
1487 1961 214 9 Name 0 0 0
3240 1684 217 12 Name 0 0 0
359 2334 209 14 Name 0 0 0
1569 3115 82 11 Name 0 0 0
378 768 109 10 Name 0 0 0
666 303 184 10 Name 0 0 0
4000 3434 82 9 Name 0 0 0
2132 1435 83 14 Name 0 0 0
3788 504 123 8 Name 0 0 0
1479 3358 106 13 Name 0 0 0
2518 2293 65 8 Name 0 0 0
1790 1658 92 13 Name 0 0 0
608 1531 108 10 Name 0 0 0
4057 1875 134 14 Name 0 0 0
2868 1831 188 13 Name 0 0 0
2358 336 115 15 Name 0 0 0
2656 1824 27 12 Name 0 0 0
2291 1512 80 12 Name 0 0 0
3527 2278 225 8 Name 0 0 0
109 2998 138 15 Name 0 0 0
252 4 183 15 Name 0 0 0
3313 856 246 15 Name 0 0 0
980 2886 202 8 Name 0 0 0
757 737 145 11 Name 0 0 0
2778 160 76 9 Name 0 0 0
24 876 173 15 Name 0 0 0
3779 2713 196 16 Name 0 0 0
1074 4081 247 10 Name 0 0 0
2247 573 169 9 Name 0 0 0
1471 770 225 9 Name 0 0 0
2454 2385 67 14 Name 0 0 0
824 1844 180 9 Name 0 0 0
1191 1811 234 9 Name 0 0 0
3048 1329 86 8 Name 0 0 0
3440 3463 176 11 Name 0 0 0
2890 1761 254 15 Name 0 0 0
2666 2916 203 12 Name 0 0 0
1390 1380 57 13 Name 0 0 0
1394 191 110 9 Name 0 0 0
3819 398 88 12 Name 0 0 0
2221 3628 24 10 Name 0 0 0
2517 1065 21 13 Name 0 0 0
3414 1475 202 12 Name 0 0 0
1269 1371 101 15 Name 0 0 0
2072 2825 103 9 Name 0 0 0
704 1403 110 16 Name 0 0 0
2530 3715 52 14 Name 0 0 0
4035 619 192 9 Name 0 0 0
2922 4 141 10 Name 0 0 0
2395 521 21 12 Name 0 0 0
3181 2809 82 12 Name 0 0 0
1123 1793 195 9 Name 0 0 0
3842 3361 90 11 Name 0 0 0
52 3981 232 16 Name 0 0 0
1394 1963 24 12 Name 0 0 0
2503 3490 84 12 Name 0 0 0
2928 1376 24 11 Name 0 0 0
3098 1049 165 16 Name 0 0 0
1981 2536 19 8 Name 0 0 0
486 345 78 15 Name 0 0 0
1163 2311 215 12 Name 0 0 0
3145 1275 168 11 Name 0 0 0
3049 1381 172 12 Name 0 0 0
2646 1784 106 11 Name 0 0 0
1388 705 247 15 Name 0 0 0
3851 1584 72 12 Name 0 0 0
2910 2310 228 15 Name 0 0 0
2196 3424 90 12 Name 0 0 0
1291 2606 71 13 Name 0 0 0
1344 2913 175 14 Name 0 0 0
457 3694 92 13 Name 0 0 0
922 3605 77 15 Name 0 0 0
714 1718 186 15 Name 0 0 0
1172 1118 62 11 Name 0 0 0
2335 1995 200 12 Name 0 0 0
629 390 229 16 Name 0 0 0
2470 1523 179 11 Name 0 0 0
1130 3564 174 11 Name 0 0 0
4062 1226 76 11 Name 0 0 0
3958 912 198 11 Name 0 0 0
998 2068 115 15 Name 0 0 0
866 3466 207 11 Name 0 0 0
1359 560 19 15 Name 0 0 0
3789 1721 191 10 Name 0 0 0
3711 4028 67 12 Name 0 0 0
492 3348 180 9 Name 0 0 0
2239 4007 106 15 Name 0 0 0
1162 930 110 9 Name 0 0 0
728 104 86 13 Name 0 0 0
2063 1882 218 12 Name 0 0 0
3992 1792 138 10 Name 0 0 0
2570 937 115 16 Name 0 0 0
1234 1523 128 12 Name 0 0 0
1181 458 229 9 Name 0 0 0
3869 2922 44 12 Name 0 0 0
3697 2231 220 15 Name 0 0 0
2098 2528 139 11 Name 0 0 0
3260 1618 47 8 Name 0 0 0
2215 533 159 13 Name 0 0 0
1897 2029 187 16 Name 0 0 0
3908 1533 205 13 Name 0 0 0
2968 2267 94 10 Name 0 0 0
3958 618 151 15 Name 0 0 0
1345 376 27 12 Name 0 0 0
1078 1972 93 11 Name 0 0 0
849 2373 178 14 Name 0 0 0
749 318 72 10 Name 0 0 0
3166 2870 181 14 Name 0 0 0
740 2538 137 10 Name 0 0 0
3729 1063 256 10 Name 0 0 0
3684 3168 87 9 Name 0 0 0
2188 647 132 14 Name 0 0 0
1737 3498 64 15 Name 0 0 0
426 741 249 12 Name 0 0 0
179 1294 171 15 Name 0 0 0
3077 722 141 15 Name 0 0 0
1828 1776 236 13 Name 0 0 0
991 1344 136 15 Name 0 0 0
1214 80 230 11 Name 0 0 0
2041 1671 100 12 Name 0 0 0
3662 3400 151 13 Name 0 0 0
2616 3326 237 14 Name 0 0 0
528 1685 211 15 Name 0 0 0
1739 2197 32 11 Name 0 0 0
1429 994 48 13 Name 0 0 0
1201 1387 45 14 Name 0 0 0
1165 510 91 12 Name 0 0 0
2783 2428 53 9 Name 0 0 0
2448 4061 94 12 Name 0 0 0
120 571 198 13 Name 0 0 0
3145 2055 122 9 Name 0 0 0
3881 560 198 14 Name 0 0 0
2568 1066 156 15 Name 0 0 0
2278 3449 47 11 Name 0 0 0
77 2219 41 10 Name 0 0 0
1918 2802 69 12 Name 0 0 0
2231 2556 187 15 Name 0 0 0
1402 3090 69 11 Name 0 0 0
2600 1277 53 9 Name 0 0 0
2560 3485 184 16 Name 0 0 0
3175 1608 182 10 Name 0 0 0
1383 133 252 15 Name 0 0 0
3949 2649 191 14 Name 0 0 0
967 834 243 11 Name 0 0 0
1981 3332 18 8 Name 0 0 0
3886 471 29 15 Name 0 0 0
2537 2674 172 11 Name 0 0 0
2963 3990 102 10 Name 0 0 0
3873 2588 64 8 Name 0 0 0
2693 2279 103 15 Name 0 0 0
3082 3739 223 10 Name 0 0 0
2996 1960 175 10 Name 0 0 0
471 200 77 13 Name 0 0 0
2166 1468 169 10 Name 0 0 0
3185 3764 131 16 Name 0 0 0
2081 3309 136 12 Name 0 0 0
3370 850 222 11 Name 0 0 0
511 1962 39 8 Name 0 0 0
3964 3197 86 12 Name 0 0 0
1990 1655 128 14 Name 0 0 0
509 391 160 14 Name 0 0 0
1605 3578 71 15 Name 0 0 0
116 1966 101 10 Name 0 0 0
74 3497 67 16 Name 0 0 0
3456 481 66 14 Name 0 0 0
3865 238 173 14 Name 0 0 0
3723 2019 134 15 Name 0 0 0
184 2931 247 15 Name 0 0 0
1469 2446 22 8 Name 0 0 0
1228 1886 212 11 Name 0 0 0
766 3608 142 15 Name 0 0 0
4016 2813 59 10 Name 0 0 0
1688 1125 133 13 Name 0 0 0
2293 2046 212 16 Name 0 0 0
2548 854 191 9 Name 0 0 0
1058 882 167 9 Name 0 0 0
1994 3524 159 15 Name 0 0 0
3803 97 63 8 Name 0 0 0
2834 850 155 10 Name 0 0 0
983 339 179 8 Name 0 0 0
876 3116 208 14 Name 0 0 0
1740 897 75 13 Name 0 0 0
1658 2735 201 15 Name 0 0 0
1777 2203 239 8 Name 0 0 0
3983 668 56 9 Name 0 0 0
3999 1991 147 16 Name 0 0 0
443 3247 102 9 Name 0 0 0
2720 498 239 14 Name 0 0 0
2866 351 132 13 Name 0 0 0
3273 3113 151 13 Name 0 0 0
217 22 122 15 Name 0 0 0
1555 3776 154 8 Name 0 0 0
1450 3694 230 13 Name 0 0 0
2734 1966 226 11 Name 0 0 0
3140 893 249 16 Name 0 0 0
3065 3381 58 14 Name 0 0 0
960 2683 190 12 Name 0 0 0
3240 3456 233 11 Name 0 0 0
3365 371 83 14 Name 0 0 0
1190 3293 158 14 Name 0 0 0
808 4009 108 10 Name 0 0 0
405 2816 209 8 Name 0 0 0
1708 1873 226 12 Name 0 0 0
2934 1419 41 9 Name 0 0 0
3449 2072 203 12 Name 0 0 0
194 3303 89 16 Name 0 0 0
2365 2877 50 13 Name 0 0 0
3383 1953 108 13 Name 0 0 0
2825 535 184 11 Name 0 0 0
3680 3559 102 10 Name 0 0 0
2064 170 141 15 Name 0 0 0
1143 68 232 9 Name 0 0 0
3794 2548 159 15 Name 0 0 0
1890 1027 99 9 Name 0 0 0
2755 4001 186 13 Name 0 0 0
3494 1405 154 12 Name 0 0 0
286 2257 122 14 Name 0 0 0
569 3214 232 13 Name 0 0 0
1953 1577 204 12 Name 0 0 0
1362 3661 227 12 Name 0 0 0
513 1004 145 9 Name 0 0 0
1712 3967 58 13 Name 0 0 0
379 3035 89 15 Name 0 0 0
755 3355 87 12 Name 0 0 0
884 3107 194 11 Name 0 0 0
2679 2128 55 13 Name 0 0 0
95 1844 148 10 Name 0 0 0
1142 3336 135 16 Name 0 0 0
2686 3606 107 10 Name 0 0 0
792 948 206 14 Name 0 0 0
1520 1795 187 9 Name 0 0 0
1145 1629 37 12 Name 0 0 0
1116 984 254 15 Name 0 0 0
2833 1568 151 11 Name 0 0 0
1249 3021 107 13 Name 0 0 0
1587 4029 42 12 Name 0 0 0
1015 1355 24 13 Name 0 0 0
3893 3156 53 9 Name 0 0 0
1721 3526 175 9 Name 0 0 0
790 2557 152 14 Name 0 0 0
2455 1271 252 15 Name 0 0 0
2501 2561 124 12 Name 0 0 0
727 2384 251 11 Name 0 0 0
3888 2757 31 10 Name 0 0 0
284 628 143 8 Name 0 0 0
3338 2822 199 8 Name 0 0 0
1986 2125 42 10 Name 0 0 0
1868 2642 131 8 Name 0 0 0
260 1689 71 8 Name 0 0 0
1298 1516 189 8 Name 0 0 0
525 2813 153 12 Name 0 0 0
1767 2303 237 9 Name 0 0 0
413 1423 109 11 Name 0 0 0
551 2304 62 16 Name 0 0 0
405 2927 198 12 Name 0 0 0
659 2417 253 12 Name 0 0 0
2082 2578 145 14 Name 0 0 0
1177 268 184 13 Name 0 0 0
942 2881 109 11 Name 0 0 0
1266 3076 166 11 Name 0 0 0
1416 1799 157 15 Name 0 0 0
3090 3289 136 16 Name 0 0 0
2787 4070 253 12 Name 0 0 0
1780 2233 125 9 Name 0 0 0
508 1925 228 11 Name 0 0 0
3776 518 113 15 Name 0 0 0
3434 4076 188 10 Name 0 0 0
3013 2705 41 13 Name 0 0 0
4068 2311 131 13 Name 0 0 0
999 178 163 12 Name 0 0 0
2940 3942 20 14 Name 0 0 0
3181 585 228 9 Name 0 0 0
931 2644 249 13 Name 0 0 0
3572 2945 226 12 Name 0 0 0
1477 1081 180 15 Name 0 0 0
2522 848 25 14 Name 0 0 0
1453 3860 198 9 Name 0 0 0
1614 1762 118 11 Name 0 0 0
3122 1983 19 11 Name 0 0 0
2575 2331 245 8 Name 0 0 0
3250 2707 98 14 Name 0 0 0
3448 3297 53 14 Name 0 0 0
1355 1601 103 14 Name 0 0 0
4037 856 225 13 Name 0 0 0
802 4001 109 10 Name 0 0 0
2820 3745 234 10 Name 0 0 0
394 2135 250 16 Name 0 0 0
2931 805 136 15 Name 0 0 0
1774 2543 154 15 Name 0 0 0
1243 2938 207 8 Name 0 0 0
4057 3935 104 9 Name 0 0 0
2407 1224 157 10 Name 0 0 0
650 2603 59 15 Name 0 0 0
41 2027 59 9 Name 0 0 0
2975 3432 120 15 Name 0 0 0
949 1120 89 9 Name 0 0 0
3952 3670 141 12 Name 0 0 0
2973 3945 49 11 Name 0 0 0
3266 3874 203 13 Name 0 0 0
645 3408 61 11 Name 0 0 0
2527 3469 175 10 Name 0 0 0
2077 3835 212 13 Name 0 0 0
868 2721 178 9 Name 0 0 0
459 504 184 10 Name 0 0 0
2505 440 42 8 Name 0 0 0
3575 3606 18 16 Name 0 0 0
3039 1145 182 11 Name 0 0 0
3081 858 255 9 Name 0 0 0
4049 3832 63 12 Name 0 0 0
377 697 221 14 Name 0 0 0
3040 607 199 16 Name 0 0 0
3685 722 138 9 Name 0 0 0
2571 3573 226 9 Name 0 0 0
570 3667 141 11 Name 0 0 0
2936 3261 242 13 Name 0 0 0
2348 2700 155 12 Name 0 0 0
3932 3735 50 12 Name 0 0 0
52 2395 247 10 Name 0 0 0
2978 1472 75 15 Name 0 0 0
3810 3805 144 13 Name 0 0 0
30 135 112 15 Name 0 0 0
2552 786 151 9 Name 0 0 0
1301 9 38 9 Name 0 0 0
3024 1742 213 9 Name 0 0 0
2427 561 38 13 Name 0 0 0
3850 1427 96 14 Name 0 0 0
721 3121 172 11 Name 0 0 0
464 1265 31 9 Name 0 0 0
2706 3405 243 10 Name 0 0 0
2479 282 102 12 Name 0 0 0
3886 576 138 14 Name 0 0 0
4084 3982 55 13 Name 0 0 0
1718 3045 200 16 Name 0 0 0
3191 3764 65 15 Name 0 0 0
3846 638 36 9 Name 0 0 0
3016 1245 93 9 Name 0 0 0
422 3515 36 16 Name 0 0 0
683 2526 125 10 Name 0 0 0
715 2535 182 15 Name 0 0 0
3867 865 179 9 Name 0 0 0
3723 3091 250 16 Name 0 0 0
3212 3512 208 15 Name 0 0 0
3667 1983 242 9 Name 0 0 0
1783 900 157 11 Name 0 0 0
2760 3873 132 8 Name 0 0 0
653 282 91 13 Name 0 0 0
278 1137 178 15 Name 0 0 0
1442 2583 247 8 Name 0 0 0
425 3202 192 10 Name 0 0 0
3708 2548 111 9 Name 0 0 0
2814 675 214 10 Name 0 0 0
1419 2353 107 10 Name 0 0 0
2902 3815 61 13 Name 0 0 0
2431 1544 144 16 Name 0 0 0
2598 3552 35 8 Name 0 0 0
1620 1883 183 14 Name 0 0 0
1594 354 165 12 Name 0 0 0
960 1290 148 12 Name 0 0 0
3863 2444 219 15 Name 0 0 0
976 2089 109 15 Name 0 0 0
386 3139 152 10 Name 0 0 0
2086 756 138 15 Name 0 0 0
1922 3669 235 15 Name 0 0 0
3271 3396 78 10 Name 0 0 0
411 1386 138 13 Name 0 0 0
3419 1717 165 10 Name 0 0 0
1205 2244 224 9 Name 0 0 0
327 270 29 12 Name 0 0 0
2154 2815 228 9 Name 0 0 0
2067 3553 45 11 Name 0 0 0
1189 3606 200 13 Name 0 0 0
98 306 202 11 Name 0 0 0
3690 1867 141 14 Name 0 0 0
2218 2326 26 15 Name 0 0 0
3915 2613 120 9 Name 0 0 0
4085 1438 45 12 Name 0 0 0
1007 2991 113 12 Name 0 0 0
3100 3928 101 11 Name 0 0 0
2191 3393 254 12 Name 0 0 0
2626 3492 174 9 Name 0 0 0
319 2356 66 10 Name 0 0 0
2829 1343 123 9 Name 0 0 0
3480 963 26 9 Name 0 0 0
1425 839 172 9 Name 0 0 0
2905 3374 48 16 Name 0 0 0
248 901 235 16 Name 0 0 0
3795 3991 246 10 Name 0 0 0
3610 2031 77 13 Name 0 0 0
2735 1618 50 10 Name 0 0 0
2464 2684 154 12 Name 0 0 0
3289 2555 218 16 Name 0 0 0
2863 2330 217 14 Name 0 0 0
2286 3143 214 15 Name 0 0 0
2935 1226 151 8 Name 0 0 0
64 780 33 15 Name 0 0 0
53 3457 160 10 Name 0 0 0
2724 352 178 11 Name 0 0 0
3860 2412 143 15 Name 0 0 0
939 2100 92 11 Name 0 0 0
863 2830 250 10 Name 0 0 0
435 2661 96 15 Name 0 0 0
3324 449 160 15 Name 0 0 0
2183 4059 215 11 Name 0 0 0
385 42 84 9 Name 0 0 0
3008 1374 242 15 Name 0 0 0
2475 3339 196 13 Name 0 0 0
2020 3754 91 12 Name 0 0 0
280 2077 235 10 Name 0 0 0
3876 2893 49 16 Name 0 0 0
2569 1226 186 11 Name 0 0 0
2667 1389 141 14 Name 0 0 0
3871 3634 154 13 Name 0 0 0
2199 3043 21 8 Name 0 0 0
1673 2227 202 13 Name 0 0 0
2501 1217 176 13 Name 0 0 0
231 851 242 15 Name 0 0 0
1896 1042 195 11 Name 0 0 0
159 3049 177 14 Name 0 0 0
1206 1056 156 15 Name 0 0 0
3125 3822 82 9 Name 0 0 0
2459 1712 59 8 Name 0 0 0
1744 1639 208 8 Name 0 0 0
122 1131 179 15 Name 0 0 0
272 75 182 14 Name 0 0 0
1859 2034 203 11 Name 0 0 0
3956 1222 240 11 Name 0 0 0
1223 2417 120 10 Name 0 0 0
3074 1333 182 9 Name 0 0 0
3379 1474 143 10 Name 0 0 0
1314 3971 122 9 Name 0 0 0
1371 3097 104 9 Name 0 0 0
294 3284 180 14 Name 0 0 0
2067 3928 239 13 Name 0 0 0
601 201 185 11 Name 0 0 0
2793 2951 163 16 Name 0 0 0
3711 2901 221 16 Name 0 0 0
549 2414 111 9 Name 0 0 0
1477 365 246 14 Name 0 0 0
1191 3052 73 15 Name 0 0 0
2518 3527 252 12 Name 0 0 0
2038 2278 196 16 Name 0 0 0
435 3416 66 11 Name 0 0 0
1414 3124 212 10 Name 0 0 0
751 320 100 11 Name 0 0 0
739 2373 36 9 Name 0 0 0
1490 213 208 11 Name 0 0 0
941 4082 202 8 Name 0 0 0
2403 1871 76 13 Name 0 0 0
446 1306 144 16 Name 0 0 0
x-Min=0
x-Max=4096
y-Min=0
y-Max=4096
min label height=8.0
max label height=16.0
min label width=16.0
max label width=256
