1024
1013 372 9 5 Name 0 0 0
223 373 61 2 Name 0 0 0
855 1004 41 3 Name 0 0 0
10 734 49 6 Name 0 0 0
370 979 11 5 Name 0 0 0
276 858 56 2 Name 0 0 0
954 983 38 5 Name 0 0 0
1011 309 37 4 Name 0 0 0
1020 354 11 2 Name 0 0 0
99 122 27 5 Name 0 0 0
989 1019 20 4 Name 0 0 0
729 656 35 3 Name 0 0 0
804 994 60 4 Name 0 0 0
780 696 8 5 Name 0 0 0
98 823 57 6 Name 0 0 0
205 741 13 4 Name 0 0 0
0 200 15 5 Name 0 0 0
174 962 48 5 Name 0 0 0
358 537 62 4 Name 0 0 0
589 105 30 4 Name 0 0 0
898 54 58 5 Name 0 0 0
665 27 9 5 Name 0 0 0
55 308 42 4 Name 0 0 0
213 773 62 3 Name 0 0 0
121 550 50 3 Name 0 0 0
610 777 58 4 Name 0 0 0
310 818 28 6 Name 0 0 0
423 802 37 3 Name 0 0 0
153 46 52 6 Name 0 0 0
730 797 35 4 Name 0 0 0
791 546 51 3 Name 0 0 0
718 504 5 5 Name 0 0 0
356 749 27 5 Name 0 0 0
142 287 32 3 Name 0 0 0
737 684 56 5 Name 0 0 0
693 572 34 5 Name 0 0 0
318 885 35 4 Name 0 0 0
440 839 59 4 Name 0 0 0
278 885 39 3 Name 0 0 0
765 549 29 3 Name 0 0 0
154 790 58 5 Name 0 0 0
723 950 47 3 Name 0 0 0
564 133 32 3 Name 0 0 0
110 342 23 5 Name 0 0 0
865 570 9 4 Name 0 0 0
788 17 62 4 Name 0 0 0
422 912 37 6 Name 0 0 0
434 465 15 3 Name 0 0 0
308 238 7 5 Name 0 0 0
271 248 9 5 Name 0 0 0
30 406 9 5 Name 0 0 0
169 160 52 4 Name 0 0 0
840 752 48 4 Name 0 0 0
114 812 54 5 Name 0 0 0
117 893 6 5 Name 0 0 0
480 723 17 4 Name 0 0 0
803 202 7 2 Name 0 0 0
320 601 10 3 Name 0 0 0
832 284 16 3 Name 0 0 0
992 823 59 6 Name 0 0 0
1001 357 59 4 Name 0 0 0
378 376 60 3 Name 0 0 0
949 260 10 4 Name 0 0 0
634 703 28 5 Name 0 0 0
17 906 38 6 Name 0 0 0
178 978 39 6 Name 0 0 0
465 702 50 4 Name 0 0 0
451 268 33 2 Name 0 0 0
1014 51 44 5 Name 0 0 0
67 649 51 5 Name 0 0 0
781 925 39 3 Name 0 0 0
278 220 36 4 Name 0 0 0
921 371 39 4 Name 0 0 0
739 753 40 6 Name 0 0 0
961 827 38 6 Name 0 0 0
696 269 49 2 Name 0 0 0
370 244 32 5 Name 0 0 0
201 211 27 4 Name 0 0 0
629 272 52 5 Name 0 0 0
952 745 32 2 Name 0 0 0
188 109 57 5 Name 0 0 0
834 404 7 3 Name 0 0 0
733 414 60 4 Name 0 0 0
352 38 9 3 Name 0 0 0
516 504 5 3 Name 0 0 0
387 327 20 3 Name 0 0 0
980 224 52 3 Name 0 0 0
566 694 52 5 Name 0 0 0
129 646 21 4 Name 0 0 0
575 6 63 6 Name 0 0 0
371 848 58 3 Name 0 0 0
407 376 55 5 Name 0 0 0
719 688 29 4 Name 0 0 0
438 687 11 3 Name 0 0 0
859 767 14 2 Name 0 0 0
582 125 20 4 Name 0 0 0
840 947 49 4 Name 0 0 0
83 713 44 3 Name 0 0 0
561 93 61 5 Name 0 0 0
624 351 27 2 Name 0 0 0
392 699 59 2 Name 0 0 0
275 368 30 6 Name 0 0 0
981 205 13 5 Name 0 0 0
350 938 35 4 Name 0 0 0
305 868 38 5 Name 0 0 0
250 354 5 3 Name 0 0 0
53 829 29 5 Name 0 0 0
64 928 8 3 Name 0 0 0
147 727 47 3 Name 0 0 0
13 719 33 4 Name 0 0 0
169 281 45 6 Name 0 0 0
93 461 52 2 Name 0 0 0
824 822 15 3 Name 0 0 0
608 839 7 2 Name 0 0 0
323 525 29 5 Name 0 0 0
602 738 36 5 Name 0 0 0
351 121 36 2 Name 0 0 0
513 369 63 3 Name 0 0 0
726 474 13 3 Name 0 0 0
1011 388 49 3 Name 0 0 0
102 294 22 3 Name 0 0 0
557 121 21 2 Name 0 0 0
901 672 45 4 Name 0 0 0
301 205 53 3 Name 0 0 0
627 357 47 3 Name 0 0 0
959 690 49 3 Name 0 0 0
532 919 61 5 Name 0 0 0
311 58 55 6 Name 0 0 0
315 516 46 3 Name 0 0 0
1006 339 10 3 Name 0 0 0
542 927 38 6 Name 0 0 0
906 973 54 4 Name 0 0 0
305 498 63 2 Name 0 0 0
504 759 14 5 Name 0 0 0
17 525 25 4 Name 0 0 0
42 239 8 3 Name 0 0 0
939 106 8 3 Name 0 0 0
142 776 53 5 Name 0 0 0
525 286 41 5 Name 0 0 0
485 6 58 2 Name 0 0 0
293 68 21 5 Name 0 0 0
732 551 40 6 Name 0 0 0
41 25 63 4 Name 0 0 0
0 44 51 4 Name 0 0 0
813 367 14 2 Name 0 0 0
851 602 35 6 Name 0 0 0
489 75 59 5 Name 0 0 0
163 430 14 2 Name 0 0 0
465 805 15 2 Name 0 0 0
435 39 11 5 Name 0 0 0
487 494 59 3 Name 0 0 0
368 267 55 4 Name 0 0 0
725 776 51 3 Name 0 0 0
295 698 39 6 Name 0 0 0
146 188 35 5 Name 0 0 0
642 825 15 5 Name 0 0 0
238 170 12 5 Name 0 0 0
299 736 22 6 Name 0 0 0
792 225 35 3 Name 0 0 0
213 724 30 6 Name 0 0 0
81 67 40 3 Name 0 0 0
420 709 11 4 Name 0 0 0
790 845 22 5 Name 0 0 0
176 850 16 2 Name 0 0 0
970 671 47 5 Name 0 0 0
195 380 38 4 Name 0 0 0
902 132 38 2 Name 0 0 0
654 323 52 2 Name 0 0 0
264 606 10 4 Name 0 0 0
217 118 40 6 Name 0 0 0
199 551 20 3 Name 0 0 0
557 760 45 6 Name 0 0 0
276 583 5 5 Name 0 0 0
608 798 32 6 Name 0 0 0
314 675 55 2 Name 0 0 0
596 316 10 3 Name 0 0 0
8 951 22 3 Name 0 0 0
980 307 57 2 Name 0 0 0
891 806 32 3 Name 0 0 0
1023 152 31 3 Name 0 0 0
503 515 32 6 Name 0 0 0
606 1013 28 5 Name 0 0 0
253 450 59 6 Name 0 0 0
924 246 50 4 Name 0 0 0
528 286 37 2 Name 0 0 0
381 214 53 3 Name 0 0 0
28 557 40 3 Name 0 0 0
524 950 17 4 Name 0 0 0
689 879 31 3 Name 0 0 0
1022 162 13 5 Name 0 0 0
1017 938 51 5 Name 0 0 0
639 754 47 5 Name 0 0 0
435 421 10 5 Name 0 0 0
613 861 60 5 Name 0 0 0
614 299 4 5 Name 0 0 0
812 788 52 2 Name 0 0 0
17 9 32 3 Name 0 0 0
672 302 49 3 Name 0 0 0
109 1022 57 4 Name 0 0 0
606 82 15 5 Name 0 0 0
399 105 48 4 Name 0 0 0
484 436 24 5 Name 0 0 0
349 735 14 3 Name 0 0 0
202 636 53 5 Name 0 0 0
505 586 52 3 Name 0 0 0
346 678 39 3 Name 0 0 0
594 175 33 5 Name 0 0 0
161 970 34 5 Name 0 0 0
388 754 55 5 Name 0 0 0
976 353 7 3 Name 0 0 0
392 762 47 6 Name 0 0 0
325 267 10 3 Name 0 0 0
707 757 7 5 Name 0 0 0
944 856 10 5 Name 0 0 0
726 983 53 4 Name 0 0 0
55 120 51 5 Name 0 0 0
377 603 30 5 Name 0 0 0
521 299 49 6 Name 0 0 0
655 279 42 2 Name 0 0 0
437 413 28 3 Name 0 0 0
927 3 63 4 Name 0 0 0
1018 593 47 4 Name 0 0 0
502 999 46 5 Name 0 0 0
335 58 49 4 Name 0 0 0
980 810 9 4 Name 0 0 0
604 192 8 3 Name 0 0 0
572 948 14 5 Name 0 0 0
329 75 9 6 Name 0 0 0
641 617 9 5 Name 0 0 0
623 493 28 4 Name 0 0 0
679 245 47 5 Name 0 0 0
772 170 5 6 Name 0 0 0
755 879 48 3 Name 0 0 0
819 692 61 4 Name 0 0 0
530 991 13 5 Name 0 0 0
768 129 43 2 Name 0 0 0
207 361 39 5 Name 0 0 0
377 837 8 5 Name 0 0 0
0 865 39 5 Name 0 0 0
1019 726 58 2 Name 0 0 0
108 766 45 3 Name 0 0 0
289 987 39 2 Name 0 0 0
150 227 53 4 Name 0 0 0
829 795 59 4 Name 0 0 0
178 1000 24 5 Name 0 0 0
374 140 37 3 Name 0 0 0
897 808 51 3 Name 0 0 0
323 1021 34 4 Name 0 0 0
749 208 37 3 Name 0 0 0
648 630 40 4 Name 0 0 0
146 41 49 6 Name 0 0 0
794 852 58 3 Name 0 0 0
136 91 27 6 Name 0 0 0
969 95 54 4 Name 0 0 0
707 868 53 5 Name 0 0 0
810 527 5 4 Name 0 0 0
247 269 33 5 Name 0 0 0
599 293 23 4 Name 0 0 0
365 684 37 3 Name 0 0 0
443 43 50 4 Name 0 0 0
368 43 6 4 Name 0 0 0
524 147 45 3 Name 0 0 0
34 186 47 4 Name 0 0 0
358 926 43 5 Name 0 0 0
123 396 34 2 Name 0 0 0
494 644 13 5 Name 0 0 0
863 880 50 6 Name 0 0 0
669 914 35 2 Name 0 0 0
233 359 28 5 Name 0 0 0
979 764 6 5 Name 0 0 0
548 639 35 5 Name 0 0 0
39 657 22 4 Name 0 0 0
199 481 11 3 Name 0 0 0
650 248 42 3 Name 0 0 0
414 682 26 4 Name 0 0 0
689 336 31 3 Name 0 0 0
1007 169 46 5 Name 0 0 0
383 128 59 3 Name 0 0 0
194 327 57 5 Name 0 0 0
607 1006 41 3 Name 0 0 0
262 661 40 2 Name 0 0 0
467 149 39 3 Name 0 0 0
414 354 28 6 Name 0 0 0
701 627 44 2 Name 0 0 0
643 492 28 5 Name 0 0 0
439 612 45 5 Name 0 0 0
591 61 7 2 Name 0 0 0
893 880 9 3 Name 0 0 0
192 941 60 5 Name 0 0 0
777 672 52 3 Name 0 0 0
461 763 60 3 Name 0 0 0
621 436 34 4 Name 0 0 0
799 604 35 6 Name 0 0 0
344 975 27 4 Name 0 0 0
1015 717 24 2 Name 0 0 0
586 600 34 2 Name 0 0 0
202 525 7 4 Name 0 0 0
719 19 50 6 Name 0 0 0
467 327 32 6 Name 0 0 0
331 610 30 4 Name 0 0 0
364 702 44 5 Name 0 0 0
377 577 13 2 Name 0 0 0
958 713 59 3 Name 0 0 0
581 997 54 5 Name 0 0 0
117 254 29 6 Name 0 0 0
219 574 42 3 Name 0 0 0
512 638 36 5 Name 0 0 0
888 308 4 2 Name 0 0 0
312 152 56 4 Name 0 0 0
806 632 61 3 Name 0 0 0
546 560 11 5 Name 0 0 0
557 500 29 5 Name 0 0 0
876 355 21 3 Name 0 0 0
346 707 12 5 Name 0 0 0
310 874 12 2 Name 0 0 0
332 60 29 5 Name 0 0 0
12 343 19 2 Name 0 0 0
436 981 37 3 Name 0 0 0
359 337 59 6 Name 0 0 0
571 193 36 5 Name 0 0 0
171 1016 16 6 Name 0 0 0
683 974 47 5 Name 0 0 0
763 469 61 3 Name 0 0 0
918 785 20 2 Name 0 0 0
269 121 41 5 Name 0 0 0
974 927 8 6 Name 0 0 0
185 590 37 4 Name 0 0 0
981 436 15 2 Name 0 0 0
830 752 28 2 Name 0 0 0
252 178 56 6 Name 0 0 0
283 801 31 3 Name 0 0 0
518 132 6 2 Name 0 0 0
128 795 40 5 Name 0 0 0
705 229 38 5 Name 0 0 0
676 468 42 4 Name 0 0 0
793 517 8 3 Name 0 0 0
35 875 54 2 Name 0 0 0
7 15 34 3 Name 0 0 0
138 551 63 4 Name 0 0 0
251 765 51 5 Name 0 0 0
653 468 29 3 Name 0 0 0
751 595 12 4 Name 0 0 0
361 86 51 3 Name 0 0 0
561 635 32 5 Name 0 0 0
791 881 28 5 Name 0 0 0
501 787 30 3 Name 0 0 0
467 338 59 5 Name 0 0 0
928 433 14 2 Name 0 0 0
800 499 36 6 Name 0 0 0
13 380 37 5 Name 0 0 0
961 689 62 5 Name 0 0 0
2 708 24 5 Name 0 0 0
177 237 28 3 Name 0 0 0
825 380 35 3 Name 0 0 0
328 454 52 5 Name 0 0 0
787 989 14 5 Name 0 0 0
60 91 25 3 Name 0 0 0
863 986 19 6 Name 0 0 0
850 580 18 3 Name 0 0 0
313 434 23 6 Name 0 0 0
877 8 61 3 Name 0 0 0
9 45 30 4 Name 0 0 0
567 774 49 3 Name 0 0 0
236 406 56 3 Name 0 0 0
260 1014 38 5 Name 0 0 0
135 247 13 3 Name 0 0 0
188 87 35 4 Name 0 0 0
765 166 10 3 Name 0 0 0
50 553 40 4 Name 0 0 0
197 466 5 4 Name 0 0 0
84 573 31 6 Name 0 0 0
934 725 18 3 Name 0 0 0
908 213 21 4 Name 0 0 0
875 518 10 5 Name 0 0 0
711 867 27 3 Name 0 0 0
899 973 23 3 Name 0 0 0
936 437 61 3 Name 0 0 0
281 828 11 5 Name 0 0 0
870 695 56 5 Name 0 0 0
405 192 13 6 Name 0 0 0
961 644 4 5 Name 0 0 0
845 178 36 5 Name 0 0 0
763 779 23 3 Name 0 0 0
573 865 8 3 Name 0 0 0
51 881 13 5 Name 0 0 0
216 834 59 2 Name 0 0 0
297 393 31 5 Name 0 0 0
458 527 50 3 Name 0 0 0
880 315 11 3 Name 0 0 0
850 558 29 3 Name 0 0 0
960 456 19 3 Name 0 0 0
445 657 14 5 Name 0 0 0
967 635 5 3 Name 0 0 0
401 500 53 5 Name 0 0 0
699 314 64 4 Name 0 0 0
224 459 14 4 Name 0 0 0
746 228 24 4 Name 0 0 0
274 688 33 4 Name 0 0 0
40 903 10 5 Name 0 0 0
650 1011 20 4 Name 0 0 0
927 527 35 5 Name 0 0 0
857 169 60 5 Name 0 0 0
928 510 33 6 Name 0 0 0
232 643 29 4 Name 0 0 0
58 311 32 3 Name 0 0 0
954 840 26 2 Name 0 0 0
179 964 11 5 Name 0 0 0
387 238 48 4 Name 0 0 0
763 821 14 4 Name 0 0 0
650 983 20 5 Name 0 0 0
764 653 11 5 Name 0 0 0
381 413 25 6 Name 0 0 0
760 631 60 2 Name 0 0 0
286 344 25 2 Name 0 0 0
240 720 25 3 Name 0 0 0
577 865 35 4 Name 0 0 0
224 980 18 2 Name 0 0 0
930 436 63 3 Name 0 0 0
306 10 60 2 Name 0 0 0
24 316 27 4 Name 0 0 0
502 705 5 4 Name 0 0 0
641 15 6 4 Name 0 0 0
405 879 38 3 Name 0 0 0
402 997 46 5 Name 0 0 0
44 53 25 3 Name 0 0 0
860 490 37 3 Name 0 0 0
387 715 16 5 Name 0 0 0
316 700 54 4 Name 0 0 0
745 996 38 5 Name 0 0 0
444 655 26 4 Name 0 0 0
152 332 27 3 Name 0 0 0
913 551 38 4 Name 0 0 0
72 8 32 4 Name 0 0 0
453 217 48 3 Name 0 0 0
659 882 8 4 Name 0 0 0
190 982 54 4 Name 0 0 0
282 940 37 6 Name 0 0 0
23 605 40 5 Name 0 0 0
271 624 63 6 Name 0 0 0
657 98 52 4 Name 0 0 0
177 257 20 4 Name 0 0 0
213 142 13 4 Name 0 0 0
760 312 59 3 Name 0 0 0
204 726 50 3 Name 0 0 0
14 533 20 2 Name 0 0 0
522 847 55 5 Name 0 0 0
637 853 7 3 Name 0 0 0
981 772 63 6 Name 0 0 0
559 102 55 5 Name 0 0 0
126 627 33 3 Name 0 0 0
397 784 28 4 Name 0 0 0
99 604 35 3 Name 0 0 0
738 480 14 3 Name 0 0 0
94 140 54 4 Name 0 0 0
690 54 43 5 Name 0 0 0
772 116 12 2 Name 0 0 0
732 226 62 5 Name 0 0 0
726 620 21 5 Name 0 0 0
99 792 35 3 Name 0 0 0
756 599 8 5 Name 0 0 0
384 514 29 2 Name 0 0 0
467 262 61 6 Name 0 0 0
957 716 56 4 Name 0 0 0
50 836 9 2 Name 0 0 0
410 293 53 3 Name 0 0 0
99 313 45 5 Name 0 0 0
971 260 31 4 Name 0 0 0
748 242 34 4 Name 0 0 0
223 307 40 4 Name 0 0 0
326 578 55 2 Name 0 0 0
57 385 25 2 Name 0 0 0
272 136 44 3 Name 0 0 0
261 113 45 5 Name 0 0 0
99 89 16 2 Name 0 0 0
262 364 10 4 Name 0 0 0
761 742 51 4 Name 0 0 0
835 285 11 5 Name 0 0 0
405 424 54 5 Name 0 0 0
1003 701 32 4 Name 0 0 0
238 80 8 3 Name 0 0 0
1004 758 48 5 Name 0 0 0
565 789 20 6 Name 0 0 0
405 434 34 4 Name 0 0 0
565 648 10 2 Name 0 0 0
749 418 56 5 Name 0 0 0
905 271 38 4 Name 0 0 0
909 579 24 2 Name 0 0 0
225 82 36 3 Name 0 0 0
902 780 13 4 Name 0 0 0
129 906 9 2 Name 0 0 0
646 220 63 6 Name 0 0 0
157 220 50 3 Name 0 0 0
262 936 51 3 Name 0 0 0
589 198 5 4 Name 0 0 0
288 422 7 5 Name 0 0 0
21 295 6 4 Name 0 0 0
567 79 39 5 Name 0 0 0
710 914 5 3 Name 0 0 0
823 441 19 4 Name 0 0 0
150 136 23 5 Name 0 0 0
675 117 64 6 Name 0 0 0
140 294 61 4 Name 0 0 0
247 723 28 3 Name 0 0 0
696 686 53 4 Name 0 0 0
397 434 26 5 Name 0 0 0
251 902 60 5 Name 0 0 0
385 254 34 6 Name 0 0 0
559 470 50 2 Name 0 0 0
348 577 59 3 Name 0 0 0
609 337 57 4 Name 0 0 0
654 298 60 6 Name 0 0 0
996 792 20 3 Name 0 0 0
160 913 27 3 Name 0 0 0
545 449 21 5 Name 0 0 0
788 570 34 2 Name 0 0 0
402 615 32 2 Name 0 0 0
618 363 16 6 Name 0 0 0
477 671 55 4 Name 0 0 0
854 464 32 2 Name 0 0 0
679 928 17 6 Name 0 0 0
362 828 23 5 Name 0 0 0
281 193 26 3 Name 0 0 0
663 322 24 5 Name 0 0 0
586 936 34 3 Name 0 0 0
792 525 50 4 Name 0 0 0
88 863 37 5 Name 0 0 0
701 194 62 5 Name 0 0 0
185 563 40 4 Name 0 0 0
519 760 8 4 Name 0 0 0
374 59 55 3 Name 0 0 0
615 722 23 4 Name 0 0 0
759 720 63 3 Name 0 0 0
1021 881 58 4 Name 0 0 0
255 85 37 4 Name 0 0 0
860 745 15 5 Name 0 0 0
411 96 20 4 Name 0 0 0
303 321 39 3 Name 0 0 0
24 371 15 3 Name 0 0 0
6 476 21 4 Name 0 0 0
963 197 26 5 Name 0 0 0
772 675 44 5 Name 0 0 0
479 989 19 3 Name 0 0 0
99 258 47 4 Name 0 0 0
99 460 8 4 Name 0 0 0
397 928 39 3 Name 0 0 0
333 697 47 5 Name 0 0 0
565 539 47 3 Name 0 0 0
821 481 18 6 Name 0 0 0
596 65 26 4 Name 0 0 0
773 420 47 5 Name 0 0 0
782 398 20 3 Name 0 0 0
496 368 20 2 Name 0 0 0
30 658 19 6 Name 0 0 0
281 865 25 3 Name 0 0 0
893 854 5 3 Name 0 0 0
10 653 44 4 Name 0 0 0
893 188 39 3 Name 0 0 0
603 433 62 5 Name 0 0 0
821 210 35 2 Name 0 0 0
497 450 5 4 Name 0 0 0
14 58 17 2 Name 0 0 0
752 625 18 3 Name 0 0 0
318 748 55 4 Name 0 0 0
594 686 26 3 Name 0 0 0
484 652 19 5 Name 0 0 0
764 630 51 4 Name 0 0 0
688 669 13 2 Name 0 0 0
232 576 36 3 Name 0 0 0
367 990 39 5 Name 0 0 0
797 671 11 4 Name 0 0 0
174 908 22 2 Name 0 0 0
1004 801 24 4 Name 0 0 0
476 246 12 6 Name 0 0 0
577 165 25 5 Name 0 0 0
104 170 63 5 Name 0 0 0
519 979 60 3 Name 0 0 0
410 851 13 2 Name 0 0 0
376 218 13 5 Name 0 0 0
244 48 24 2 Name 0 0 0
692 334 40 5 Name 0 0 0
284 782 47 4 Name 0 0 0
980 669 22 2 Name 0 0 0
316 390 58 4 Name 0 0 0
678 376 15 5 Name 0 0 0
368 770 5 4 Name 0 0 0
994 702 16 3 Name 0 0 0
986 697 22 4 Name 0 0 0
72 973 27 5 Name 0 0 0
847 943 48 5 Name 0 0 0
483 617 46 2 Name 0 0 0
87 8 36 4 Name 0 0 0
213 795 49 4 Name 0 0 0
472 315 9 3 Name 0 0 0
261 437 51 6 Name 0 0 0
675 320 33 5 Name 0 0 0
440 494 15 5 Name 0 0 0
884 783 41 3 Name 0 0 0
616 100 23 3 Name 0 0 0
695 96 8 6 Name 0 0 0
523 645 18 3 Name 0 0 0
968 758 6 6 Name 0 0 0
806 107 27 5 Name 0 0 0
1010 29 63 5 Name 0 0 0
485 103 26 5 Name 0 0 0
32 801 28 4 Name 0 0 0
739 844 55 6 Name 0 0 0
952 690 11 2 Name 0 0 0
813 62 23 6 Name 0 0 0
901 233 17 4 Name 0 0 0
845 1016 23 3 Name 0 0 0
143 977 7 3 Name 0 0 0
569 911 11 5 Name 0 0 0
35 237 23 2 Name 0 0 0
83 71 39 6 Name 0 0 0
7 766 20 6 Name 0 0 0
745 909 17 3 Name 0 0 0
673 998 56 4 Name 0 0 0
371 928 13 5 Name 0 0 0
778 787 6 5 Name 0 0 0
274 144 8 2 Name 0 0 0
785 427 38 3 Name 0 0 0
533 846 20 4 Name 0 0 0
259 1019 42 2 Name 0 0 0
708 423 20 4 Name 0 0 0
353 582 9 5 Name 0 0 0
358 226 50 5 Name 0 0 0
984 812 59 3 Name 0 0 0
117 914 25 5 Name 0 0 0
873 1010 37 5 Name 0 0 0
531 343 14 5 Name 0 0 0
910 480 23 6 Name 0 0 0
436 363 47 5 Name 0 0 0
647 208 48 2 Name 0 0 0
655 389 62 5 Name 0 0 0
729 328 32 3 Name 0 0 0
859 46 50 5 Name 0 0 0
216 185 34 2 Name 0 0 0
736 232 50 2 Name 0 0 0
38 987 10 4 Name 0 0 0
983 881 11 3 Name 0 0 0
552 595 35 4 Name 0 0 0
624 236 29 6 Name 0 0 0
772 156 58 3 Name 0 0 0
752 380 28 4 Name 0 0 0
690 379 11 3 Name 0 0 0
301 596 32 5 Name 0 0 0
528 727 55 5 Name 0 0 0
710 955 55 3 Name 0 0 0
406 209 24 6 Name 0 0 0
781 131 13 5 Name 0 0 0
187 365 17 2 Name 0 0 0
903 29 63 6 Name 0 0 0
526 585 62 4 Name 0 0 0
347 664 56 4 Name 0 0 0
534 955 15 3 Name 0 0 0
165 1006 42 5 Name 0 0 0
970 503 56 3 Name 0 0 0
851 282 40 3 Name 0 0 0
103 860 52 3 Name 0 0 0
599 894 47 5 Name 0 0 0
827 950 33 4 Name 0 0 0
225 25 6 5 Name 0 0 0
951 324 36 2 Name 0 0 0
487 100 18 2 Name 0 0 0
692 877 29 4 Name 0 0 0
197 135 7 6 Name 0 0 0
703 367 56 3 Name 0 0 0
91 994 40 2 Name 0 0 0
716 98 53 3 Name 0 0 0
905 911 57 4 Name 0 0 0
26 886 46 3 Name 0 0 0
692 777 62 4 Name 0 0 0
583 340 61 4 Name 0 0 0
697 123 10 3 Name 0 0 0
464 540 15 3 Name 0 0 0
177 421 60 3 Name 0 0 0
835 1007 55 4 Name 0 0 0
521 769 45 3 Name 0 0 0
908 658 57 6 Name 0 0 0
112 231 56 3 Name 0 0 0
354 10 48 3 Name 0 0 0
719 641 55 3 Name 0 0 0
175 451 20 5 Name 0 0 0
619 75 62 2 Name 0 0 0
995 605 24 4 Name 0 0 0
662 200 29 3 Name 0 0 0
217 607 5 4 Name 0 0 0
959 243 47 3 Name 0 0 0
433 827 28 4 Name 0 0 0
227 225 14 5 Name 0 0 0
295 580 48 4 Name 0 0 0
827 191 11 3 Name 0 0 0
218 1006 14 5 Name 0 0 0
580 821 21 5 Name 0 0 0
334 207 10 4 Name 0 0 0
652 603 18 3 Name 0 0 0
324 51 32 5 Name 0 0 0
44 814 41 3 Name 0 0 0
1020 293 33 5 Name 0 0 0
730 19 44 4 Name 0 0 0
592 951 58 5 Name 0 0 0
497 108 52 6 Name 0 0 0
747 996 12 5 Name 0 0 0
388 27 29 2 Name 0 0 0
938 386 42 2 Name 0 0 0
797 636 31 5 Name 0 0 0
341 570 11 2 Name 0 0 0
922 208 60 2 Name 0 0 0
12 472 30 4 Name 0 0 0
1000 9 26 5 Name 0 0 0
135 976 48 3 Name 0 0 0
947 389 5 3 Name 0 0 0
512 715 42 6 Name 0 0 0
799 639 6 5 Name 0 0 0
306 702 51 4 Name 0 0 0
229 82 39 4 Name 0 0 0
674 401 40 5 Name 0 0 0
25 366 47 4 Name 0 0 0
369 376 23 4 Name 0 0 0
363 167 50 2 Name 0 0 0
227 415 61 5 Name 0 0 0
881 669 50 4 Name 0 0 0
248 967 5 3 Name 0 0 0
132 112 51 2 Name 0 0 0
442 31 62 4 Name 0 0 0
339 959 9 5 Name 0 0 0
929 679 62 3 Name 0 0 0
11 397 35 5 Name 0 0 0
676 445 44 4 Name 0 0 0
26 1015 29 3 Name 0 0 0
110 642 47 3 Name 0 0 0
631 898 31 2 Name 0 0 0
253 223 20 3 Name 0 0 0
441 420 9 4 Name 0 0 0
290 288 28 4 Name 0 0 0
641 745 56 5 Name 0 0 0
938 249 51 4 Name 0 0 0
414 436 8 5 Name 0 0 0
256 561 39 5 Name 0 0 0
1019 434 34 6 Name 0 0 0
1004 951 26 2 Name 0 0 0
997 553 45 2 Name 0 0 0
164 962 14 3 Name 0 0 0
474 167 36 3 Name 0 0 0
141 5 34 5 Name 0 0 0
113 668 12 4 Name 0 0 0
584 190 28 2 Name 0 0 0
707 256 31 4 Name 0 0 0
60 803 48 2 Name 0 0 0
958 201 27 3 Name 0 0 0
318 544 7 6 Name 0 0 0
254 928 53 5 Name 0 0 0
531 211 62 4 Name 0 0 0
701 677 29 5 Name 0 0 0
47 429 23 6 Name 0 0 0
217 620 26 5 Name 0 0 0
395 680 32 6 Name 0 0 0
393 942 54 2 Name 0 0 0
368 221 47 3 Name 0 0 0
988 959 11 3 Name 0 0 0
650 862 46 6 Name 0 0 0
689 533 28 6 Name 0 0 0
139 287 56 6 Name 0 0 0
82 851 5 2 Name 0 0 0
109 860 40 5 Name 0 0 0
794 529 51 4 Name 0 0 0
904 525 15 5 Name 0 0 0
353 51 58 4 Name 0 0 0
320 968 29 5 Name 0 0 0
992 916 7 4 Name 0 0 0
6 911 9 5 Name 0 0 0
913 828 43 5 Name 0 0 0
294 850 11 4 Name 0 0 0
929 646 9 3 Name 0 0 0
445 64 13 6 Name 0 0 0
514 680 25 4 Name 0 0 0
526 1017 12 3 Name 0 0 0
1005 494 22 4 Name 0 0 0
841 347 55 5 Name 0 0 0
275 805 22 5 Name 0 0 0
188 787 59 3 Name 0 0 0
332 973 39 3 Name 0 0 0
78 541 25 2 Name 0 0 0
595 998 21 3 Name 0 0 0
262 888 24 4 Name 0 0 0
23 927 39 3 Name 0 0 0
714 67 28 2 Name 0 0 0
576 813 40 5 Name 0 0 0
161 929 19 2 Name 0 0 0
368 601 44 6 Name 0 0 0
25 245 40 6 Name 0 0 0
131 366 31 5 Name 0 0 0
977 1022 35 2 Name 0 0 0
965 842 35 4 Name 0 0 0
458 434 31 3 Name 0 0 0
661 191 51 5 Name 0 0 0
723 997 30 4 Name 0 0 0
437 412 33 3 Name 0 0 0
659 916 36 2 Name 0 0 0
349 63 55 4 Name 0 0 0
306 332 22 5 Name 0 0 0
375 663 13 4 Name 0 0 0
737 423 50 5 Name 0 0 0
877 733 57 5 Name 0 0 0
358 183 8 3 Name 0 0 0
660 815 63 2 Name 0 0 0
878 957 63 2 Name 0 0 0
804 922 17 6 Name 0 0 0
329 192 62 4 Name 0 0 0
952 865 8 4 Name 0 0 0
322 433 57 2 Name 0 0 0
655 605 53 3 Name 0 0 0
138 264 41 5 Name 0 0 0
954 677 44 4 Name 0 0 0
406 521 26 5 Name 0 0 0
267 814 52 4 Name 0 0 0
45 275 15 4 Name 0 0 0
623 28 59 3 Name 0 0 0
2 859 58 4 Name 0 0 0
415 197 62 2 Name 0 0 0
107 108 28 2 Name 0 0 0
266 965 27 4 Name 0 0 0
268 176 42 3 Name 0 0 0
567 651 50 3 Name 0 0 0
162 134 17 4 Name 0 0 0
537 485 6 4 Name 0 0 0
524 908 64 5 Name 0 0 0
1009 468 56 6 Name 0 0 0
951 482 10 3 Name 0 0 0
241 883 23 4 Name 0 0 0
131 60 15 5 Name 0 0 0
223 947 33 2 Name 0 0 0
387 827 10 6 Name 0 0 0
858 637 35 2 Name 0 0 0
792 461 5 3 Name 0 0 0
804 988 53 5 Name 0 0 0
770 31 56 3 Name 0 0 0
160 190 45 3 Name 0 0 0
210 375 30 4 Name 0 0 0
941 965 50 3 Name 0 0 0
523 831 15 4 Name 0 0 0
903 80 46 3 Name 0 0 0
464 639 28 3 Name 0 0 0
925 976 4 5 Name 0 0 0
656 589 29 4 Name 0 0 0
743 468 64 5 Name 0 0 0
443 513 50 3 Name 0 0 0
557 324 8 6 Name 0 0 0
399 409 5 4 Name 0 0 0
704 938 5 6 Name 0 0 0
161 938 57 3 Name 0 0 0
274 613 29 6 Name 0 0 0
289 1015 48 4 Name 0 0 0
542 505 11 2 Name 0 0 0
242 590 4 6 Name 0 0 0
21 476 21 4 Name 0 0 0
771 675 21 4 Name 0 0 0
858 535 37 3 Name 0 0 0
947 969 39 3 Name 0 0 0
185 843 16 5 Name 0 0 0
236 187 57 6 Name 0 0 0
422 896 15 4 Name 0 0 0
968 195 41 4 Name 0 0 0
237 163 63 4 Name 0 0 0
379 62 16 4 Name 0 0 0
643 422 30 5 Name 0 0 0
875 399 18 4 Name 0 0 0
194 370 21 5 Name 0 0 0
461 403 26 5 Name 0 0 0
254 136 39 4 Name 0 0 0
757 522 26 2 Name 0 0 0
229 305 52 5 Name 0 0 0
431 527 16 4 Name 0 0 0
647 589 59 4 Name 0 0 0
756 336 50 4 Name 0 0 0
84 670 20 3 Name 0 0 0
26 143 10 4 Name 0 0 0
396 283 48 5 Name 0 0 0
460 874 20 6 Name 0 0 0
335 673 57 5 Name 0 0 0
431 195 62 5 Name 0 0 0
242 556 30 2 Name 0 0 0
275 320 22 5 Name 0 0 0
538 100 48 4 Name 0 0 0
415 306 43 6 Name 0 0 0
204 468 27 5 Name 0 0 0
407 643 45 4 Name 0 0 0
327 400 52 5 Name 0 0 0
17 652 18 6 Name 0 0 0
225 478 12 4 Name 0 0 0
822 511 35 3 Name 0 0 0
998 624 11 5 Name 0 0 0
790 620 18 2 Name 0 0 0
635 387 25 3 Name 0 0 0
904 78 55 6 Name 0 0 0
446 258 54 3 Name 0 0 0
723 1 8 5 Name 0 0 0
106 651 42 3 Name 0 0 0
433 1013 11 2 Name 0 0 0
234 421 26 5 Name 0 0 0
116 503 52 6 Name 0 0 0
376 493 14 6 Name 0 0 0
570 213 34 4 Name 0 0 0
138 734 36 5 Name 0 0 0
521 506 38 4 Name 0 0 0
386 418 56 2 Name 0 0 0
225 412 44 4 Name 0 0 0
229 25 39 2 Name 0 0 0
820 151 43 3 Name 0 0 0
403 636 17 6 Name 0 0 0
334 509 24 4 Name 0 0 0
323 911 32 3 Name 0 0 0
367 461 39 3 Name 0 0 0
262 941 27 3 Name 0 0 0
944 429 14 3 Name 0 0 0
547 947 53 3 Name 0 0 0
77 166 25 6 Name 0 0 0
567 147 24 5 Name 0 0 0
410 814 40 5 Name 0 0 0
601 66 35 5 Name 0 0 0
556 767 12 3 Name 0 0 0
261 675 18 5 Name 0 0 0
413 395 47 4 Name 0 0 0
803 311 22 5 Name 0 0 0
971 71 23 2 Name 0 0 0
952 178 62 4 Name 0 0 0
76 430 58 5 Name 0 0 0
210 572 35 2 Name 0 0 0
578 1004 55 4 Name 0 0 0
452 941 56 3 Name 0 0 0
902 355 8 5 Name 0 0 0
360 47 44 3 Name 0 0 0
58 245 40 6 Name 0 0 0
415 239 18 2 Name 0 0 0
898 859 38 5 Name 0 0 0
741 827 29 2 Name 0 0 0
173 867 24 4 Name 0 0 0
702 724 25 3 Name 0 0 0
1008 444 49 3 Name 0 0 0
699 771 42 5 Name 0 0 0
958 840 36 2 Name 0 0 0
292 168 19 4 Name 0 0 0
776 676 29 3 Name 0 0 0
984 643 39 3 Name 0 0 0
122 37 27 3 Name 0 0 0
662 995 61 5 Name 0 0 0
958 955 33 3 Name 0 0 0
514 198 36 5 Name 0 0 0
877 840 59 5 Name 0 0 0
329 568 8 6 Name 0 0 0
667 26 62 4 Name 0 0 0
784 506 63 4 Name 0 0 0
160 176 34 5 Name 0 0 0
695 33 35 2 Name 0 0 0
211 909 8 4 Name 0 0 0
936 322 22 6 Name 0 0 0
583 763 60 5 Name 0 0 0
173 986 43 5 Name 0 0 0
311 1010 30 4 Name 0 0 0
878 701 9 6 Name 0 0 0
257 426 60 6 Name 0 0 0
531 235 38 6 Name 0 0 0
357 363 7 3 Name 0 0 0
346 974 60 2 Name 0 0 0
39 626 39 5 Name 0 0 0
178 752 26 5 Name 0 0 0
157 651 64 4 Name 0 0 0
614 436 22 2 Name 0 0 0
134 986 18 4 Name 0 0 0
670 147 52 5 Name 0 0 0
292 484 55 3 Name 0 0 0
62 715 44 4 Name 0 0 0
669 944 52 5 Name 0 0 0
66 11 49 2 Name 0 0 0
222 979 57 3 Name 0 0 0
931 91 33 4 Name 0 0 0
372 558 53 6 Name 0 0 0
285 932 22 5 Name 0 0 0
662 259 53 5 Name 0 0 0
515 430 18 4 Name 0 0 0
142 979 5 2 Name 0 0 0
1018 629 7 5 Name 0 0 0
191 573 50 5 Name 0 0 0
1006 568 51 3 Name 0 0 0
15 480 22 4 Name 0 0 0
118 370 11 3 Name 0 0 0
901 118 14 3 Name 0 0 0
171 66 19 4 Name 0 0 0
69 170 38 5 Name 0 0 0
323 246 43 4 Name 0 0 0
545 39 37 3 Name 0 0 0
550 152 33 4 Name 0 0 0
187 860 20 4 Name 0 0 0
995 635 15 5 Name 0 0 0
541 821 33 3 Name 0 0 0
542 415 48 3 Name 0 0 0
368 737 8 3 Name 0 0 0
1002 489 12 4 Name 0 0 0
236 675 32 4 Name 0 0 0
41 699 28 3 Name 0 0 0
146 96 20 5 Name 0 0 0
316 838 20 3 Name 0 0 0
429 832 24 5 Name 0 0 0
69 1017 42 3 Name 0 0 0
635 839 36 3 Name 0 0 0
83 895 10 2 Name 0 0 0
522 813 28 4 Name 0 0 0
896 164 33 3 Name 0 0 0
983 180 19 4 Name 0 0 0
328 927 37 3 Name 0 0 0
872 19 41 4 Name 0 0 0
720 654 55 5 Name 0 0 0
606 590 59 5 Name 0 0 0
366 8 24 4 Name 0 0 0
591 247 7 5 Name 0 0 0
121 580 21 4 Name 0 0 0
604 123 27 2 Name 0 0 0
37 310 54 3 Name 0 0 0
475 477 18 5 Name 0 0 0
802 435 62 2 Name 0 0 0
259 889 7 6 Name 0 0 0
833 61 18 5 Name 0 0 0
673 785 24 4 Name 0 0 0
68 869 39 4 Name 0 0 0
x-Min=0
x-Max=1024
y-Min=0
y-Max=1024
min label height=2.0
max label height=6.0
min label width=4.0
max label width=64
