1024
370 10024 684 56 Name 0 0 0
9413 1138 1304 85 Name 0 0 0
16113 7095 1253 34 Name 0 0 0
15885 12746 1636 60 Name 0 0 0
16161 7559 647 92 Name 0 0 0
15147 7567 550 92 Name 0 0 0
10234 10229 1398 69 Name 0 0 0
76 11786 1737 73 Name 0 0 0
10050 5314 1883 91 Name 0 0 0
2504 6422 1297 88 Name 0 0 0
4487 7700 1541 76 Name 0 0 0
7750 12964 1723 64 Name 0 0 0
6510 11344 1245 38 Name 0 0 0
8326 9116 1783 35 Name 0 0 0
5330 3194 1542 90 Name 0 0 0
5886 11568 202 41 Name 0 0 0
3366 5795 1831 56 Name 0 0 0
14716 1528 1481 59 Name 0 0 0
12982 13338 1722 45 Name 0 0 0
11781 16374 1041 49 Name 0 0 0
8528 5187 1409 43 Name 0 0 0
13459 4564 1031 86 Name 0 0 0
9356 5713 1904 53 Name 0 0 0
5907 2938 1696 45 Name 0 0 0
7945 12636 1290 86 Name 0 0 0
3281 8989 224 34 Name 0 0 0
4593 9725 231 35 Name 0 0 0
2588 238 1230 58 Name 0 0 0
3291 4503 168 89 Name 0 0 0
8796 11895 680 63 Name 0 0 0
6566 10076 1394 47 Name 0 0 0
4825 4806 1207 54 Name 0 0 0
7989 5766 1492 78 Name 0 0 0
2089 13124 1011 71 Name 0 0 0
10426 2135 370 62 Name 0 0 0
14533 3769 569 36 Name 0 0 0
1476 494 877 67 Name 0 0 0
10260 13597 552 95 Name 0 0 0
14937 7810 817 76 Name 0 0 0
11396 11333 1680 32 Name 0 0 0
11311 3980 1109 65 Name 0 0 0
10130 6621 720 35 Name 0 0 0
15484 11981 823 71 Name 0 0 0
7450 12248 1099 84 Name 0 0 0
10494 8923 1122 94 Name 0 0 0
13026 4072 1542 49 Name 0 0 0
8224 13451 1956 68 Name 0 0 0
13865 7443 2041 46 Name 0 0 0
5124 5765 280 50 Name 0 0 0
11519 10530 2012 62 Name 0 0 0
13361 12139 1744 68 Name 0 0 0
2102 3133 1685 81 Name 0 0 0
6944 9515 345 86 Name 0 0 0
5015 8186 420 37 Name 0 0 0
1714 15970 1930 46 Name 0 0 0
10970 2132 541 40 Name 0 0 0
7048 10087 943 92 Name 0 0 0
1140 9884 1833 83 Name 0 0 0
11990 8744 920 62 Name 0 0 0
14401 7375 144 46 Name 0 0 0
10510 10220 415 53 Name 0 0 0
11213 5327 2018 54 Name 0 0 0
163 7200 1757 79 Name 0 0 0
9580 2775 708 37 Name 0 0 0
14645 4938 979 85 Name 0 0 0
5844 10355 1645 64 Name 0 0 0
4649 12133 1519 83 Name 0 0 0
1075 9324 389 85 Name 0 0 0
6563 13350 222 67 Name 0 0 0
6400 4877 436 80 Name 0 0 0
16253 6443 1090 68 Name 0 0 0
15684 5843 973 88 Name 0 0 0
1675 11050 729 59 Name 0 0 0
3978 1029 733 34 Name 0 0 0
9372 8265 367 37 Name 0 0 0
6210 7933 977 42 Name 0 0 0
5944 10045 2044 66 Name 0 0 0
12479 10669 1123 90 Name 0 0 0
12948 15178 1601 43 Name 0 0 0
8906 4832 129 69 Name 0 0 0
11111 5620 283 51 Name 0 0 0
632 15622 466 43 Name 0 0 0
11548 8651 1706 65 Name 0 0 0
7706 15737 1807 90 Name 0 0 0
1278 13912 690 93 Name 0 0 0
6081 3467 897 82 Name 0 0 0
13856 5528 1298 55 Name 0 0 0
12827 6638 1438 77 Name 0 0 0
6443 10752 1331 59 Name 0 0 0
13930 5531 230 66 Name 0 0 0
1922 13511 1873 36 Name 0 0 0
5855 12712 1530 69 Name 0 0 0
911 2096 438 74 Name 0 0 0
12403 10631 784 81 Name 0 0 0
1616 6869 981 95 Name 0 0 0
10212 1480 1082 38 Name 0 0 0
4189 11576 64 75 Name 0 0 0
3463 9962 64 71 Name 0 0 0
1314 13839 1421 84 Name 0 0 0
1376 10090 269 62 Name 0 0 0
7937 12132 547 57 Name 0 0 0
8975 11886 470 84 Name 0 0 0
2060 15345 1810 64 Name 0 0 0
10622 5997 1589 90 Name 0 0 0
4136 2087 1423 49 Name 0 0 0
14621 3551 1436 42 Name 0 0 0
5097 10694 1668 48 Name 0 0 0
13018 8881 1692 91 Name 0 0 0
9004 7785 133 38 Name 0 0 0
2043 14096 1068 36 Name 0 0 0
5635 8718 1474 58 Name 0 0 0
2667 12905 353 65 Name 0 0 0
10884 10040 1558 93 Name 0 0 0
8271 2815 937 77 Name 0 0 0
457 1948 1777 80 Name 0 0 0
3528 7316 363 82 Name 0 0 0
15934 3864 856 76 Name 0 0 0
10374 10219 1886 52 Name 0 0 0
8307 11149 1724 39 Name 0 0 0
15542 15348 1360 44 Name 0 0 0
7537 15632 2034 63 Name 0 0 0
4406 3871 1423 53 Name 0 0 0
7881 8456 1871 49 Name 0 0 0
15144 337 1262 82 Name 0 0 0
16300 14354 1538 56 Name 0 0 0
9101 15196 860 90 Name 0 0 0
4761 9939 380 43 Name 0 0 0
9973 16009 1872 96 Name 0 0 0
5873 13405 1877 87 Name 0 0 0
2742 9865 1997 65 Name 0 0 0
4864 10961 1767 74 Name 0 0 0
16378 7227 687 62 Name 0 0 0
12156 4668 1369 62 Name 0 0 0
2809 10981 299 76 Name 0 0 0
7920 230 1381 86 Name 0 0 0
1303 15733 1736 41 Name 0 0 0
5897 15866 1928 53 Name 0 0 0
8496 10241 1340 76 Name 0 0 0
3879 4038 446 85 Name 0 0 0
9374 15006 410 94 Name 0 0 0
13229 1933 533 51 Name 0 0 0
2674 8202 1097 35 Name 0 0 0
14558 7647 484 38 Name 0 0 0
842 1168 1246 90 Name 0 0 0
7221 14638 393 36 Name 0 0 0
5801 9121 1224 70 Name 0 0 0
2938 16268 1106 83 Name 0 0 0
7380 11329 439 35 Name 0 0 0
7144 2526 939 91 Name 0 0 0
8842 10879 393 78 Name 0 0 0
5491 6900 1218 62 Name 0 0 0
10745 14278 514 84 Name 0 0 0
5605 14055 453 60 Name 0 0 0
8405 11257 209 92 Name 0 0 0
9648 13514 768 43 Name 0 0 0
4166 12024 1895 72 Name 0 0 0
1641 15150 549 71 Name 0 0 0
2261 15472 621 83 Name 0 0 0
11312 4285 1758 90 Name 0 0 0
1849 5665 1004 71 Name 0 0 0
9495 8038 181 74 Name 0 0 0
9291 3479 201 47 Name 0 0 0
3057 14185 1385 52 Name 0 0 0
12457 12372 305 37 Name 0 0 0
3642 7050 1965 58 Name 0 0 0
15902 4813 1908 70 Name 0 0 0
889 10608 894 58 Name 0 0 0
13127 4677 1940 95 Name 0 0 0
2820 1766 700 73 Name 0 0 0
2149 14921 1919 94 Name 0 0 0
5834 3751 1423 57 Name 0 0 0
15825 13485 1895 57 Name 0 0 0
12845 1667 280 58 Name 0 0 0
13865 4807 83 82 Name 0 0 0
9202 4938 175 57 Name 0 0 0
8940 2265 1710 88 Name 0 0 0
10818 8279 1797 77 Name 0 0 0
10781 13970 1299 57 Name 0 0 0
9313 11901 1335 33 Name 0 0 0
4739 6281 531 58 Name 0 0 0
8072 10461 1461 45 Name 0 0 0
4452 2268 1988 90 Name 0 0 0
1770 6732 156 33 Name 0 0 0
6713 8381 2003 71 Name 0 0 0
2304 6651 1890 88 Name 0 0 0
12595 4545 879 73 Name 0 0 0
10686 14016 815 89 Name 0 0 0
7140 9214 1512 75 Name 0 0 0
13362 6135 1082 91 Name 0 0 0
4068 10853 481 40 Name 0 0 0
6501 12168 1075 71 Name 0 0 0
5264 6447 175 43 Name 0 0 0
16186 3752 1048 87 Name 0 0 0
5816 11379 239 39 Name 0 0 0
8213 14099 1621 44 Name 0 0 0
8572 11037 164 50 Name 0 0 0
11349 6786 1676 35 Name 0 0 0
586 9073 1447 66 Name 0 0 0
13896 7790 392 64 Name 0 0 0
3466 11680 367 49 Name 0 0 0
11002 6137 1471 82 Name 0 0 0
15747 3568 1290 85 Name 0 0 0
1923 11326 368 38 Name 0 0 0
12114 6607 529 45 Name 0 0 0
4832 15020 1595 45 Name 0 0 0
16326 4144 1743 40 Name 0 0 0
15105 7466 1926 81 Name 0 0 0
2303 5303 1352 73 Name 0 0 0
8712 3471 1627 87 Name 0 0 0
13938 1090 1006 70 Name 0 0 0
13254 5597 653 94 Name 0 0 0
9510 3104 1624 76 Name 0 0 0
1021 4137 1277 60 Name 0 0 0
7846 7584 1929 91 Name 0 0 0
9212 9001 547 79 Name 0 0 0
6740 8227 1191 55 Name 0 0 0
8652 8002 811 58 Name 0 0 0
8256 9522 1393 72 Name 0 0 0
10540 9137 2029 83 Name 0 0 0
15214 2469 393 45 Name 0 0 0
11264 12410 449 74 Name 0 0 0
5053 2175 726 96 Name 0 0 0
9583 7631 339 75 Name 0 0 0
5841 8 1207 74 Name 0 0 0
15958 5127 822 64 Name 0 0 0
9611 3102 102 94 Name 0 0 0
1631 4313 751 61 Name 0 0 0
5743 1696 197 54 Name 0 0 0
9214 14368 311 91 Name 0 0 0
8262 14961 1983 70 Name 0 0 0
2065 11607 839 39 Name 0 0 0
8200 11145 1087 82 Name 0 0 0
15927 10982 608 62 Name 0 0 0
6281 10105 2017 72 Name 0 0 0
9336 14813 737 83 Name 0 0 0
4386 7558 341 84 Name 0 0 0
4281 10551 1757 36 Name 0 0 0
727 4826 1341 62 Name 0 0 0
2656 8790 1985 94 Name 0 0 0
3361 5376 1986 51 Name 0 0 0
5239 1147 121 68 Name 0 0 0
1221 14246 660 37 Name 0 0 0
8079 9729 1307 88 Name 0 0 0
11767 13056 520 44 Name 0 0 0
7113 10279 1100 42 Name 0 0 0
6800 1934 1611 40 Name 0 0 0
11530 6024 1812 46 Name 0 0 0
10 2486 1941 61 Name 0 0 0
16253 15296 319 46 Name 0 0 0
2959 10772 828 75 Name 0 0 0
16035 13190 1062 55 Name 0 0 0
10588 12296 786 70 Name 0 0 0
13105 13186 497 55 Name 0 0 0
11461 12052 1885 81 Name 0 0 0
2920 11549 147 42 Name 0 0 0
1243 2067 1847 79 Name 0 0 0
4866 2485 1250 91 Name 0 0 0
5912 3597 1899 34 Name 0 0 0
2674 13005 1639 56 Name 0 0 0
13881 5206 390 33 Name 0 0 0
1385 16306 797 70 Name 0 0 0
12193 6057 1357 40 Name 0 0 0
1660 11686 1629 52 Name 0 0 0
4337 13503 1188 47 Name 0 0 0
14840 7002 1624 84 Name 0 0 0
11536 4881 1153 67 Name 0 0 0
14667 10702 134 63 Name 0 0 0
7629 12764 1054 71 Name 0 0 0
7557 7929 347 64 Name 0 0 0
12384 335 1604 53 Name 0 0 0
13608 10631 1871 61 Name 0 0 0
10022 13061 305 56 Name 0 0 0
13282 7829 1428 69 Name 0 0 0
9042 7359 1020 61 Name 0 0 0
13430 11185 450 42 Name 0 0 0
2336 2227 894 37 Name 0 0 0
7443 3679 616 63 Name 0 0 0
13930 14111 1125 49 Name 0 0 0
2542 3755 544 40 Name 0 0 0
5446 12338 1403 67 Name 0 0 0
6538 4431 1566 36 Name 0 0 0
11024 5413 862 79 Name 0 0 0
6739 11050 334 81 Name 0 0 0
13511 6893 1048 36 Name 0 0 0
2474 9891 1734 36 Name 0 0 0
7178 15217 319 46 Name 0 0 0
4893 4062 1252 64 Name 0 0 0
5235 9899 1952 58 Name 0 0 0
2302 7206 1004 51 Name 0 0 0
7073 8374 714 62 Name 0 0 0
11169 7666 1970 89 Name 0 0 0
8321 10910 624 58 Name 0 0 0
3597 13541 1728 50 Name 0 0 0
9815 4284 282 72 Name 0 0 0
4783 4768 281 72 Name 0 0 0
7350 4664 1885 71 Name 0 0 0
502 1923 560 44 Name 0 0 0
12812 8146 312 80 Name 0 0 0
5969 3668 1281 60 Name 0 0 0
7724 8651 1039 43 Name 0 0 0
8493 5424 1926 43 Name 0 0 0
14266 3343 923 57 Name 0 0 0
310 10799 82 78 Name 0 0 0
11088 11376 1803 90 Name 0 0 0
14942 1392 561 93 Name 0 0 0
13783 8762 552 48 Name 0 0 0
5343 128 1949 45 Name 0 0 0
9804 9862 534 94 Name 0 0 0
12101 12055 1768 56 Name 0 0 0
11021 8207 1314 91 Name 0 0 0
14416 13544 1444 84 Name 0 0 0
8507 6334 1332 73 Name 0 0 0
7612 4640 1445 79 Name 0 0 0
5522 9195 1058 84 Name 0 0 0
1013 3192 1677 41 Name 0 0 0
12466 13394 467 49 Name 0 0 0
12830 15093 1850 83 Name 0 0 0
15714 15126 1195 49 Name 0 0 0
12108 11035 583 62 Name 0 0 0
5223 3207 1015 71 Name 0 0 0
10443 5991 1320 80 Name 0 0 0
9503 2976 1423 80 Name 0 0 0
973 12498 1798 86 Name 0 0 0
8676 1103 741 56 Name 0 0 0
14460 2770 1168 68 Name 0 0 0
13208 5199 374 70 Name 0 0 0
13256 11327 524 72 Name 0 0 0
4888 8358 1148 88 Name 0 0 0
935 14032 636 38 Name 0 0 0
10523 9947 903 76 Name 0 0 0
3551 7370 1594 40 Name 0 0 0
15570 14604 583 59 Name 0 0 0
15401 8325 1346 91 Name 0 0 0
12618 10764 710 42 Name 0 0 0
3245 1083 1132 45 Name 0 0 0
15004 2837 1616 93 Name 0 0 0
11929 1392 520 40 Name 0 0 0
12229 415 144 40 Name 0 0 0
13356 8552 1320 88 Name 0 0 0
9726 11686 648 59 Name 0 0 0
14859 11060 562 61 Name 0 0 0
6180 3476 896 51 Name 0 0 0
15469 6764 1892 33 Name 0 0 0
3630 4331 871 59 Name 0 0 0
6632 7493 1300 60 Name 0 0 0
8248 9646 1066 88 Name 0 0 0
14311 2488 1038 36 Name 0 0 0
7753 12354 1980 81 Name 0 0 0
11390 15387 1391 54 Name 0 0 0
7040 15993 1029 87 Name 0 0 0
16283 8611 1379 69 Name 0 0 0
3552 1468 582 55 Name 0 0 0
7201 9201 848 49 Name 0 0 0
16104 5330 2026 43 Name 0 0 0
7459 4912 1570 53 Name 0 0 0
9947 15308 1191 79 Name 0 0 0
15030 7988 134 88 Name 0 0 0
2876 13519 919 86 Name 0 0 0
1161 2475 1334 57 Name 0 0 0
3094 11972 1937 67 Name 0 0 0
3434 70 646 55 Name 0 0 0
7684 3286 314 33 Name 0 0 0
12763 1999 206 75 Name 0 0 0
16003 13225 1648 76 Name 0 0 0
2857 5671 917 47 Name 0 0 0
12392 13484 1187 59 Name 0 0 0
2019 5027 226 49 Name 0 0 0
3932 11141 2025 34 Name 0 0 0
7081 11113 159 61 Name 0 0 0
14082 5366 1838 68 Name 0 0 0
15217 7103 561 93 Name 0 0 0
9955 7819 1425 53 Name 0 0 0
7034 15617 1090 70 Name 0 0 0
3878 4115 84 72 Name 0 0 0
11109 13201 476 55 Name 0 0 0
6845 8028 765 54 Name 0 0 0
2969 16072 543 73 Name 0 0 0
5003 9092 1061 93 Name 0 0 0
8878 145 1317 35 Name 0 0 0
1910 5634 843 32 Name 0 0 0
2825 12985 809 90 Name 0 0 0
8457 6001 303 85 Name 0 0 0
10129 14539 740 63 Name 0 0 0
4133 7146 1129 77 Name 0 0 0
7085 15258 2009 67 Name 0 0 0
28 7787 1445 36 Name 0 0 0
5878 8364 857 54 Name 0 0 0
10954 4401 694 83 Name 0 0 0
5026 10242 1596 82 Name 0 0 0
1931 698 1944 85 Name 0 0 0
9536 12513 797 66 Name 0 0 0
793 3185 198 38 Name 0 0 0
12228 15049 1734 43 Name 0 0 0
10529 15902 745 78 Name 0 0 0
985 6194 756 49 Name 0 0 0
2116 3283 640 65 Name 0 0 0
1111 12964 329 57 Name 0 0 0
11980 15282 1062 52 Name 0 0 0
9204 1886 145 38 Name 0 0 0
7221 8438 728 72 Name 0 0 0
13415 9112 1854 85 Name 0 0 0
4510 12510 1806 32 Name 0 0 0
10002 9351 1868 50 Name 0 0 0
2395 6169 1473 42 Name 0 0 0
9637 10613 1363 47 Name 0 0 0
14768 7674 225 74 Name 0 0 0
2939 2330 86 82 Name 0 0 0
9862 7756 582 79 Name 0 0 0
13571 6856 1037 81 Name 0 0 0
6045 14348 1955 82 Name 0 0 0
10985 13747 217 89 Name 0 0 0
9626 5654 213 51 Name 0 0 0
2735 13125 804 73 Name 0 0 0
12126 12962 729 33 Name 0 0 0
15322 8665 1442 68 Name 0 0 0
13239 16045 143 60 Name 0 0 0
13202 11304 464 42 Name 0 0 0
1698 857 437 74 Name 0 0 0
14500 3735 1217 84 Name 0 0 0
12839 11902 1357 88 Name 0 0 0
8104 96 1965 87 Name 0 0 0
8934 5739 1005 66 Name 0 0 0
15060 1956 802 60 Name 0 0 0
5239 5057 1416 35 Name 0 0 0
657 4027 962 85 Name 0 0 0
5947 1 1978 75 Name 0 0 0
1144 4496 1449 51 Name 0 0 0
1074 9401 1314 77 Name 0 0 0
15794 16337 274 49 Name 0 0 0
10859 7478 1177 94 Name 0 0 0
8827 12288 1599 94 Name 0 0 0
10315 6019 658 73 Name 0 0 0
6763 6074 272 64 Name 0 0 0
12612 8023 2035 85 Name 0 0 0
566 13022 139 75 Name 0 0 0
6759 11354 830 88 Name 0 0 0
10735 12176 1557 68 Name 0 0 0
16116 2599 1879 91 Name 0 0 0
12408 10989 754 93 Name 0 0 0
9928 3675 1581 94 Name 0 0 0
15098 10805 938 77 Name 0 0 0
11771 13066 265 50 Name 0 0 0
7378 15470 1226 51 Name 0 0 0
12520 6737 517 37 Name 0 0 0
13232 15993 969 42 Name 0 0 0
9233 4655 1621 64 Name 0 0 0
2425 52 822 83 Name 0 0 0
9526 6473 1927 64 Name 0 0 0
9377 6468 335 83 Name 0 0 0
13913 4257 205 64 Name 0 0 0
9127 4822 272 37 Name 0 0 0
8998 3126 211 36 Name 0 0 0
1604 354 815 77 Name 0 0 0
4895 3745 763 93 Name 0 0 0
5312 9009 1938 56 Name 0 0 0
11666 11384 907 70 Name 0 0 0
5271 8319 1419 40 Name 0 0 0
12458 697 1239 71 Name 0 0 0
2458 11396 1809 86 Name 0 0 0
412 15077 467 55 Name 0 0 0
6823 240 901 94 Name 0 0 0
6654 9385 1126 44 Name 0 0 0
9442 3132 738 60 Name 0 0 0
1520 1904 1045 38 Name 0 0 0
4276 6518 685 52 Name 0 0 0
9985 15416 1890 48 Name 0 0 0
10919 3927 307 37 Name 0 0 0
4945 5576 209 38 Name 0 0 0
4123 9749 862 37 Name 0 0 0
12666 6815 904 75 Name 0 0 0
3935 5094 786 43 Name 0 0 0
1822 9009 1545 70 Name 0 0 0
11858 16172 572 74 Name 0 0 0
8889 11102 1779 65 Name 0 0 0
3031 7129 450 69 Name 0 0 0
7286 13942 705 35 Name 0 0 0
6912 7275 1049 45 Name 0 0 0
10410 5061 1461 68 Name 0 0 0
13026 11230 265 75 Name 0 0 0
11271 4233 1476 88 Name 0 0 0
5798 11706 1757 44 Name 0 0 0
135 3852 698 71 Name 0 0 0
6056 13240 1164 54 Name 0 0 0
6709 12347 1333 82 Name 0 0 0
10758 12002 747 80 Name 0 0 0
13080 1806 1530 81 Name 0 0 0
6225 4190 301 84 Name 0 0 0
6737 1897 570 68 Name 0 0 0
9905 8657 690 60 Name 0 0 0
1139 7493 1074 49 Name 0 0 0
781 5793 1734 82 Name 0 0 0
9979 7073 153 44 Name 0 0 0
1499 14617 496 88 Name 0 0 0
6092 15334 1270 62 Name 0 0 0
9674 14849 1784 61 Name 0 0 0
16145 1234 1113 60 Name 0 0 0
824 10618 1271 74 Name 0 0 0
3533 4083 686 86 Name 0 0 0
5291 8169 578 35 Name 0 0 0
14225 8458 904 39 Name 0 0 0
5587 4271 1256 78 Name 0 0 0
7002 11910 1962 33 Name 0 0 0
2572 15290 604 43 Name 0 0 0
10969 13326 997 37 Name 0 0 0
6294 12557 1350 49 Name 0 0 0
15438 9457 1895 93 Name 0 0 0
4085 352 1522 39 Name 0 0 0
3121 11462 1305 81 Name 0 0 0
10004 10418 1642 60 Name 0 0 0
7580 7100 1036 49 Name 0 0 0
8526 13651 118 57 Name 0 0 0
12634 5527 1803 77 Name 0 0 0
11586 12931 1648 35 Name 0 0 0
11488 14861 98 95 Name 0 0 0
14228 12237 593 46 Name 0 0 0
12513 9739 1949 56 Name 0 0 0
16023 15429 95 75 Name 0 0 0
7392 1888 1190 47 Name 0 0 0
5611 16357 2034 64 Name 0 0 0
6788 9977 1617 38 Name 0 0 0
4348 9862 234 80 Name 0 0 0
9582 2207 1785 35 Name 0 0 0
14820 2448 81 34 Name 0 0 0
15485 4428 1411 59 Name 0 0 0
13644 3670 564 76 Name 0 0 0
16126 10729 440 87 Name 0 0 0
7366 6174 2017 82 Name 0 0 0
5318 13816 1774 38 Name 0 0 0
13338 6786 1163 53 Name 0 0 0
11655 1128 1634 79 Name 0 0 0
4812 12209 1796 92 Name 0 0 0
4505 8555 85 41 Name 0 0 0
8892 1700 1421 58 Name 0 0 0
7717 13264 277 62 Name 0 0 0
1227 6325 1870 86 Name 0 0 0
13172 477 262 43 Name 0 0 0
5307 15653 1065 49 Name 0 0 0
9528 6405 319 42 Name 0 0 0
14611 4777 382 51 Name 0 0 0
1372 13540 134 37 Name 0 0 0
9520 3584 233 74 Name 0 0 0
9618 16139 1900 91 Name 0 0 0
9650 370 176 35 Name 0 0 0
15847 14864 988 47 Name 0 0 0
622 9692 507 61 Name 0 0 0
13593 11515 415 33 Name 0 0 0
5293 7631 1156 94 Name 0 0 0
3000 5119 1997 57 Name 0 0 0
2765 11914 1966 52 Name 0 0 0
7656 14948 235 68 Name 0 0 0
5940 15690 1307 53 Name 0 0 0
124 13981 1077 49 Name 0 0 0
13958 15697 881 39 Name 0 0 0
1788 348 1095 46 Name 0 0 0
2577 11588 682 84 Name 0 0 0
5436 3765 2004 55 Name 0 0 0
11754 11565 666 63 Name 0 0 0
5134 2765 1015 54 Name 0 0 0
14450 8298 1537 56 Name 0 0 0
13942 7966 1486 39 Name 0 0 0
6901 10893 144 33 Name 0 0 0
16111 8700 1693 95 Name 0 0 0
8613 11901 386 42 Name 0 0 0
2434 8189 1344 84 Name 0 0 0
1557 9007 1117 68 Name 0 0 0
4786 2800 1035 63 Name 0 0 0
4250 3914 1700 56 Name 0 0 0
10250 12321 1798 33 Name 0 0 0
7670 6337 756 82 Name 0 0 0
7252 1221 269 93 Name 0 0 0
12032 6225 1282 84 Name 0 0 0
3584 2674 188 79 Name 0 0 0
1624 1096 599 74 Name 0 0 0
2287 1701 1264 94 Name 0 0 0
14977 1742 1558 49 Name 0 0 0
1545 2028 1581 69 Name 0 0 0
889 2627 1901 56 Name 0 0 0
13837 15197 1153 94 Name 0 0 0
1633 7355 322 51 Name 0 0 0
5289 1278 920 48 Name 0 0 0
4417 15472 1633 57 Name 0 0 0
5608 2120 510 92 Name 0 0 0
5291 4255 1306 72 Name 0 0 0
14748 10169 119 60 Name 0 0 0
7281 11941 463 39 Name 0 0 0
6546 3027 900 61 Name 0 0 0
2541 11727 502 87 Name 0 0 0
5564 6634 1634 91 Name 0 0 0
15644 11757 495 57 Name 0 0 0
10914 16165 883 94 Name 0 0 0
6024 3828 1109 78 Name 0 0 0
6031 7584 1567 86 Name 0 0 0
6504 7766 917 79 Name 0 0 0
4105 9015 754 68 Name 0 0 0
1652 8634 1040 44 Name 0 0 0
6775 59 667 85 Name 0 0 0
12370 7632 1704 46 Name 0 0 0
1802 13032 675 81 Name 0 0 0
3147 12592 869 54 Name 0 0 0
11122 7138 1039 60 Name 0 0 0
2570 740 470 35 Name 0 0 0
2333 16293 1285 43 Name 0 0 0
4624 12338 1161 71 Name 0 0 0
1435 9497 391 40 Name 0 0 0
7928 9654 73 67 Name 0 0 0
11793 935 1532 45 Name 0 0 0
13558 8128 129 67 Name 0 0 0
2731 9121 1963 61 Name 0 0 0
11207 11994 162 95 Name 0 0 0
7436 11720 629 92 Name 0 0 0
12247 11727 1071 58 Name 0 0 0
1439 7608 343 89 Name 0 0 0
13770 4864 487 58 Name 0 0 0
6081 13940 1697 42 Name 0 0 0
7041 7635 877 58 Name 0 0 0
15905 14155 486 45 Name 0 0 0
12355 6502 490 46 Name 0 0 0
10291 8112 1896 80 Name 0 0 0
13249 574 336 83 Name 0 0 0
14085 7416 1570 74 Name 0 0 0
5125 16354 1999 76 Name 0 0 0
7762 5202 320 41 Name 0 0 0
16125 6274 1967 57 Name 0 0 0
11177 15469 1310 65 Name 0 0 0
4290 15038 1407 42 Name 0 0 0
8010 16039 1201 92 Name 0 0 0
3656 11440 760 49 Name 0 0 0
7054 197 1421 44 Name 0 0 0
16356 10854 1996 38 Name 0 0 0
10099 11925 1259 74 Name 0 0 0
2914 11901 1555 89 Name 0 0 0
12562 15346 1563 47 Name 0 0 0
1165 2063 826 42 Name 0 0 0
11413 10634 1005 92 Name 0 0 0
1492 12030 1482 34 Name 0 0 0
10586 4034 1058 72 Name 0 0 0
12314 14092 144 41 Name 0 0 0
1317 79 338 96 Name 0 0 0
8252 1103 84 62 Name 0 0 0
6334 7159 574 72 Name 0 0 0
3563 3360 1645 50 Name 0 0 0
8676 16034 493 70 Name 0 0 0
1408 584 1101 78 Name 0 0 0
11757 9047 2036 36 Name 0 0 0
13601 7275 154 91 Name 0 0 0
7686 12737 1104 44 Name 0 0 0
15684 8389 960 75 Name 0 0 0
3356 7214 654 82 Name 0 0 0
12307 6685 528 90 Name 0 0 0
4198 10113 1075 84 Name 0 0 0
8140 13816 1421 94 Name 0 0 0
5117 484 1813 83 Name 0 0 0
10811 9822 487 88 Name 0 0 0
15166 13721 1470 68 Name 0 0 0
6094 15031 382 67 Name 0 0 0
12228 189 127 45 Name 0 0 0
2866 2086 1448 70 Name 0 0 0
7393 4460 278 47 Name 0 0 0
5285 7513 1404 32 Name 0 0 0
6743 1212 791 47 Name 0 0 0
8815 15076 1378 46 Name 0 0 0
9121 7563 1627 88 Name 0 0 0
13294 14670 1532 57 Name 0 0 0
6968 11816 1141 43 Name 0 0 0
13554 12544 511 84 Name 0 0 0
7443 11346 815 94 Name 0 0 0
16037 5862 655 77 Name 0 0 0
4572 13203 1430 37 Name 0 0 0
6653 3070 673 39 Name 0 0 0
14016 16201 929 94 Name 0 0 0
8097 12243 507 35 Name 0 0 0
2902 294 1091 81 Name 0 0 0
11896 6344 1150 49 Name 0 0 0
8605 13663 685 85 Name 0 0 0
6056 10000 1837 63 Name 0 0 0
5136 640 972 72 Name 0 0 0
10181 324 1068 69 Name 0 0 0
14409 13697 160 54 Name 0 0 0
15874 14295 1240 69 Name 0 0 0
6029 42 1721 36 Name 0 0 0
296 5361 1873 49 Name 0 0 0
12495 6321 1804 93 Name 0 0 0
3565 11675 900 81 Name 0 0 0
5712 7040 670 93 Name 0 0 0
13884 15203 336 41 Name 0 0 0
2547 1108 1246 49 Name 0 0 0
12776 8873 477 75 Name 0 0 0
8110 5125 1171 74 Name 0 0 0
12687 5423 1447 67 Name 0 0 0
9413 2517 202 46 Name 0 0 0
7372 4257 1578 77 Name 0 0 0
2131 4590 488 48 Name 0 0 0
345 12897 1405 75 Name 0 0 0
8990 933 1484 55 Name 0 0 0
4892 2368 666 33 Name 0 0 0
9994 7521 1483 88 Name 0 0 0
8000 8913 399 69 Name 0 0 0
1514 4648 1644 67 Name 0 0 0
15954 14818 785 89 Name 0 0 0
14960 7006 1769 69 Name 0 0 0
4483 1380 1376 73 Name 0 0 0
10100 15001 1563 70 Name 0 0 0
13219 1035 1683 82 Name 0 0 0
11852 8764 331 64 Name 0 0 0
1417 12948 216 63 Name 0 0 0
11859 14334 884 58 Name 0 0 0
6635 14210 754 49 Name 0 0 0
9617 6225 1552 60 Name 0 0 0
1360 11698 842 59 Name 0 0 0
7764 7289 1139 95 Name 0 0 0
9508 5202 758 67 Name 0 0 0
2070 1569 2014 80 Name 0 0 0
5420 10483 536 92 Name 0 0 0
550 4970 1362 42 Name 0 0 0
13441 13189 1623 82 Name 0 0 0
15905 10656 365 82 Name 0 0 0
5728 14362 864 45 Name 0 0 0
9525 4876 225 84 Name 0 0 0
6189 465 651 94 Name 0 0 0
718 10901 990 48 Name 0 0 0
14238 13698 150 43 Name 0 0 0
11680 12487 1786 32 Name 0 0 0
3389 9978 1749 89 Name 0 0 0
10609 10496 2027 57 Name 0 0 0
8901 12789 1376 91 Name 0 0 0
10396 3836 2044 68 Name 0 0 0
2791 15561 1466 91 Name 0 0 0
5203 7691 657 73 Name 0 0 0
3088 5601 408 54 Name 0 0 0
8172 1694 1765 91 Name 0 0 0
3134 3405 433 90 Name 0 0 0
11321 5035 775 94 Name 0 0 0
2166 12675 1021 43 Name 0 0 0
4009 1253 1577 95 Name 0 0 0
13798 16160 2038 64 Name 0 0 0
5330 5627 837 44 Name 0 0 0
8785 12346 308 38 Name 0 0 0
4970 15003 1079 38 Name 0 0 0
4268 70 507 32 Name 0 0 0
2202 11291 1385 67 Name 0 0 0
9288 13006 178 45 Name 0 0 0
10666 14696 1898 36 Name 0 0 0
12691 4242 462 44 Name 0 0 0
13488 2278 1444 82 Name 0 0 0
14793 12701 1332 71 Name 0 0 0
1265 10570 1017 45 Name 0 0 0
6880 14081 1069 91 Name 0 0 0
10818 12273 715 41 Name 0 0 0
15482 1271 1189 59 Name 0 0 0
5040 12699 779 47 Name 0 0 0
2283 14007 1589 71 Name 0 0 0
11314 8558 1795 54 Name 0 0 0
5168 9299 659 58 Name 0 0 0
13749 13569 1205 55 Name 0 0 0
1748 2561 394 35 Name 0 0 0
11654 6298 1613 74 Name 0 0 0
8428 10916 1524 38 Name 0 0 0
2558 6423 1445 86 Name 0 0 0
9606 13599 499 81 Name 0 0 0
11838 12093 1495 79 Name 0 0 0
7312 7654 334 38 Name 0 0 0
10472 11465 668 33 Name 0 0 0
12209 13293 870 72 Name 0 0 0
11121 11363 1696 47 Name 0 0 0
13130 5725 1124 65 Name 0 0 0
14945 8933 1584 76 Name 0 0 0
3018 5750 1271 50 Name 0 0 0
14145 11401 586 74 Name 0 0 0
1136 12513 1539 83 Name 0 0 0
9556 11472 971 57 Name 0 0 0
11792 6045 1997 90 Name 0 0 0
6094 176 1925 57 Name 0 0 0
5038 13089 449 38 Name 0 0 0
10778 445 395 70 Name 0 0 0
4967 9523 1190 81 Name 0 0 0
6737 475 1954 39 Name 0 0 0
8437 11943 1980 65 Name 0 0 0
8570 9284 1733 47 Name 0 0 0
15895 2519 1782 89 Name 0 0 0
10409 2579 555 74 Name 0 0 0
2275 7753 654 78 Name 0 0 0
14996 7462 592 34 Name 0 0 0
6667 13947 67 95 Name 0 0 0
12861 7950 595 65 Name 0 0 0
6870 5011 131 81 Name 0 0 0
6042 14091 826 44 Name 0 0 0
5438 1209 1477 36 Name 0 0 0
6742 16329 1158 77 Name 0 0 0
5427 13701 1526 33 Name 0 0 0
15980 8402 1376 54 Name 0 0 0
2392 1896 632 90 Name 0 0 0
10549 14625 1235 72 Name 0 0 0
7536 3166 1152 85 Name 0 0 0
16301 12965 1337 36 Name 0 0 0
9367 13333 1807 82 Name 0 0 0
12714 11503 1165 58 Name 0 0 0
14695 1627 183 40 Name 0 0 0
12598 16106 1149 52 Name 0 0 0
5268 446 1970 50 Name 0 0 0
275 5072 971 40 Name 0 0 0
13440 1996 418 87 Name 0 0 0
9517 9273 209 83 Name 0 0 0
10 12925 1755 63 Name 0 0 0
13237 3100 355 65 Name 0 0 0
13199 6927 1673 46 Name 0 0 0
14890 601 1139 94 Name 0 0 0
2630 3827 340 61 Name 0 0 0
6757 7996 1220 65 Name 0 0 0
12663 16324 909 80 Name 0 0 0
15419 15605 496 52 Name 0 0 0
11176 654 862 87 Name 0 0 0
6804 9142 1663 78 Name 0 0 0
11066 1603 1364 37 Name 0 0 0
2856 2722 725 59 Name 0 0 0
2878 5679 669 63 Name 0 0 0
11292 9620 1834 68 Name 0 0 0
15581 8113 1867 89 Name 0 0 0
14754 9645 451 64 Name 0 0 0
13059 12670 1288 51 Name 0 0 0
3248 13699 1554 69 Name 0 0 0
6711 7387 1873 62 Name 0 0 0
8032 1135 731 73 Name 0 0 0
4623 13674 813 73 Name 0 0 0
5347 11494 1249 57 Name 0 0 0
14830 8033 1407 46 Name 0 0 0
6509 7027 1842 34 Name 0 0 0
1254 12774 1193 67 Name 0 0 0
11877 2500 1401 45 Name 0 0 0
6504 3545 1311 83 Name 0 0 0
10842 3660 457 78 Name 0 0 0
6922 2834 1719 54 Name 0 0 0
10504 13506 803 35 Name 0 0 0
10372 6223 706 90 Name 0 0 0
8625 9242 666 64 Name 0 0 0
2648 5888 663 47 Name 0 0 0
9272 10234 1908 44 Name 0 0 0
3921 4396 1820 73 Name 0 0 0
4685 4585 1816 86 Name 0 0 0
10844 15784 123 59 Name 0 0 0
4933 8411 1770 39 Name 0 0 0
13662 12544 1879 79 Name 0 0 0
13217 12692 498 85 Name 0 0 0
15582 14189 1575 84 Name 0 0 0
12289 7745 294 75 Name 0 0 0
13873 6654 1452 62 Name 0 0 0
1064 4364 1411 52 Name 0 0 0
11975 3393 1177 52 Name 0 0 0
3608 11024 1209 70 Name 0 0 0
3096 15442 944 33 Name 0 0 0
8922 7151 1432 44 Name 0 0 0
15881 1487 345 54 Name 0 0 0
15369 1087 914 65 Name 0 0 0
3905 7911 1263 42 Name 0 0 0
231 2877 782 39 Name 0 0 0
2039 2889 1516 94 Name 0 0 0
1377 2625 727 35 Name 0 0 0
3829 5607 383 71 Name 0 0 0
5764 3811 1825 85 Name 0 0 0
10273 15866 573 71 Name 0 0 0
3940 795 1984 70 Name 0 0 0
15233 6442 746 40 Name 0 0 0
6211 1318 1553 86 Name 0 0 0
11970 13449 1506 65 Name 0 0 0
2781 2821 1703 49 Name 0 0 0
4240 1783 249 86 Name 0 0 0
12778 8318 1829 62 Name 0 0 0
446 4553 329 79 Name 0 0 0
2629 11320 1816 82 Name 0 0 0
4238 5316 1886 95 Name 0 0 0
6937 2540 1372 44 Name 0 0 0
15700 16249 2034 50 Name 0 0 0
11295 4615 1599 40 Name 0 0 0
5718 14061 1717 33 Name 0 0 0
4075 13823 2001 80 Name 0 0 0
7716 1792 660 56 Name 0 0 0
12625 8902 1035 62 Name 0 0 0
10716 15833 972 65 Name 0 0 0
5847 11149 335 69 Name 0 0 0
10937 16238 367 38 Name 0 0 0
14463 11731 907 80 Name 0 0 0
11778 3229 461 59 Name 0 0 0
10633 2288 1137 62 Name 0 0 0
13594 13792 477 51 Name 0 0 0
6663 5388 1139 46 Name 0 0 0
5329 8407 1264 90 Name 0 0 0
12103 1396 1903 66 Name 0 0 0
12534 11499 1436 32 Name 0 0 0
10541 13612 934 43 Name 0 0 0
3274 10940 918 85 Name 0 0 0
6485 16266 1041 84 Name 0 0 0
8849 2734 493 71 Name 0 0 0
1723 13812 1971 93 Name 0 0 0
13325 13134 514 88 Name 0 0 0
10703 12825 1177 33 Name 0 0 0
7135 9816 1288 86 Name 0 0 0
9358 8243 671 80 Name 0 0 0
6956 7798 1761 71 Name 0 0 0
6198 8656 1386 61 Name 0 0 0
5940 2614 1540 84 Name 0 0 0
6470 12104 186 72 Name 0 0 0
13922 199 695 94 Name 0 0 0
15952 1855 884 76 Name 0 0 0
16310 13050 576 63 Name 0 0 0
9568 9235 380 54 Name 0 0 0
11620 10530 1911 91 Name 0 0 0
11880 3868 1665 91 Name 0 0 0
4586 6773 627 70 Name 0 0 0
13906 13700 1014 44 Name 0 0 0
7270 1438 1031 38 Name 0 0 0
2711 13830 762 86 Name 0 0 0
2769 23 945 43 Name 0 0 0
8158 13384 522 94 Name 0 0 0
10315 13099 1858 78 Name 0 0 0
498 2271 1067 42 Name 0 0 0
608 1184 1848 72 Name 0 0 0
13558 27 169 43 Name 0 0 0
11206 15484 1065 32 Name 0 0 0
13477 399 1053 53 Name 0 0 0
7104 5369 1502 33 Name 0 0 0
5606 13598 499 89 Name 0 0 0
7448 15949 606 64 Name 0 0 0
9973 6851 561 58 Name 0 0 0
2600 6376 434 65 Name 0 0 0
12494 15084 1839 50 Name 0 0 0
6548 2577 979 65 Name 0 0 0
3490 3047 1571 41 Name 0 0 0
9290 5875 1215 93 Name 0 0 0
9033 13860 860 84 Name 0 0 0
4128 11519 1603 33 Name 0 0 0
9235 3913 901 96 Name 0 0 0
4626 6238 1371 33 Name 0 0 0
15411 13510 2006 41 Name 0 0 0
3619 11365 1461 57 Name 0 0 0
6781 2655 193 93 Name 0 0 0
12710 2817 987 76 Name 0 0 0
13080 752 1017 83 Name 0 0 0
14600 11794 392 92 Name 0 0 0
10340 11517 1003 91 Name 0 0 0
11336 8647 1051 63 Name 0 0 0
1462 12007 799 83 Name 0 0 0
1732 10996 1222 71 Name 0 0 0
11995 4528 1327 94 Name 0 0 0
1136 15264 509 41 Name 0 0 0
2095 10897 1182 86 Name 0 0 0
13193 9967 694 58 Name 0 0 0
14533 4092 1467 62 Name 0 0 0
15792 920 379 61 Name 0 0 0
1120 9427 365 91 Name 0 0 0
4871 5817 1766 91 Name 0 0 0
2822 9853 1628 89 Name 0 0 0
16122 2484 1428 47 Name 0 0 0
6549 9737 1317 73 Name 0 0 0
3209 5189 526 50 Name 0 0 0
14124 10724 1054 43 Name 0 0 0
16312 10877 1394 83 Name 0 0 0
11095 6171 1922 54 Name 0 0 0
8901 10453 76 44 Name 0 0 0
8139 8139 820 90 Name 0 0 0
13512 10093 1375 35 Name 0 0 0
14167 12587 128 33 Name 0 0 0
16081 8151 1627 41 Name 0 0 0
9320 8879 1637 90 Name 0 0 0
2252 7778 1480 94 Name 0 0 0
13953 5537 1767 32 Name 0 0 0
9213 8377 747 35 Name 0 0 0
12806 13976 473 83 Name 0 0 0
11940 14533 1243 58 Name 0 0 0
5089 9815 1561 46 Name 0 0 0
3094 4409 1252 62 Name 0 0 0
13837 3353 1200 67 Name 0 0 0
1618 3950 1438 79 Name 0 0 0
2117 6044 787 74 Name 0 0 0
14728 9952 875 57 Name 0 0 0
2662 2279 425 85 Name 0 0 0
15366 9131 1448 89 Name 0 0 0
16062 12727 460 84 Name 0 0 0
8241 835 1433 53 Name 0 0 0
9200 11751 538 49 Name 0 0 0
1716 8098 741 43 Name 0 0 0
14389 1160 347 72 Name 0 0 0
8543 777 210 60 Name 0 0 0
9879 7466 1452 76 Name 0 0 0
2172 9095 993 66 Name 0 0 0
13045 3357 479 79 Name 0 0 0
13781 3856 910 83 Name 0 0 0
363 2293 1184 91 Name 0 0 0
12236 12175 864 93 Name 0 0 0
2087 6304 1903 68 Name 0 0 0
8642 12019 324 96 Name 0 0 0
7317 5276 224 74 Name 0 0 0
10144 8814 682 59 Name 0 0 0
10557 15017 1688 42 Name 0 0 0
15559 11844 1434 41 Name 0 0 0
1317 14523 1849 87 Name 0 0 0
8733 4625 1460 81 Name 0 0 0
16315 8183 616 80 Name 0 0 0
14133 2419 1516 70 Name 0 0 0
262 14266 102 72 Name 0 0 0
7552 4932 1138 32 Name 0 0 0
12266 2023 600 91 Name 0 0 0
2308 10645 1248 49 Name 0 0 0
3408 10443 1096 46 Name 0 0 0
14542 8459 1822 34 Name 0 0 0
15707 15683 191 38 Name 0 0 0
16124 4758 738 75 Name 0 0 0
11314 15207 316 89 Name 0 0 0
3909 10369 1935 41 Name 0 0 0
2073 1969 542 40 Name 0 0 0
4933 10491 1685 95 Name 0 0 0
10951 13911 643 67 Name 0 0 0
461 15519 555 62 Name 0 0 0
9526 7038 339 66 Name 0 0 0
2066 15440 1633 48 Name 0 0 0
1147 5476 1053 61 Name 0 0 0
1688 3398 1169 42 Name 0 0 0
4836 3011 1466 80 Name 0 0 0
14728 16191 868 84 Name 0 0 0
9508 3687 315 71 Name 0 0 0
3831 4837 1214 52 Name 0 0 0
1621 11873 498 52 Name 0 0 0
1952 14779 1844 37 Name 0 0 0
6056 16181 468 68 Name 0 0 0
190 14496 130 84 Name 0 0 0
3814 5677 1616 35 Name 0 0 0
x-Min=0
x-Max=16384
y-Min=0
y-Max=16384
min label height=32.0
max label height=96.0
min label width=64.0
max label width=2048
