1024
152 237 24 2 Name 0 0 0
604 288 18 2 Name 0 0 0
1016 567 26 2 Name 0 0 0
188 350 21 2 Name 0 0 0
394 536 25 2 Name 0 0 0
998 782 28 2 Name 0 0 0
878 51 9 2 Name 0 0 0
522 656 22 2 Name 0 0 0
904 429 11 2 Name 0 0 0
920 330 23 2 Name 0 0 0
51 142 25 2 Name 0 0 0
883 119 31 2 Name 0 0 0
816 215 12 2 Name 0 0 0
210 20 7 2 Name 0 0 0
634 430 25 2 Name 0 0 0
738 803 24 2 Name 0 0 0
919 779 8 2 Name 0 0 0
768 605 5 2 Name 0 0 0
386 799 25 2 Name 0 0 0
870 890 20 2 Name 0 0 0
246 881 17 2 Name 0 0 0
283 59 30 2 Name 0 0 0
629 635 20 2 Name 0 0 0
428 748 16 2 Name 0 0 0
482 690 20 2 Name 0 0 0
856 614 11 2 Name 0 0 0
370 892 26 2 Name 0 0 0
717 289 22 2 Name 0 0 0
111 482 27 2 Name 0 0 0
923 95 23 2 Name 0 0 0
519 85 28 2 Name 0 0 0
307 18 23 2 Name 0 0 0
306 547 11 2 Name 0 0 0
217 0 24 2 Name 0 0 0
548 157 18 2 Name 0 0 0
469 967 8 2 Name 0 0 0
315 260 18 2 Name 0 0 0
313 204 8 2 Name 0 0 0
377 906 11 2 Name 0 0 0
236 232 18 2 Name 0 0 0
407 37 32 2 Name 0 0 0
16 642 31 2 Name 0 0 0
43 622 22 2 Name 0 0 0
413 486 9 2 Name 0 0 0
353 107 5 2 Name 0 0 0
581 865 22 2 Name 0 0 0
753 90 27 2 Name 0 0 0
949 511 27 2 Name 0 0 0
196 86 15 2 Name 0 0 0
508 671 7 2 Name 0 0 0
253 1021 30 2 Name 0 0 0
301 354 14 2 Name 0 0 0
787 186 14 2 Name 0 0 0
102 944 13 2 Name 0 0 0
738 768 9 2 Name 0 0 0
721 603 29 2 Name 0 0 0
180 64 19 2 Name 0 0 0
89 318 11 2 Name 0 0 0
331 425 9 2 Name 0 0 0
280 672 13 2 Name 0 0 0
475 788 19 2 Name 0 0 0
865 64 16 2 Name 0 0 0
766 1009 26 2 Name 0 0 0
811 736 22 2 Name 0 0 0
185 724 24 2 Name 0 0 0
307 268 4 2 Name 0 0 0
301 520 14 2 Name 0 0 0
657 909 17 2 Name 0 0 0
340 365 28 2 Name 0 0 0
201 479 19 2 Name 0 0 0
320 953 13 2 Name 0 0 0
449 949 29 2 Name 0 0 0
847 22 10 2 Name 0 0 0
683 401 18 2 Name 0 0 0
794 93 24 2 Name 0 0 0
140 919 17 2 Name 0 0 0
460 51 17 2 Name 0 0 0
543 195 5 2 Name 0 0 0
502 766 4 2 Name 0 0 0
127 897 30 2 Name 0 0 0
186 424 27 2 Name 0 0 0
937 277 20 2 Name 0 0 0
606 287 27 2 Name 0 0 0
492 838 26 2 Name 0 0 0
828 71 28 2 Name 0 0 0
421 224 19 2 Name 0 0 0
917 89 15 2 Name 0 0 0
0 982 17 2 Name 0 0 0
153 444 7 2 Name 0 0 0
765 378 22 2 Name 0 0 0
19 304 14 2 Name 0 0 0
785 796 23 2 Name 0 0 0
250 445 18 2 Name 0 0 0
629 371 31 2 Name 0 0 0
333 888 24 2 Name 0 0 0
157 575 18 2 Name 0 0 0
19 23 6 2 Name 0 0 0
971 962 10 2 Name 0 0 0
422 840 27 2 Name 0 0 0
971 811 23 2 Name 0 0 0
110 84 12 2 Name 0 0 0
386 539 9 2 Name 0 0 0
681 799 18 2 Name 0 0 0
597 556 10 2 Name 0 0 0
356 847 11 2 Name 0 0 0
846 344 18 2 Name 0 0 0
483 734 6 2 Name 0 0 0
292 231 20 2 Name 0 0 0
974 79 25 2 Name 0 0 0
184 805 14 2 Name 0 0 0
844 307 24 2 Name 0 0 0
568 791 23 2 Name 0 0 0
943 832 16 2 Name 0 0 0
628 463 8 2 Name 0 0 0
426 443 23 2 Name 0 0 0
674 926 16 2 Name 0 0 0
951 505 29 2 Name 0 0 0
264 458 13 2 Name 0 0 0
676 184 30 2 Name 0 0 0
725 534 24 2 Name 0 0 0
870 591 25 2 Name 0 0 0
214 759 28 2 Name 0 0 0
469 425 18 2 Name 0 0 0
324 793 8 2 Name 0 0 0
838 532 17 2 Name 0 0 0
409 689 31 2 Name 0 0 0
843 820 6 2 Name 0 0 0
905 40 29 2 Name 0 0 0
434 647 18 2 Name 0 0 0
443 640 6 2 Name 0 0 0
802 730 15 2 Name 0 0 0
734 879 16 2 Name 0 0 0
446 158 18 2 Name 0 0 0
859 818 5 2 Name 0 0 0
451 449 32 2 Name 0 0 0
828 623 32 2 Name 0 0 0
126 854 28 2 Name 0 0 0
949 985 32 2 Name 0 0 0
1009 577 31 2 Name 0 0 0
53 375 18 2 Name 0 0 0
600 303 10 2 Name 0 0 0
196 913 30 2 Name 0 0 0
93 829 30 2 Name 0 0 0
251 324 22 2 Name 0 0 0
474 291 8 2 Name 0 0 0
954 796 22 2 Name 0 0 0
899 424 23 2 Name 0 0 0
359 89 24 2 Name 0 0 0
206 99 29 2 Name 0 0 0
7 651 16 2 Name 0 0 0
626 188 25 2 Name 0 0 0
485 996 11 2 Name 0 0 0
448 581 22 2 Name 0 0 0
247 203 15 2 Name 0 0 0
650 702 11 2 Name 0 0 0
864 589 17 2 Name 0 0 0
737 727 30 2 Name 0 0 0
154 534 8 2 Name 0 0 0
185 1 22 2 Name 0 0 0
169 641 17 2 Name 0 0 0
130 15 7 2 Name 0 0 0
736 403 31 2 Name 0 0 0
852 137 25 2 Name 0 0 0
563 672 6 2 Name 0 0 0
700 31 17 2 Name 0 0 0
746 75 17 2 Name 0 0 0
952 675 21 2 Name 0 0 0
659 59 25 2 Name 0 0 0
203 856 30 2 Name 0 0 0
473 88 10 2 Name 0 0 0
336 326 22 2 Name 0 0 0
619 77 15 2 Name 0 0 0
913 10 19 2 Name 0 0 0
862 417 8 2 Name 0 0 0
460 441 18 2 Name 0 0 0
117 58 31 2 Name 0 0 0
51 473 16 2 Name 0 0 0
818 566 7 2 Name 0 0 0
490 134 20 2 Name 0 0 0
682 382 24 2 Name 0 0 0
338 286 8 2 Name 0 0 0
349 657 27 2 Name 0 0 0
72 697 24 2 Name 0 0 0
808 654 20 2 Name 0 0 0
219 79 8 2 Name 0 0 0
893 681 21 2 Name 0 0 0
41 413 17 2 Name 0 0 0
198 851 16 2 Name 0 0 0
705 93 17 2 Name 0 0 0
106 522 28 2 Name 0 0 0
798 176 9 2 Name 0 0 0
473 412 19 2 Name 0 0 0
460 737 14 2 Name 0 0 0
735 636 31 2 Name 0 0 0
583 829 24 2 Name 0 0 0
564 181 21 2 Name 0 0 0
871 82 17 2 Name 0 0 0
238 439 15 2 Name 0 0 0
241 539 19 2 Name 0 0 0
519 871 24 2 Name 0 0 0
150 681 19 2 Name 0 0 0
110 926 8 2 Name 0 0 0
327 456 12 2 Name 0 0 0
1001 912 31 2 Name 0 0 0
94 956 23 2 Name 0 0 0
336 731 18 2 Name 0 0 0
487 917 30 2 Name 0 0 0
171 848 18 2 Name 0 0 0
702 215 31 2 Name 0 0 0
432 252 13 2 Name 0 0 0
210 60 21 2 Name 0 0 0
360 803 12 2 Name 0 0 0
687 44 20 2 Name 0 0 0
515 880 24 2 Name 0 0 0
148 133 15 2 Name 0 0 0
511 280 20 2 Name 0 0 0
401 350 21 2 Name 0 0 0
177 553 17 2 Name 0 0 0
92 809 16 2 Name 0 0 0
961 157 10 2 Name 0 0 0
772 137 16 2 Name 0 0 0
657 853 22 2 Name 0 0 0
878 457 7 2 Name 0 0 0
875 441 6 2 Name 0 0 0
475 589 30 2 Name 0 0 0
466 444 18 2 Name 0 0 0
761 876 6 2 Name 0 0 0
43 480 9 2 Name 0 0 0
394 464 28 2 Name 0 0 0
281 263 31 2 Name 0 0 0
751 969 31 2 Name 0 0 0
19 571 4 2 Name 0 0 0
725 796 18 2 Name 0 0 0
213 97 11 2 Name 0 0 0
189 347 13 2 Name 0 0 0
535 934 11 2 Name 0 0 0
481 551 7 2 Name 0 0 0
332 431 21 2 Name 0 0 0
339 779 6 2 Name 0 0 0
456 459 11 2 Name 0 0 0
451 511 9 2 Name 0 0 0
60 755 7 2 Name 0 0 0
589 375 5 2 Name 0 0 0
732 44 29 2 Name 0 0 0
30 751 8 2 Name 0 0 0
53 582 26 2 Name 0 0 0
862 950 15 2 Name 0 0 0
438 144 28 2 Name 0 0 0
77 644 17 2 Name 0 0 0
360 621 23 2 Name 0 0 0
923 311 28 2 Name 0 0 0
367 666 32 2 Name 0 0 0
912 548 20 2 Name 0 0 0
440 252 28 2 Name 0 0 0
850 190 23 2 Name 0 0 0
269 497 11 2 Name 0 0 0
397 218 25 2 Name 0 0 0
216 72 12 2 Name 0 0 0
296 237 13 2 Name 0 0 0
622 247 5 2 Name 0 0 0
992 601 30 2 Name 0 0 0
490 171 9 2 Name 0 0 0
417 273 23 2 Name 0 0 0
576 467 20 2 Name 0 0 0
824 636 12 2 Name 0 0 0
57 306 27 2 Name 0 0 0
543 973 15 2 Name 0 0 0
503 664 21 2 Name 0 0 0
391 145 23 2 Name 0 0 0
0 847 20 2 Name 0 0 0
336 176 13 2 Name 0 0 0
198 268 21 2 Name 0 0 0
369 859 17 2 Name 0 0 0
704 996 7 2 Name 0 0 0
120 684 20 2 Name 0 0 0
853 134 26 2 Name 0 0 0
311 107 5 2 Name 0 0 0
703 397 24 2 Name 0 0 0
270 228 13 2 Name 0 0 0
153 67 4 2 Name 0 0 0
987 279 31 2 Name 0 0 0
526 576 12 2 Name 0 0 0
263 635 28 2 Name 0 0 0
237 612 22 2 Name 0 0 0
395 246 22 2 Name 0 0 0
287 178 18 2 Name 0 0 0
442 11 19 2 Name 0 0 0
555 287 29 2 Name 0 0 0
790 652 28 2 Name 0 0 0
118 987 8 2 Name 0 0 0
724 333 27 2 Name 0 0 0
28 824 8 2 Name 0 0 0
392 141 6 2 Name 0 0 0
956 826 26 2 Name 0 0 0
431 669 24 2 Name 0 0 0
748 526 10 2 Name 0 0 0
782 626 29 2 Name 0 0 0
936 753 21 2 Name 0 0 0
364 776 7 2 Name 0 0 0
549 337 17 2 Name 0 0 0
291 449 31 2 Name 0 0 0
16 673 25 2 Name 0 0 0
348 930 16 2 Name 0 0 0
785 28 9 2 Name 0 0 0
238 247 17 2 Name 0 0 0
292 69 7 2 Name 0 0 0
158 17 30 2 Name 0 0 0
597 436 11 2 Name 0 0 0
213 906 17 2 Name 0 0 0
343 519 29 2 Name 0 0 0
1015 512 26 2 Name 0 0 0
696 590 31 2 Name 0 0 0
494 358 24 2 Name 0 0 0
771 646 13 2 Name 0 0 0
812 651 16 2 Name 0 0 0
182 1009 4 2 Name 0 0 0
733 835 24 2 Name 0 0 0
619 504 29 2 Name 0 0 0
225 461 23 2 Name 0 0 0
512 693 25 2 Name 0 0 0
947 902 25 2 Name 0 0 0
796 110 30 2 Name 0 0 0
725 115 7 2 Name 0 0 0
294 38 12 2 Name 0 0 0
437 646 23 2 Name 0 0 0
493 966 6 2 Name 0 0 0
341 434 10 2 Name 0 0 0
607 838 11 2 Name 0 0 0
153 864 31 2 Name 0 0 0
108 319 31 2 Name 0 0 0
323 955 14 2 Name 0 0 0
658 444 29 2 Name 0 0 0
585 402 10 2 Name 0 0 0
8 750 32 2 Name 0 0 0
199 818 10 2 Name 0 0 0
515 590 25 2 Name 0 0 0
579 147 27 2 Name 0 0 0
267 725 10 2 Name 0 0 0
130 919 29 2 Name 0 0 0
864 197 26 2 Name 0 0 0
555 638 5 2 Name 0 0 0
804 122 15 2 Name 0 0 0
344 621 16 2 Name 0 0 0
1006 230 12 2 Name 0 0 0
506 133 16 2 Name 0 0 0
737 764 16 2 Name 0 0 0
644 863 20 2 Name 0 0 0
196 206 25 2 Name 0 0 0
908 241 8 2 Name 0 0 0
750 735 22 2 Name 0 0 0
696 816 5 2 Name 0 0 0
389 169 28 2 Name 0 0 0
721 533 26 2 Name 0 0 0
984 663 30 2 Name 0 0 0
242 118 15 2 Name 0 0 0
60 931 24 2 Name 0 0 0
120 135 7 2 Name 0 0 0
31 372 8 2 Name 0 0 0
1002 842 29 2 Name 0 0 0
73 322 21 2 Name 0 0 0
391 445 31 2 Name 0 0 0
365 373 32 2 Name 0 0 0
197 941 18 2 Name 0 0 0
334 582 21 2 Name 0 0 0
549 832 14 2 Name 0 0 0
434 965 21 2 Name 0 0 0
703 498 14 2 Name 0 0 0
280 171 12 2 Name 0 0 0
775 488 15 2 Name 0 0 0
1006 325 27 2 Name 0 0 0
739 106 8 2 Name 0 0 0
314 646 31 2 Name 0 0 0
724 579 19 2 Name 0 0 0
167 748 14 2 Name 0 0 0
194 100 19 2 Name 0 0 0
92 125 28 2 Name 0 0 0
607 1011 21 2 Name 0 0 0
902 843 21 2 Name 0 0 0
72 266 19 2 Name 0 0 0
816 108 6 2 Name 0 0 0
24 95 22 2 Name 0 0 0
16 103 20 2 Name 0 0 0
923 746 21 2 Name 0 0 0
567 359 14 2 Name 0 0 0
670 410 21 2 Name 0 0 0
1022 175 7 2 Name 0 0 0
776 576 13 2 Name 0 0 0
527 35 32 2 Name 0 0 0
585 116 26 2 Name 0 0 0
44 885 16 2 Name 0 0 0
782 173 22 2 Name 0 0 0
532 190 15 2 Name 0 0 0
701 158 12 2 Name 0 0 0
65 723 19 2 Name 0 0 0
3 611 26 2 Name 0 0 0
500 198 18 2 Name 0 0 0
985 310 18 2 Name 0 0 0
176 151 26 2 Name 0 0 0
526 717 20 2 Name 0 0 0
232 488 6 2 Name 0 0 0
514 959 6 2 Name 0 0 0
50 620 22 2 Name 0 0 0
101 923 28 2 Name 0 0 0
120 201 17 2 Name 0 0 0
193 997 30 2 Name 0 0 0
7 982 25 2 Name 0 0 0
692 89 13 2 Name 0 0 0
756 149 17 2 Name 0 0 0
828 382 6 2 Name 0 0 0
607 359 14 2 Name 0 0 0
478 750 16 2 Name 0 0 0
989 207 18 2 Name 0 0 0
428 991 10 2 Name 0 0 0
408 126 16 2 Name 0 0 0
208 451 15 2 Name 0 0 0
455 110 23 2 Name 0 0 0
908 825 9 2 Name 0 0 0
494 685 12 2 Name 0 0 0
58 702 21 2 Name 0 0 0
662 3 16 2 Name 0 0 0
904 481 17 2 Name 0 0 0
578 79 31 2 Name 0 0 0
702 411 26 2 Name 0 0 0
919 160 25 2 Name 0 0 0
560 517 16 2 Name 0 0 0
385 263 18 2 Name 0 0 0
157 880 25 2 Name 0 0 0
193 852 16 2 Name 0 0 0
149 954 7 2 Name 0 0 0
883 153 11 2 Name 0 0 0
856 862 19 2 Name 0 0 0
489 982 8 2 Name 0 0 0
297 784 26 2 Name 0 0 0
266 151 30 2 Name 0 0 0
595 653 29 2 Name 0 0 0
875 485 29 2 Name 0 0 0
850 499 11 2 Name 0 0 0
128 723 12 2 Name 0 0 0
39 840 16 2 Name 0 0 0
592 965 12 2 Name 0 0 0
611 152 17 2 Name 0 0 0
244 295 19 2 Name 0 0 0
402 195 23 2 Name 0 0 0
324 543 17 2 Name 0 0 0
192 881 6 2 Name 0 0 0
345 373 31 2 Name 0 0 0
385 984 24 2 Name 0 0 0
841 701 32 2 Name 0 0 0
258 419 20 2 Name 0 0 0
64 409 21 2 Name 0 0 0
91 945 30 2 Name 0 0 0
343 326 25 2 Name 0 0 0
634 784 13 2 Name 0 0 0
4 145 31 2 Name 0 0 0
139 197 18 2 Name 0 0 0
1005 514 22 2 Name 0 0 0
690 564 23 2 Name 0 0 0
570 881 17 2 Name 0 0 0
946 239 26 2 Name 0 0 0
506 31 31 2 Name 0 0 0
977 904 32 2 Name 0 0 0
248 827 7 2 Name 0 0 0
676 458 16 2 Name 0 0 0
116 784 23 2 Name 0 0 0
213 316 25 2 Name 0 0 0
47 474 31 2 Name 0 0 0
279 267 8 2 Name 0 0 0
538 572 20 2 Name 0 0 0
760 723 22 2 Name 0 0 0
795 478 21 2 Name 0 0 0
936 493 13 2 Name 0 0 0
115 922 31 2 Name 0 0 0
272 448 26 2 Name 0 0 0
741 972 9 2 Name 0 0 0
957 365 24 2 Name 0 0 0
105 256 8 2 Name 0 0 0
778 617 17 2 Name 0 0 0
361 311 15 2 Name 0 0 0
42 288 23 2 Name 0 0 0
167 241 10 2 Name 0 0 0
844 668 27 2 Name 0 0 0
894 173 9 2 Name 0 0 0
133 27 16 2 Name 0 0 0
315 875 7 2 Name 0 0 0
810 865 17 2 Name 0 0 0
405 703 32 2 Name 0 0 0
505 874 11 2 Name 0 0 0
876 102 9 2 Name 0 0 0
1015 530 30 2 Name 0 0 0
109 897 29 2 Name 0 0 0
645 341 11 2 Name 0 0 0
868 674 9 2 Name 0 0 0
647 157 7 2 Name 0 0 0
847 801 19 2 Name 0 0 0
931 762 8 2 Name 0 0 0
1014 792 10 2 Name 0 0 0
49 362 23 2 Name 0 0 0
395 68 23 2 Name 0 0 0
261 642 14 2 Name 0 0 0
584 377 28 2 Name 0 0 0
1019 509 8 2 Name 0 0 0
808 41 31 2 Name 0 0 0
538 81 27 2 Name 0 0 0
570 488 14 2 Name 0 0 0
963 276 6 2 Name 0 0 0
971 832 26 2 Name 0 0 0
508 640 6 2 Name 0 0 0
865 336 20 2 Name 0 0 0
554 72 27 2 Name 0 0 0
419 842 19 2 Name 0 0 0
509 347 6 2 Name 0 0 0
976 116 14 2 Name 0 0 0
73 607 25 2 Name 0 0 0
607 485 5 2 Name 0 0 0
1020 954 18 2 Name 0 0 0
461 1009 30 2 Name 0 0 0
405 618 8 2 Name 0 0 0
909 528 28 2 Name 0 0 0
442 459 30 2 Name 0 0 0
765 940 13 2 Name 0 0 0
569 464 21 2 Name 0 0 0
538 751 30 2 Name 0 0 0
182 581 15 2 Name 0 0 0
273 331 14 2 Name 0 0 0
603 298 30 2 Name 0 0 0
622 530 9 2 Name 0 0 0
262 644 16 2 Name 0 0 0
148 122 23 2 Name 0 0 0
526 1011 5 2 Name 0 0 0
205 36 9 2 Name 0 0 0
706 618 9 2 Name 0 0 0
200 790 6 2 Name 0 0 0
421 680 13 2 Name 0 0 0
274 80 14 2 Name 0 0 0
950 315 16 2 Name 0 0 0
638 322 18 2 Name 0 0 0
48 174 17 2 Name 0 0 0
303 2 7 2 Name 0 0 0
449 146 30 2 Name 0 0 0
997 255 7 2 Name 0 0 0
48 39 26 2 Name 0 0 0
646 553 16 2 Name 0 0 0
188 930 10 2 Name 0 0 0
713 460 19 2 Name 0 0 0
327 35 8 2 Name 0 0 0
657 779 20 2 Name 0 0 0
429 878 11 2 Name 0 0 0
286 729 16 2 Name 0 0 0
80 234 20 2 Name 0 0 0
570 674 31 2 Name 0 0 0
222 651 15 2 Name 0 0 0
705 163 31 2 Name 0 0 0
754 224 18 2 Name 0 0 0
371 119 31 2 Name 0 0 0
126 565 22 2 Name 0 0 0
3 176 28 2 Name 0 0 0
388 805 8 2 Name 0 0 0
44 183 27 2 Name 0 0 0
973 508 20 2 Name 0 0 0
682 375 31 2 Name 0 0 0
761 797 17 2 Name 0 0 0
554 149 7 2 Name 0 0 0
114 428 18 2 Name 0 0 0
132 915 11 2 Name 0 0 0
173 1007 12 2 Name 0 0 0
186 142 17 2 Name 0 0 0
595 948 19 2 Name 0 0 0
231 950 14 2 Name 0 0 0
178 813 22 2 Name 0 0 0
30 244 28 2 Name 0 0 0
639 918 10 2 Name 0 0 0
194 226 20 2 Name 0 0 0
551 663 20 2 Name 0 0 0
820 302 30 2 Name 0 0 0
564 891 16 2 Name 0 0 0
435 671 4 2 Name 0 0 0
0 69 14 2 Name 0 0 0
787 494 26 2 Name 0 0 0
739 602 7 2 Name 0 0 0
70 31 6 2 Name 0 0 0
750 588 20 2 Name 0 0 0
621 312 7 2 Name 0 0 0
253 984 16 2 Name 0 0 0
664 797 15 2 Name 0 0 0
113 247 6 2 Name 0 0 0
202 885 16 2 Name 0 0 0
107 782 30 2 Name 0 0 0
724 326 16 2 Name 0 0 0
432 593 4 2 Name 0 0 0
893 304 28 2 Name 0 0 0
754 610 5 2 Name 0 0 0
134 44 10 2 Name 0 0 0
658 632 23 2 Name 0 0 0
754 611 15 2 Name 0 0 0
511 533 15 2 Name 0 0 0
721 172 22 2 Name 0 0 0
449 792 29 2 Name 0 0 0
341 487 30 2 Name 0 0 0
66 341 25 2 Name 0 0 0
171 234 23 2 Name 0 0 0
729 311 26 2 Name 0 0 0
586 749 20 2 Name 0 0 0
752 500 26 2 Name 0 0 0
233 813 7 2 Name 0 0 0
66 591 19 2 Name 0 0 0
299 1007 7 2 Name 0 0 0
102 307 9 2 Name 0 0 0
547 1017 31 2 Name 0 0 0
1016 462 12 2 Name 0 0 0
345 675 16 2 Name 0 0 0
544 397 19 2 Name 0 0 0
93 659 8 2 Name 0 0 0
893 621 23 2 Name 0 0 0
232 698 10 2 Name 0 0 0
1009 107 14 2 Name 0 0 0
886 419 19 2 Name 0 0 0
347 621 27 2 Name 0 0 0
338 850 5 2 Name 0 0 0
237 994 24 2 Name 0 0 0
501 18 12 2 Name 0 0 0
432 177 19 2 Name 0 0 0
960 917 15 2 Name 0 0 0
646 626 7 2 Name 0 0 0
278 561 25 2 Name 0 0 0
674 648 21 2 Name 0 0 0
758 823 28 2 Name 0 0 0
332 611 16 2 Name 0 0 0
623 573 11 2 Name 0 0 0
568 168 7 2 Name 0 0 0
312 768 24 2 Name 0 0 0
625 875 4 2 Name 0 0 0
230 820 18 2 Name 0 0 0
794 580 6 2 Name 0 0 0
451 456 5 2 Name 0 0 0
770 313 28 2 Name 0 0 0
948 36 5 2 Name 0 0 0
151 261 13 2 Name 0 0 0
403 346 17 2 Name 0 0 0
968 964 12 2 Name 0 0 0
96 569 27 2 Name 0 0 0
234 584 22 2 Name 0 0 0
467 123 29 2 Name 0 0 0
334 961 29 2 Name 0 0 0
688 3 32 2 Name 0 0 0
50 1015 29 2 Name 0 0 0
491 777 26 2 Name 0 0 0
243 317 17 2 Name 0 0 0
911 230 8 2 Name 0 0 0
829 1018 31 2 Name 0 0 0
580 427 30 2 Name 0 0 0
54 592 24 2 Name 0 0 0
686 542 10 2 Name 0 0 0
883 222 25 2 Name 0 0 0
245 711 23 2 Name 0 0 0
586 606 5 2 Name 0 0 0
287 979 24 2 Name 0 0 0
702 257 12 2 Name 0 0 0
99 150 5 2 Name 0 0 0
344 245 14 2 Name 0 0 0
20 312 11 2 Name 0 0 0
713 38 8 2 Name 0 0 0
917 392 21 2 Name 0 0 0
97 464 26 2 Name 0 0 0
940 881 19 2 Name 0 0 0
651 33 15 2 Name 0 0 0
105 721 4 2 Name 0 0 0
563 946 28 2 Name 0 0 0
431 159 28 2 Name 0 0 0
1005 120 31 2 Name 0 0 0
359 249 14 2 Name 0 0 0
138 696 14 2 Name 0 0 0
818 633 17 2 Name 0 0 0
85 711 29 2 Name 0 0 0
174 344 14 2 Name 0 0 0
341 717 28 2 Name 0 0 0
784 598 18 2 Name 0 0 0
937 100 25 2 Name 0 0 0
120 73 26 2 Name 0 0 0
93 276 32 2 Name 0 0 0
863 741 28 2 Name 0 0 0
48 369 24 2 Name 0 0 0
827 307 6 2 Name 0 0 0
383 431 26 2 Name 0 0 0
553 927 12 2 Name 0 0 0
900 723 26 2 Name 0 0 0
949 968 20 2 Name 0 0 0
785 735 12 2 Name 0 0 0
656 504 11 2 Name 0 0 0
172 982 8 2 Name 0 0 0
259 68 20 2 Name 0 0 0
57 416 20 2 Name 0 0 0
981 199 23 2 Name 0 0 0
639 552 14 2 Name 0 0 0
915 785 25 2 Name 0 0 0
546 116 27 2 Name 0 0 0
803 782 30 2 Name 0 0 0
371 427 10 2 Name 0 0 0
742 331 18 2 Name 0 0 0
957 301 20 2 Name 0 0 0
47 159 16 2 Name 0 0 0
131 602 28 2 Name 0 0 0
720 669 17 2 Name 0 0 0
987 188 12 2 Name 0 0 0
41 102 29 2 Name 0 0 0
114 219 10 2 Name 0 0 0
713 816 13 2 Name 0 0 0
154 178 6 2 Name 0 0 0
746 477 23 2 Name 0 0 0
888 38 21 2 Name 0 0 0
950 196 18 2 Name 0 0 0
553 22 7 2 Name 0 0 0
703 145 20 2 Name 0 0 0
798 519 29 2 Name 0 0 0
904 547 28 2 Name 0 0 0
907 792 17 2 Name 0 0 0
484 678 21 2 Name 0 0 0
985 785 13 2 Name 0 0 0
636 70 27 2 Name 0 0 0
399 219 21 2 Name 0 0 0
85 368 8 2 Name 0 0 0
68 432 16 2 Name 0 0 0
422 496 12 2 Name 0 0 0
510 966 21 2 Name 0 0 0
767 502 24 2 Name 0 0 0
728 493 32 2 Name 0 0 0
24 267 22 2 Name 0 0 0
1012 25 11 2 Name 0 0 0
1020 76 6 2 Name 0 0 0
22 428 21 2 Name 0 0 0
708 7 12 2 Name 0 0 0
368 44 20 2 Name 0 0 0
653 458 8 2 Name 0 0 0
854 2 6 2 Name 0 0 0
609 66 9 2 Name 0 0 0
993 1016 6 2 Name 0 0 0
287 451 13 2 Name 0 0 0
670 750 17 2 Name 0 0 0
363 456 25 2 Name 0 0 0
633 943 30 2 Name 0 0 0
508 50 7 2 Name 0 0 0
949 1011 20 2 Name 0 0 0
615 124 27 2 Name 0 0 0
209 484 27 2 Name 0 0 0
725 609 32 2 Name 0 0 0
474 200 29 2 Name 0 0 0
33 536 27 2 Name 0 0 0
967 438 14 2 Name 0 0 0
765 789 14 2 Name 0 0 0
975 85 5 2 Name 0 0 0
99 302 20 2 Name 0 0 0
827 11 14 2 Name 0 0 0
19 791 28 2 Name 0 0 0
411 875 26 2 Name 0 0 0
779 639 19 2 Name 0 0 0
892 673 18 2 Name 0 0 0
862 592 22 2 Name 0 0 0
328 649 26 2 Name 0 0 0
767 594 5 2 Name 0 0 0
633 473 6 2 Name 0 0 0
966 734 23 2 Name 0 0 0
747 394 25 2 Name 0 0 0
643 833 11 2 Name 0 0 0
870 241 32 2 Name 0 0 0
156 443 14 2 Name 0 0 0
549 606 9 2 Name 0 0 0
304 89 18 2 Name 0 0 0
343 74 20 2 Name 0 0 0
301 736 20 2 Name 0 0 0
946 51 9 2 Name 0 0 0
637 277 13 2 Name 0 0 0
278 744 13 2 Name 0 0 0
296 65 23 2 Name 0 0 0
289 1022 7 2 Name 0 0 0
462 64 23 2 Name 0 0 0
526 169 13 2 Name 0 0 0
260 463 9 2 Name 0 0 0
890 840 6 2 Name 0 0 0
397 855 27 2 Name 0 0 0
484 364 20 2 Name 0 0 0
803 312 20 2 Name 0 0 0
967 303 18 2 Name 0 0 0
473 813 31 2 Name 0 0 0
645 515 12 2 Name 0 0 0
829 470 12 2 Name 0 0 0
23 287 21 2 Name 0 0 0
346 61 30 2 Name 0 0 0
671 1005 14 2 Name 0 0 0
557 898 32 2 Name 0 0 0
503 385 15 2 Name 0 0 0
25 1013 5 2 Name 0 0 0
655 921 32 2 Name 0 0 0
365 804 22 2 Name 0 0 0
876 656 18 2 Name 0 0 0
96 491 24 2 Name 0 0 0
857 64 9 2 Name 0 0 0
581 168 10 2 Name 0 0 0
289 479 27 2 Name 0 0 0
644 506 30 2 Name 0 0 0
970 154 4 2 Name 0 0 0
740 461 8 2 Name 0 0 0
283 110 9 2 Name 0 0 0
90 32 15 2 Name 0 0 0
310 408 27 2 Name 0 0 0
854 339 24 2 Name 0 0 0
238 786 21 2 Name 0 0 0
793 680 18 2 Name 0 0 0
682 713 16 2 Name 0 0 0
520 506 15 2 Name 0 0 0
590 572 27 2 Name 0 0 0
162 683 12 2 Name 0 0 0
592 728 9 2 Name 0 0 0
45 53 15 2 Name 0 0 0
510 953 10 2 Name 0 0 0
381 590 12 2 Name 0 0 0
612 797 5 2 Name 0 0 0
944 212 15 2 Name 0 0 0
607 624 32 2 Name 0 0 0
749 784 28 2 Name 0 0 0
505 509 15 2 Name 0 0 0
548 115 26 2 Name 0 0 0
709 715 26 2 Name 0 0 0
198 892 12 2 Name 0 0 0
433 636 12 2 Name 0 0 0
715 340 17 2 Name 0 0 0
236 92 20 2 Name 0 0 0
255 611 9 2 Name 0 0 0
325 117 27 2 Name 0 0 0
832 365 10 2 Name 0 0 0
585 74 14 2 Name 0 0 0
156 488 31 2 Name 0 0 0
880 454 20 2 Name 0 0 0
407 1018 30 2 Name 0 0 0
490 894 24 2 Name 0 0 0
357 63 15 2 Name 0 0 0
987 913 16 2 Name 0 0 0
832 448 6 2 Name 0 0 0
1016 33 20 2 Name 0 0 0
60 688 12 2 Name 0 0 0
922 717 14 2 Name 0 0 0
361 465 21 2 Name 0 0 0
38 961 30 2 Name 0 0 0
863 575 9 2 Name 0 0 0
534 278 28 2 Name 0 0 0
741 223 20 2 Name 0 0 0
292 134 21 2 Name 0 0 0
225 770 29 2 Name 0 0 0
107 599 29 2 Name 0 0 0
310 569 31 2 Name 0 0 0
250 701 20 2 Name 0 0 0
171 371 27 2 Name 0 0 0
94 581 6 2 Name 0 0 0
293 66 17 2 Name 0 0 0
475 721 10 2 Name 0 0 0
811 618 8 2 Name 0 0 0
517 349 6 2 Name 0 0 0
79 33 5 2 Name 0 0 0
570 320 30 2 Name 0 0 0
353 956 17 2 Name 0 0 0
785 508 24 2 Name 0 0 0
235 60 22 2 Name 0 0 0
675 752 11 2 Name 0 0 0
67 723 25 2 Name 0 0 0
873 830 26 2 Name 0 0 0
514 82 11 2 Name 0 0 0
751 378 14 2 Name 0 0 0
977 254 8 2 Name 0 0 0
614 262 30 2 Name 0 0 0
81 839 29 2 Name 0 0 0
588 994 19 2 Name 0 0 0
206 580 28 2 Name 0 0 0
918 142 30 2 Name 0 0 0
727 932 25 2 Name 0 0 0
977 86 16 2 Name 0 0 0
530 828 10 2 Name 0 0 0
85 143 27 2 Name 0 0 0
790 186 15 2 Name 0 0 0
114 317 28 2 Name 0 0 0
1000 182 23 2 Name 0 0 0
127 661 20 2 Name 0 0 0
417 405 16 2 Name 0 0 0
353 69 31 2 Name 0 0 0
301 23 17 2 Name 0 0 0
117 354 27 2 Name 0 0 0
774 391 30 2 Name 0 0 0
53 442 22 2 Name 0 0 0
506 826 7 2 Name 0 0 0
817 190 31 2 Name 0 0 0
179 395 12 2 Name 0 0 0
193 206 16 2 Name 0 0 0
96 445 23 2 Name 0 0 0
470 269 16 2 Name 0 0 0
424 684 29 2 Name 0 0 0
963 214 21 2 Name 0 0 0
830 859 12 2 Name 0 0 0
597 190 31 2 Name 0 0 0
639 596 6 2 Name 0 0 0
946 818 25 2 Name 0 0 0
244 965 25 2 Name 0 0 0
686 858 12 2 Name 0 0 0
489 700 5 2 Name 0 0 0
245 949 21 2 Name 0 0 0
172 847 25 2 Name 0 0 0
282 697 16 2 Name 0 0 0
9 673 9 2 Name 0 0 0
221 454 8 2 Name 0 0 0
517 1018 11 2 Name 0 0 0
220 433 19 2 Name 0 0 0
342 762 30 2 Name 0 0 0
312 835 7 2 Name 0 0 0
292 661 25 2 Name 0 0 0
979 557 31 2 Name 0 0 0
692 750 5 2 Name 0 0 0
180 538 23 2 Name 0 0 0
753 20 11 2 Name 0 0 0
568 1004 4 2 Name 0 0 0
877 79 12 2 Name 0 0 0
230 516 22 2 Name 0 0 0
776 862 19 2 Name 0 0 0
884 138 25 2 Name 0 0 0
635 9 13 2 Name 0 0 0
397 284 23 2 Name 0 0 0
93 119 17 2 Name 0 0 0
90 571 12 2 Name 0 0 0
49 148 15 2 Name 0 0 0
997 153 14 2 Name 0 0 0
865 682 30 2 Name 0 0 0
427 466 31 2 Name 0 0 0
922 605 18 2 Name 0 0 0
591 974 24 2 Name 0 0 0
283 283 22 2 Name 0 0 0
169 448 12 2 Name 0 0 0
83 709 17 2 Name 0 0 0
412 881 18 2 Name 0 0 0
628 422 21 2 Name 0 0 0
829 783 7 2 Name 0 0 0
482 144 30 2 Name 0 0 0
576 890 9 2 Name 0 0 0
169 74 15 2 Name 0 0 0
941 623 28 2 Name 0 0 0
56 338 12 2 Name 0 0 0
724 188 27 2 Name 0 0 0
757 171 29 2 Name 0 0 0
630 825 28 2 Name 0 0 0
741 544 24 2 Name 0 0 0
782 587 8 2 Name 0 0 0
647 233 30 2 Name 0 0 0
962 424 24 2 Name 0 0 0
782 264 18 2 Name 0 0 0
52 506 7 2 Name 0 0 0
596 81 25 2 Name 0 0 0
897 607 11 2 Name 0 0 0
408 295 29 2 Name 0 0 0
910 1017 7 2 Name 0 0 0
534 671 23 2 Name 0 0 0
399 847 29 2 Name 0 0 0
692 931 19 2 Name 0 0 0
260 16 24 2 Name 0 0 0
340 875 5 2 Name 0 0 0
909 18 10 2 Name 0 0 0
741 24 8 2 Name 0 0 0
359 452 6 2 Name 0 0 0
149 479 27 2 Name 0 0 0
628 530 21 2 Name 0 0 0
635 631 9 2 Name 0 0 0
375 976 14 2 Name 0 0 0
605 510 5 2 Name 0 0 0
887 282 23 2 Name 0 0 0
483 104 12 2 Name 0 0 0
918 506 23 2 Name 0 0 0
484 134 26 2 Name 0 0 0
453 179 21 2 Name 0 0 0
313 399 12 2 Name 0 0 0
503 36 7 2 Name 0 0 0
211 303 9 2 Name 0 0 0
405 587 20 2 Name 0 0 0
635 725 26 2 Name 0 0 0
276 453 27 2 Name 0 0 0
197 209 22 2 Name 0 0 0
1021 745 30 2 Name 0 0 0
707 1019 7 2 Name 0 0 0
196 388 4 2 Name 0 0 0
538 614 20 2 Name 0 0 0
20 799 8 2 Name 0 0 0
776 933 22 2 Name 0 0 0
844 461 26 2 Name 0 0 0
177 568 26 2 Name 0 0 0
327 613 6 2 Name 0 0 0
734 879 31 2 Name 0 0 0
300 912 21 2 Name 0 0 0
31 525 20 2 Name 0 0 0
800 495 29 2 Name 0 0 0
174 524 19 2 Name 0 0 0
622 219 14 2 Name 0 0 0
245 316 19 2 Name 0 0 0
724 385 5 2 Name 0 0 0
112 433 17 2 Name 0 0 0
182 539 29 2 Name 0 0 0
538 392 23 2 Name 0 0 0
440 995 26 2 Name 0 0 0
92 861 25 2 Name 0 0 0
400 586 22 2 Name 0 0 0
971 748 21 2 Name 0 0 0
263 320 20 2 Name 0 0 0
809 964 7 2 Name 0 0 0
640 467 31 2 Name 0 0 0
233 777 11 2 Name 0 0 0
988 766 11 2 Name 0 0 0
997 795 21 2 Name 0 0 0
650 741 29 2 Name 0 0 0
319 785 18 2 Name 0 0 0
428 1012 6 2 Name 0 0 0
320 1007 14 2 Name 0 0 0
912 155 20 2 Name 0 0 0
51 899 22 2 Name 0 0 0
990 634 23 2 Name 0 0 0
934 106 23 2 Name 0 0 0
901 609 9 2 Name 0 0 0
223 957 6 2 Name 0 0 0
493 77 7 2 Name 0 0 0
121 375 30 2 Name 0 0 0
163 479 26 2 Name 0 0 0
616 162 14 2 Name 0 0 0
266 445 6 2 Name 0 0 0
472 508 12 2 Name 0 0 0
x-Min=0
x-Max=1024
y-Min=0
y-Max=1024
min label height=2.0
max label height=2.0
min label width=4.0
max label width=32
