1024
2635 4843 874 40 Name 0 0 0
3524 2554 269 30 Name 0 0 0
2464 196 496 41 Name 0 0 0
3811 1701 824 28 Name 0 0 0
4910 175 878 37 Name 0 0 0
8045 1374 643 48 Name 0 0 0
7613 4211 906 42 Name 0 0 0
2375 2007 830 17 Name 0 0 0
6939 3790 53 42 Name 0 0 0
8106 7358 856 37 Name 0 0 0
7229 1495 80 47 Name 0 0 0
1811 2455 786 21 Name 0 0 0
1463 5016 219 48 Name 0 0 0
5918 7464 225 36 Name 0 0 0
7753 309 809 25 Name 0 0 0
3239 4479 279 46 Name 0 0 0
7627 2902 211 47 Name 0 0 0
2194 4861 840 38 Name 0 0 0
7622 2499 690 34 Name 0 0 0
1312 6984 838 28 Name 0 0 0
6538 2813 353 19 Name 0 0 0
7170 1370 501 26 Name 0 0 0
4922 2647 659 37 Name 0 0 0
819 3215 77 22 Name 0 0 0
4541 3919 771 27 Name 0 0 0
2444 1382 917 46 Name 0 0 0
4917 3328 624 47 Name 0 0 0
7256 5624 921 25 Name 0 0 0
1597 2853 209 41 Name 0 0 0
4416 1925 797 21 Name 0 0 0
2923 1221 653 22 Name 0 0 0
6917 4592 225 43 Name 0 0 0
1961 5014 123 43 Name 0 0 0
3218 5344 769 42 Name 0 0 0
917 5391 677 41 Name 0 0 0
5210 1359 371 17 Name 0 0 0
6585 1092 792 33 Name 0 0 0
3552 7087 158 40 Name 0 0 0
8139 3095 62 38 Name 0 0 0
5614 5613 72 48 Name 0 0 0
4582 3607 364 24 Name 0 0 0
1544 590 160 38 Name 0 0 0
420 7473 372 46 Name 0 0 0
5087 2757 372 25 Name 0 0 0
7678 293 1022 47 Name 0 0 0
5557 176 70 18 Name 0 0 0
1385 6925 162 43 Name 0 0 0
6948 3882 1017 28 Name 0 0 0
429 1460 790 40 Name 0 0 0
2396 7234 230 41 Name 0 0 0
1980 4308 225 26 Name 0 0 0
3583 3208 216 26 Name 0 0 0
6904 1753 402 39 Name 0 0 0
766 1566 108 36 Name 0 0 0
1511 2046 1021 25 Name 0 0 0
3773 2090 728 40 Name 0 0 0
1395 6751 384 25 Name 0 0 0
7988 3271 681 38 Name 0 0 0
2938 595 580 35 Name 0 0 0
8089 2482 546 17 Name 0 0 0
4477 4684 369 47 Name 0 0 0
6911 6525 43 40 Name 0 0 0
1337 7259 836 41 Name 0 0 0
5622 6150 69 35 Name 0 0 0
7659 7976 256 47 Name 0 0 0
2527 1631 932 47 Name 0 0 0
2620 4853 88 35 Name 0 0 0
998 1460 517 44 Name 0 0 0
7271 593 232 22 Name 0 0 0
815 3425 1018 27 Name 0 0 0
5820 1682 1002 27 Name 0 0 0
6277 945 803 17 Name 0 0 0
5840 1355 495 17 Name 0 0 0
1154 2706 1010 44 Name 0 0 0
668 4060 325 35 Name 0 0 0
4568 3020 108 45 Name 0 0 0
1367 6291 792 18 Name 0 0 0
4197 7420 748 19 Name 0 0 0
1552 1795 516 22 Name 0 0 0
267 7617 155 48 Name 0 0 0
803 7848 284 37 Name 0 0 0
4036 6862 46 39 Name 0 0 0
7539 3400 714 19 Name 0 0 0
2503 7539 827 42 Name 0 0 0
5075 4988 402 40 Name 0 0 0
786 5189 872 47 Name 0 0 0
3185 37 142 37 Name 0 0 0
2818 810 45 18 Name 0 0 0
6940 4876 278 46 Name 0 0 0
5073 1946 344 23 Name 0 0 0
3617 658 132 21 Name 0 0 0
4250 4685 893 46 Name 0 0 0
1198 4475 885 48 Name 0 0 0
6892 3548 398 47 Name 0 0 0
6290 757 240 28 Name 0 0 0
248 3096 772 19 Name 0 0 0
1668 4405 783 23 Name 0 0 0
4642 3175 227 46 Name 0 0 0
482 2092 471 20 Name 0 0 0
7580 7253 708 35 Name 0 0 0
6099 3709 795 30 Name 0 0 0
6243 5097 509 20 Name 0 0 0
7887 2438 622 23 Name 0 0 0
2319 4120 289 40 Name 0 0 0
7919 7747 666 45 Name 0 0 0
2790 3112 716 43 Name 0 0 0
2605 919 210 48 Name 0 0 0
1592 8044 826 32 Name 0 0 0
3646 5154 141 30 Name 0 0 0
3586 1402 882 40 Name 0 0 0
244 7802 78 23 Name 0 0 0
119 7423 399 23 Name 0 0 0
2238 5159 601 36 Name 0 0 0
5977 1435 825 43 Name 0 0 0
1886 4083 776 48 Name 0 0 0
256 3281 581 27 Name 0 0 0
3769 1313 736 24 Name 0 0 0
291 6143 1019 40 Name 0 0 0
6875 573 87 31 Name 0 0 0
4155 82 319 41 Name 0 0 0
3269 1010 316 47 Name 0 0 0
2590 1535 661 38 Name 0 0 0
6362 886 825 20 Name 0 0 0
4229 1472 985 45 Name 0 0 0
3983 5804 731 33 Name 0 0 0
6722 2119 670 18 Name 0 0 0
3406 3096 976 23 Name 0 0 0
6926 96 155 45 Name 0 0 0
5380 4321 213 27 Name 0 0 0
3647 1766 211 30 Name 0 0 0
1777 439 602 19 Name 0 0 0
7941 8189 153 40 Name 0 0 0
4003 7004 99 23 Name 0 0 0
3851 6821 703 17 Name 0 0 0
2421 526 65 44 Name 0 0 0
7311 6856 520 31 Name 0 0 0
6756 4473 657 25 Name 0 0 0
5727 1363 869 26 Name 0 0 0
4552 727 99 31 Name 0 0 0
1000 6303 790 20 Name 0 0 0
2203 5578 602 25 Name 0 0 0
5911 4368 892 45 Name 0 0 0
6549 5376 412 19 Name 0 0 0
3395 6183 530 40 Name 0 0 0
7155 4615 301 39 Name 0 0 0
695 2629 267 28 Name 0 0 0
6234 7711 89 27 Name 0 0 0
579 542 358 29 Name 0 0 0
540 4844 378 46 Name 0 0 0
4673 5598 84 42 Name 0 0 0
2010 914 861 31 Name 0 0 0
1276 3256 291 26 Name 0 0 0
8019 4218 965 20 Name 0 0 0
2235 4590 305 43 Name 0 0 0
8043 5512 163 43 Name 0 0 0
598 650 35 22 Name 0 0 0
1287 2141 40 23 Name 0 0 0
2444 2764 212 48 Name 0 0 0
7105 3754 610 39 Name 0 0 0
4065 7612 310 42 Name 0 0 0
1202 3209 47 42 Name 0 0 0
2378 2388 184 38 Name 0 0 0
1454 2113 678 21 Name 0 0 0
5068 5247 243 41 Name 0 0 0
7599 7553 520 28 Name 0 0 0
4472 6076 225 18 Name 0 0 0
1998 6594 102 45 Name 0 0 0
7094 2411 749 35 Name 0 0 0
977 6278 554 17 Name 0 0 0
5182 1686 973 45 Name 0 0 0
6419 1126 1012 17 Name 0 0 0
2319 2501 98 18 Name 0 0 0
1732 2918 943 44 Name 0 0 0
3560 1158 152 42 Name 0 0 0
1274 5376 535 31 Name 0 0 0
2926 2644 71 40 Name 0 0 0
6178 5467 927 29 Name 0 0 0
7637 6877 976 37 Name 0 0 0
7642 1410 518 31 Name 0 0 0
6426 2102 148 19 Name 0 0 0
6027 1962 129 20 Name 0 0 0
2669 2804 677 23 Name 0 0 0
2109 3182 982 40 Name 0 0 0
1745 3150 610 28 Name 0 0 0
5107 3064 642 43 Name 0 0 0
7694 5740 92 39 Name 0 0 0
3828 1973 174 20 Name 0 0 0
4522 4430 280 22 Name 0 0 0
1150 4921 936 18 Name 0 0 0
4003 4792 236 18 Name 0 0 0
2759 1323 926 21 Name 0 0 0
6508 2626 322 40 Name 0 0 0
4968 2337 230 29 Name 0 0 0
11 4936 321 24 Name 0 0 0
7958 290 451 20 Name 0 0 0
3856 4180 192 32 Name 0 0 0
2221 140 354 28 Name 0 0 0
5845 6193 858 39 Name 0 0 0
6737 6991 1010 24 Name 0 0 0
817 2491 306 25 Name 0 0 0
4814 6794 573 24 Name 0 0 0
932 7173 228 47 Name 0 0 0
1867 2232 948 27 Name 0 0 0
6881 5113 444 45 Name 0 0 0
3039 6949 624 37 Name 0 0 0
5324 5651 406 38 Name 0 0 0
1366 790 893 34 Name 0 0 0
3823 5225 251 35 Name 0 0 0
7533 5628 753 18 Name 0 0 0
2675 5002 704 43 Name 0 0 0
2392 1545 571 38 Name 0 0 0
8139 867 1018 17 Name 0 0 0
3603 5528 309 48 Name 0 0 0
1008 2288 683 24 Name 0 0 0
4924 5987 982 25 Name 0 0 0
1617 3555 719 41 Name 0 0 0
1541 3258 347 45 Name 0 0 0
1677 6903 396 28 Name 0 0 0
2153 7506 742 23 Name 0 0 0
6527 518 914 29 Name 0 0 0
2315 6951 248 20 Name 0 0 0
165 219 301 26 Name 0 0 0
5917 5360 330 37 Name 0 0 0
1826 1017 849 46 Name 0 0 0
164 8092 853 38 Name 0 0 0
3160 2219 832 34 Name 0 0 0
2030 5058 786 41 Name 0 0 0
3892 418 775 30 Name 0 0 0
1024 4764 281 36 Name 0 0 0
2714 4273 550 26 Name 0 0 0
3181 7536 306 45 Name 0 0 0
6100 5451 517 37 Name 0 0 0
3240 1927 494 23 Name 0 0 0
4049 6674 398 17 Name 0 0 0
2127 4788 167 23 Name 0 0 0
6969 361 576 27 Name 0 0 0
780 4406 541 31 Name 0 0 0
4699 4851 130 39 Name 0 0 0
3822 292 88 35 Name 0 0 0
3140 1003 949 29 Name 0 0 0
2299 246 536 27 Name 0 0 0
2332 4731 48 34 Name 0 0 0
7527 5147 277 46 Name 0 0 0
6481 5989 119 43 Name 0 0 0
1757 5302 211 29 Name 0 0 0
470 3791 931 17 Name 0 0 0
6883 127 904 34 Name 0 0 0
2356 3607 648 17 Name 0 0 0
7417 3833 630 44 Name 0 0 0
834 5483 756 26 Name 0 0 0
1278 380 866 24 Name 0 0 0
4206 4464 352 21 Name 0 0 0
7200 6733 566 29 Name 0 0 0
3017 3962 193 41 Name 0 0 0
6024 2824 135 37 Name 0 0 0
539 6733 48 27 Name 0 0 0
2553 510 770 27 Name 0 0 0
6997 1716 205 43 Name 0 0 0
2572 5122 671 29 Name 0 0 0
6319 6912 84 48 Name 0 0 0
2342 2356 926 27 Name 0 0 0
5325 3735 193 29 Name 0 0 0
3708 3617 354 23 Name 0 0 0
372 5901 71 33 Name 0 0 0
5909 1263 622 46 Name 0 0 0
5899 2855 90 41 Name 0 0 0
5042 7862 100 25 Name 0 0 0
3304 2233 95 48 Name 0 0 0
5060 4912 117 21 Name 0 0 0
7561 1605 359 29 Name 0 0 0
2853 2600 478 44 Name 0 0 0
6807 7814 728 23 Name 0 0 0
7835 3770 664 16 Name 0 0 0
6360 4667 186 37 Name 0 0 0
1529 1449 318 33 Name 0 0 0
7683 8146 348 17 Name 0 0 0
3853 6473 339 16 Name 0 0 0
7200 5469 1007 39 Name 0 0 0
4029 7432 464 32 Name 0 0 0
764 1458 311 31 Name 0 0 0
7124 7825 711 39 Name 0 0 0
2989 3430 193 20 Name 0 0 0
5927 3255 364 32 Name 0 0 0
4047 2061 514 19 Name 0 0 0
5704 7898 834 17 Name 0 0 0
1959 6114 220 23 Name 0 0 0
1387 6141 829 25 Name 0 0 0
453 1188 422 37 Name 0 0 0
7480 1686 720 41 Name 0 0 0
1531 2553 423 22 Name 0 0 0
2451 2354 711 28 Name 0 0 0
3558 5695 204 39 Name 0 0 0
671 2264 896 40 Name 0 0 0
2806 3657 128 20 Name 0 0 0
127 4771 703 35 Name 0 0 0
7534 6715 757 32 Name 0 0 0
2262 3978 851 37 Name 0 0 0
4049 563 997 43 Name 0 0 0
3336 871 707 43 Name 0 0 0
1949 8145 685 18 Name 0 0 0
646 5715 655 18 Name 0 0 0
5623 3704 682 24 Name 0 0 0
3940 269 965 43 Name 0 0 0
3426 7548 115 42 Name 0 0 0
4388 4782 1013 33 Name 0 0 0
358 3660 638 48 Name 0 0 0
975 6877 590 37 Name 0 0 0
2925 691 700 36 Name 0 0 0
7158 5347 294 46 Name 0 0 0
1450 4009 249 48 Name 0 0 0
5023 4865 66 19 Name 0 0 0
3726 2438 468 36 Name 0 0 0
4798 365 860 36 Name 0 0 0
3440 28 761 37 Name 0 0 0
6212 446 473 39 Name 0 0 0
2972 1685 364 33 Name 0 0 0
458 2442 120 25 Name 0 0 0
1415 1849 252 32 Name 0 0 0
1140 1008 111 19 Name 0 0 0
4049 7667 876 42 Name 0 0 0
3522 6401 640 37 Name 0 0 0
2547 5680 169 28 Name 0 0 0
7466 6973 770 46 Name 0 0 0
7282 4370 657 45 Name 0 0 0
2214 2517 700 40 Name 0 0 0
643 5337 654 24 Name 0 0 0
2941 8108 596 36 Name 0 0 0
3997 3063 240 17 Name 0 0 0
6105 4574 491 41 Name 0 0 0
1307 3833 498 30 Name 0 0 0
1800 2933 945 21 Name 0 0 0
3140 7277 580 32 Name 0 0 0
5931 4925 386 29 Name 0 0 0
7086 7723 909 39 Name 0 0 0
5395 7990 674 38 Name 0 0 0
530 1880 295 27 Name 0 0 0
2106 2066 35 19 Name 0 0 0
7293 4423 889 19 Name 0 0 0
1831 4207 536 48 Name 0 0 0
6784 2534 236 22 Name 0 0 0
267 7540 947 37 Name 0 0 0
4962 8032 687 29 Name 0 0 0
4807 2755 239 20 Name 0 0 0
7137 5633 777 36 Name 0 0 0
6466 6152 127 24 Name 0 0 0
1628 155 462 28 Name 0 0 0
200 6708 1015 47 Name 0 0 0
6826 5497 740 43 Name 0 0 0
4521 6056 59 26 Name 0 0 0
6587 7944 840 36 Name 0 0 0
3280 2262 766 35 Name 0 0 0
4343 1215 342 26 Name 0 0 0
1992 5702 645 36 Name 0 0 0
7452 150 296 35 Name 0 0 0
7069 4955 211 28 Name 0 0 0
4741 3588 770 20 Name 0 0 0
3771 768 549 35 Name 0 0 0
3338 551 762 22 Name 0 0 0
4077 3567 751 16 Name 0 0 0
970 5149 885 35 Name 0 0 0
1243 1152 923 23 Name 0 0 0
2782 4279 336 31 Name 0 0 0
7375 6037 161 17 Name 0 0 0
6272 1964 394 17 Name 0 0 0
5936 4961 552 40 Name 0 0 0
2155 1617 942 24 Name 0 0 0
4952 5998 283 20 Name 0 0 0
3311 2772 121 24 Name 0 0 0
3933 930 941 40 Name 0 0 0
374 6927 908 43 Name 0 0 0
4913 426 319 45 Name 0 0 0
3189 7551 815 40 Name 0 0 0
7351 5004 219 39 Name 0 0 0
7745 1333 742 24 Name 0 0 0
4837 4266 696 19 Name 0 0 0
1376 338 823 48 Name 0 0 0
536 4067 988 38 Name 0 0 0
793 7509 85 30 Name 0 0 0
7400 6678 58 29 Name 0 0 0
4211 4398 878 28 Name 0 0 0
7557 188 141 16 Name 0 0 0
1533 6527 937 19 Name 0 0 0
4710 1090 626 47 Name 0 0 0
6585 2044 291 42 Name 0 0 0
1490 2303 106 17 Name 0 0 0
1251 3724 859 47 Name 0 0 0
3707 712 571 37 Name 0 0 0
4868 1381 52 18 Name 0 0 0
465 3231 343 20 Name 0 0 0
595 7531 635 17 Name 0 0 0
5109 7880 359 21 Name 0 0 0
6983 5116 771 36 Name 0 0 0
370 5734 649 33 Name 0 0 0
6248 1848 624 29 Name 0 0 0
2680 5263 714 33 Name 0 0 0
595 7896 396 45 Name 0 0 0
4410 7983 896 22 Name 0 0 0
1265 5792 568 28 Name 0 0 0
2289 6592 615 32 Name 0 0 0
1038 8012 480 30 Name 0 0 0
3057 7123 420 43 Name 0 0 0
509 6863 696 44 Name 0 0 0
4605 2255 458 26 Name 0 0 0
42 6386 442 28 Name 0 0 0
5103 4418 881 21 Name 0 0 0
3647 3625 889 31 Name 0 0 0
7429 96 968 45 Name 0 0 0
3864 196 678 30 Name 0 0 0
6957 5874 178 21 Name 0 0 0
6904 2785 446 24 Name 0 0 0
2304 5962 748 26 Name 0 0 0
7857 2676 678 28 Name 0 0 0
2868 5566 804 23 Name 0 0 0
3206 6364 387 31 Name 0 0 0
2343 5899 424 29 Name 0 0 0
2936 57 286 20 Name 0 0 0
3704 6462 878 21 Name 0 0 0
1743 8137 749 44 Name 0 0 0
6157 1134 565 20 Name 0 0 0
5904 2576 642 45 Name 0 0 0
3105 757 429 27 Name 0 0 0
5058 6505 561 26 Name 0 0 0
7601 6038 156 35 Name 0 0 0
2002 5655 484 22 Name 0 0 0
2042 4394 883 41 Name 0 0 0
3016 6101 574 16 Name 0 0 0
665 3951 680 39 Name 0 0 0
5425 3565 643 41 Name 0 0 0
2304 7999 188 47 Name 0 0 0
7033 1235 850 27 Name 0 0 0
3359 5806 579 32 Name 0 0 0
6921 1012 992 48 Name 0 0 0
6250 685 995 31 Name 0 0 0
3704 2317 741 44 Name 0 0 0
875 2726 604 34 Name 0 0 0
973 5738 1014 37 Name 0 0 0
5032 3370 461 34 Name 0 0 0
6533 6177 255 36 Name 0 0 0
1345 1190 53 24 Name 0 0 0
1636 3005 583 47 Name 0 0 0
1338 8022 571 31 Name 0 0 0
5165 3827 965 21 Name 0 0 0
4909 978 824 16 Name 0 0 0
7408 190 187 35 Name 0 0 0
7496 2355 622 30 Name 0 0 0
6736 4092 1018 30 Name 0 0 0
4217 5730 865 20 Name 0 0 0
7633 5979 1018 39 Name 0 0 0
3082 3654 421 17 Name 0 0 0
6315 3762 461 43 Name 0 0 0
6654 5410 329 42 Name 0 0 0
5625 1483 652 25 Name 0 0 0
7102 3139 46 18 Name 0 0 0
6946 5924 846 40 Name 0 0 0
2479 7817 581 30 Name 0 0 0
5605 6011 225 22 Name 0 0 0
1328 5551 799 30 Name 0 0 0
7121 7692 754 44 Name 0 0 0
754 6686 98 39 Name 0 0 0
5490 6300 843 31 Name 0 0 0
3828 4587 443 23 Name 0 0 0
1686 6137 552 36 Name 0 0 0
2822 1131 479 25 Name 0 0 0
4176 1681 284 22 Name 0 0 0
6143 2494 729 38 Name 0 0 0
4284 5840 543 24 Name 0 0 0
7463 3724 744 33 Name 0 0 0
7316 5482 685 29 Name 0 0 0
2570 4681 571 25 Name 0 0 0
6430 3838 809 17 Name 0 0 0
5768 7025 59 21 Name 0 0 0
4509 4532 846 41 Name 0 0 0
974 221 754 34 Name 0 0 0
6363 518 913 42 Name 0 0 0
7534 8108 821 44 Name 0 0 0
5050 2423 895 47 Name 0 0 0
2393 5765 946 32 Name 0 0 0
3442 7279 380 18 Name 0 0 0
485 4706 571 45 Name 0 0 0
7082 31 680 41 Name 0 0 0
6712 6175 104 39 Name 0 0 0
2296 2446 155 43 Name 0 0 0
7600 293 165 21 Name 0 0 0
1124 3875 263 17 Name 0 0 0
6912 780 518 47 Name 0 0 0
1035 1982 836 27 Name 0 0 0
7754 122 780 38 Name 0 0 0
2615 6607 1007 41 Name 0 0 0
5950 2907 790 37 Name 0 0 0
638 7995 862 19 Name 0 0 0
5689 4952 390 28 Name 0 0 0
3268 5261 804 35 Name 0 0 0
4701 3929 416 23 Name 0 0 0
7339 160 783 44 Name 0 0 0
4479 6840 483 43 Name 0 0 0
1345 2215 540 28 Name 0 0 0
4447 3843 890 28 Name 0 0 0
7597 3376 317 39 Name 0 0 0
4707 5913 759 31 Name 0 0 0
6653 1840 753 21 Name 0 0 0
393 3761 457 38 Name 0 0 0
8120 2182 919 48 Name 0 0 0
4632 3704 1018 19 Name 0 0 0
6721 5079 445 34 Name 0 0 0
1924 3792 427 22 Name 0 0 0
1301 7966 64 34 Name 0 0 0
6294 1849 1005 37 Name 0 0 0
4917 5563 284 40 Name 0 0 0
6215 5657 617 29 Name 0 0 0
5449 3483 470 19 Name 0 0 0
7042 2373 636 16 Name 0 0 0
7735 8044 215 32 Name 0 0 0
3072 6139 828 25 Name 0 0 0
6610 7337 667 17 Name 0 0 0
7608 7881 983 22 Name 0 0 0
750 5027 325 46 Name 0 0 0
56 6288 605 37 Name 0 0 0
5273 5576 772 27 Name 0 0 0
1658 8132 893 39 Name 0 0 0
6897 2824 220 34 Name 0 0 0
742 453 79 25 Name 0 0 0
5412 2945 615 40 Name 0 0 0
1932 2032 273 21 Name 0 0 0
7255 4572 903 37 Name 0 0 0
7431 7509 688 35 Name 0 0 0
1732 7530 640 40 Name 0 0 0
547 4163 80 40 Name 0 0 0
705 4188 521 46 Name 0 0 0
6397 8035 782 25 Name 0 0 0
4668 8107 359 48 Name 0 0 0
114 309 830 25 Name 0 0 0
1772 1724 33 31 Name 0 0 0
2804 6738 538 40 Name 0 0 0
8121 7792 831 26 Name 0 0 0
924 7945 321 28 Name 0 0 0
7880 570 609 28 Name 0 0 0
4506 3222 525 37 Name 0 0 0
4469 6139 537 31 Name 0 0 0
5163 1616 188 43 Name 0 0 0
1570 1276 916 16 Name 0 0 0
4118 7758 888 46 Name 0 0 0
5340 5002 541 27 Name 0 0 0
1639 3858 601 28 Name 0 0 0
7999 842 287 41 Name 0 0 0
1325 4016 539 28 Name 0 0 0
5790 446 340 44 Name 0 0 0
6525 7077 362 26 Name 0 0 0
4820 3605 333 43 Name 0 0 0
1920 4292 793 36 Name 0 0 0
1911 8187 124 24 Name 0 0 0
2035 7612 110 22 Name 0 0 0
7059 7621 703 44 Name 0 0 0
7046 5667 67 36 Name 0 0 0
7985 4412 263 32 Name 0 0 0
3579 6628 502 40 Name 0 0 0
4022 5676 425 18 Name 0 0 0
1377 4397 872 41 Name 0 0 0
2474 5586 446 45 Name 0 0 0
6257 7790 574 17 Name 0 0 0
7863 295 141 19 Name 0 0 0
4447 4580 476 41 Name 0 0 0
1048 1529 75 39 Name 0 0 0
7175 2152 724 28 Name 0 0 0
6474 3492 77 33 Name 0 0 0
3226 6630 403 33 Name 0 0 0
4015 5815 270 26 Name 0 0 0
4296 4109 588 31 Name 0 0 0
337 3057 39 45 Name 0 0 0
5327 4941 358 40 Name 0 0 0
299 5609 629 24 Name 0 0 0
8148 6052 296 25 Name 0 0 0
5737 2039 1002 44 Name 0 0 0
245 2103 608 40 Name 0 0 0
89 1153 166 27 Name 0 0 0
4572 8159 627 26 Name 0 0 0
4222 4156 577 31 Name 0 0 0
6882 7279 266 20 Name 0 0 0
4594 7613 281 21 Name 0 0 0
1886 4692 159 41 Name 0 0 0
6895 6363 84 27 Name 0 0 0
7496 3801 1021 36 Name 0 0 0
7599 4926 608 33 Name 0 0 0
1688 2657 611 45 Name 0 0 0
618 451 749 28 Name 0 0 0
7137 4228 77 32 Name 0 0 0
782 627 243 18 Name 0 0 0
5828 971 329 38 Name 0 0 0
6401 4384 69 43 Name 0 0 0
3716 6221 494 20 Name 0 0 0
6962 849 792 42 Name 0 0 0
5045 2288 934 41 Name 0 0 0
2923 4497 64 44 Name 0 0 0
6291 4878 553 34 Name 0 0 0
6647 6921 796 45 Name 0 0 0
3839 5692 523 46 Name 0 0 0
2843 3798 432 18 Name 0 0 0
3149 5698 488 35 Name 0 0 0
4369 1897 120 42 Name 0 0 0
1460 3222 810 39 Name 0 0 0
1888 7486 920 41 Name 0 0 0
7123 7184 399 42 Name 0 0 0
4141 202 616 24 Name 0 0 0
7390 6864 470 35 Name 0 0 0
6612 7653 488 30 Name 0 0 0
5126 2861 913 37 Name 0 0 0
1619 7782 985 22 Name 0 0 0
2472 6491 396 31 Name 0 0 0
5756 39 416 35 Name 0 0 0
1049 6465 880 37 Name 0 0 0
2690 5288 804 48 Name 0 0 0
6820 7023 991 37 Name 0 0 0
122 972 403 44 Name 0 0 0
5218 361 814 30 Name 0 0 0
3923 7992 903 45 Name 0 0 0
2585 6081 611 38 Name 0 0 0
1696 587 850 32 Name 0 0 0
5991 1538 871 45 Name 0 0 0
782 7804 116 39 Name 0 0 0
2451 5445 881 18 Name 0 0 0
5729 245 389 42 Name 0 0 0
8046 3177 329 17 Name 0 0 0
4934 6908 160 41 Name 0 0 0
1026 1359 857 26 Name 0 0 0
7207 7265 533 48 Name 0 0 0
849 4541 594 28 Name 0 0 0
608 548 697 32 Name 0 0 0
2618 3594 951 41 Name 0 0 0
4154 949 694 40 Name 0 0 0
3872 4557 82 20 Name 0 0 0
5440 5905 73 39 Name 0 0 0
7399 6385 84 47 Name 0 0 0
2552 2554 640 24 Name 0 0 0
2626 7190 234 19 Name 0 0 0
5813 3028 370 18 Name 0 0 0
480 6323 322 43 Name 0 0 0
6863 1833 903 42 Name 0 0 0
7699 115 580 34 Name 0 0 0
7921 3592 658 28 Name 0 0 0
6917 4735 1011 22 Name 0 0 0
7338 7020 967 27 Name 0 0 0
4550 4234 109 21 Name 0 0 0
3718 4303 963 28 Name 0 0 0
55 2047 507 30 Name 0 0 0
1125 7093 70 24 Name 0 0 0
2840 2550 939 37 Name 0 0 0
4318 8067 297 38 Name 0 0 0
3846 7828 781 34 Name 0 0 0
5977 1486 281 27 Name 0 0 0
1008 2235 473 40 Name 0 0 0
7667 6485 492 19 Name 0 0 0
3296 1516 470 30 Name 0 0 0
3564 1954 951 47 Name 0 0 0
3344 3523 559 38 Name 0 0 0
777 876 496 27 Name 0 0 0
3756 7563 190 36 Name 0 0 0
7064 204 809 41 Name 0 0 0
1370 1627 214 20 Name 0 0 0
4726 5809 215 28 Name 0 0 0
1367 2541 746 23 Name 0 0 0
6498 8173 165 23 Name 0 0 0
2701 6882 965 35 Name 0 0 0
2597 972 106 29 Name 0 0 0
3574 4023 266 25 Name 0 0 0
524 528 306 45 Name 0 0 0
7979 1599 174 19 Name 0 0 0
5539 7945 332 35 Name 0 0 0
1091 5715 834 26 Name 0 0 0
3214 3086 491 20 Name 0 0 0
3137 2470 433 27 Name 0 0 0
4082 3663 52 46 Name 0 0 0
7279 6895 940 40 Name 0 0 0
4851 1547 630 33 Name 0 0 0
5256 6434 230 20 Name 0 0 0
4438 797 890 37 Name 0 0 0
1344 5299 883 41 Name 0 0 0
3374 2659 371 35 Name 0 0 0
4563 2153 89 36 Name 0 0 0
511 7813 604 26 Name 0 0 0
2620 5416 325 22 Name 0 0 0
1407 635 846 37 Name 0 0 0
7525 1331 416 19 Name 0 0 0
4781 1243 932 32 Name 0 0 0
8015 916 777 46 Name 0 0 0
654 2038 694 45 Name 0 0 0
8190 1087 144 39 Name 0 0 0
1789 1339 583 36 Name 0 0 0
6125 4301 530 47 Name 0 0 0
4545 3353 793 18 Name 0 0 0
4331 3821 485 30 Name 0 0 0
5435 4003 148 31 Name 0 0 0
4527 3689 423 23 Name 0 0 0
752 7451 884 41 Name 0 0 0
2701 1759 544 20 Name 0 0 0
2479 2552 984 19 Name 0 0 0
3976 697 502 21 Name 0 0 0
7845 4623 256 16 Name 0 0 0
7541 3023 495 26 Name 0 0 0
3565 659 449 32 Name 0 0 0
3919 1715 65 24 Name 0 0 0
3022 2105 382 44 Name 0 0 0
3310 8118 270 21 Name 0 0 0
3204 6330 688 31 Name 0 0 0
5914 4387 333 28 Name 0 0 0
157 4462 848 30 Name 0 0 0
7146 6884 640 28 Name 0 0 0
6467 5282 380 45 Name 0 0 0
7031 6848 110 47 Name 0 0 0
1773 30 1019 46 Name 0 0 0
1084 5066 88 23 Name 0 0 0
4039 7918 933 22 Name 0 0 0
3332 2861 602 23 Name 0 0 0
7419 6381 967 28 Name 0 0 0
1969 4052 116 34 Name 0 0 0
7798 6860 153 19 Name 0 0 0
4828 4435 437 31 Name 0 0 0
6498 6796 777 45 Name 0 0 0
2308 5162 349 19 Name 0 0 0
5640 6645 678 28 Name 0 0 0
1688 4463 369 31 Name 0 0 0
1610 7826 383 44 Name 0 0 0
5783 6726 566 43 Name 0 0 0
3290 4367 174 38 Name 0 0 0
1771 6011 935 40 Name 0 0 0
4497 1998 1006 44 Name 0 0 0
469 1845 1023 44 Name 0 0 0
698 1327 238 44 Name 0 0 0
7278 6468 784 22 Name 0 0 0
3172 2926 762 30 Name 0 0 0
4389 6742 578 29 Name 0 0 0
5400 6809 184 44 Name 0 0 0
7257 903 126 43 Name 0 0 0
54 2544 769 42 Name 0 0 0
8050 8035 865 24 Name 0 0 0
3889 563 806 27 Name 0 0 0
1384 755 692 25 Name 0 0 0
7208 605 973 26 Name 0 0 0
3963 3460 451 48 Name 0 0 0
7877 5881 239 33 Name 0 0 0
7894 5064 412 45 Name 0 0 0
3863 6198 974 27 Name 0 0 0
4286 1898 147 20 Name 0 0 0
5460 7310 107 17 Name 0 0 0
3071 1949 559 46 Name 0 0 0
6209 4854 772 40 Name 0 0 0
6925 4563 441 38 Name 0 0 0
3665 2575 73 43 Name 0 0 0
5384 3939 36 23 Name 0 0 0
2022 1309 915 41 Name 0 0 0
6619 4638 425 25 Name 0 0 0
6318 449 387 37 Name 0 0 0
266 6241 543 40 Name 0 0 0
6770 5820 676 36 Name 0 0 0
4312 5497 48 36 Name 0 0 0
5080 7836 985 39 Name 0 0 0
4765 7440 634 26 Name 0 0 0
1028 503 217 21 Name 0 0 0
2255 7088 1002 23 Name 0 0 0
7099 7320 521 21 Name 0 0 0
7977 6910 168 48 Name 0 0 0
3143 5039 723 31 Name 0 0 0
1078 2993 306 21 Name 0 0 0
4474 7222 460 46 Name 0 0 0
7358 773 879 44 Name 0 0 0
5816 5448 155 25 Name 0 0 0
1376 4756 846 40 Name 0 0 0
7983 5540 54 29 Name 0 0 0
2264 4597 444 30 Name 0 0 0
6593 4916 572 29 Name 0 0 0
7546 5790 175 24 Name 0 0 0
4898 6455 75 22 Name 0 0 0
8148 1933 142 38 Name 0 0 0
3962 3328 755 35 Name 0 0 0
6199 4522 653 28 Name 0 0 0
5794 6684 767 24 Name 0 0 0
6694 5023 811 33 Name 0 0 0
5530 526 638 41 Name 0 0 0
2101 2111 820 34 Name 0 0 0
3346 1717 494 38 Name 0 0 0
1279 26 925 47 Name 0 0 0
184 1604 571 41 Name 0 0 0
3474 777 893 16 Name 0 0 0
5860 587 784 27 Name 0 0 0
7641 6632 932 17 Name 0 0 0
3202 3790 550 26 Name 0 0 0
7111 8025 955 25 Name 0 0 0
5367 4938 409 36 Name 0 0 0
3560 5678 584 26 Name 0 0 0
6080 231 818 43 Name 0 0 0
6539 4944 917 19 Name 0 0 0
6757 260 490 27 Name 0 0 0
6247 3664 878 40 Name 0 0 0
2828 8089 803 20 Name 0 0 0
93 4819 582 48 Name 0 0 0
3449 4077 394 17 Name 0 0 0
4160 1409 350 41 Name 0 0 0
7034 4544 825 18 Name 0 0 0
4984 6406 735 42 Name 0 0 0
5948 4954 343 44 Name 0 0 0
3053 859 964 31 Name 0 0 0
7407 4406 143 18 Name 0 0 0
4275 7536 939 41 Name 0 0 0
3223 6422 514 18 Name 0 0 0
2754 5640 757 30 Name 0 0 0
551 6469 675 23 Name 0 0 0
1207 5402 181 33 Name 0 0 0
1380 6243 441 26 Name 0 0 0
165 4185 1017 21 Name 0 0 0
6843 2812 511 21 Name 0 0 0
131 8138 809 27 Name 0 0 0
6208 7071 398 43 Name 0 0 0
1973 5951 386 36 Name 0 0 0
719 841 873 48 Name 0 0 0
7573 7714 675 30 Name 0 0 0
3574 1266 459 32 Name 0 0 0
7001 4665 528 36 Name 0 0 0
1111 510 825 23 Name 0 0 0
4592 6910 111 41 Name 0 0 0
220 7567 730 29 Name 0 0 0
1931 6104 677 25 Name 0 0 0
5756 1746 556 26 Name 0 0 0
5933 5321 42 32 Name 0 0 0
8097 1202 279 21 Name 0 0 0
1854 7583 529 28 Name 0 0 0
7676 7114 833 35 Name 0 0 0
1060 272 403 20 Name 0 0 0
165 5223 694 38 Name 0 0 0
3309 6307 108 45 Name 0 0 0
2374 307 171 43 Name 0 0 0
3001 8041 265 19 Name 0 0 0
308 5054 817 26 Name 0 0 0
4704 3147 551 26 Name 0 0 0
5228 4981 579 22 Name 0 0 0
2459 2311 455 39 Name 0 0 0
1258 1129 893 35 Name 0 0 0
615 2414 934 19 Name 0 0 0
5042 4941 592 25 Name 0 0 0
7825 5171 924 32 Name 0 0 0
1689 1891 812 40 Name 0 0 0
4060 8187 557 29 Name 0 0 0
3634 195 309 30 Name 0 0 0
6835 2565 524 22 Name 0 0 0
3035 7622 602 28 Name 0 0 0
311 994 618 26 Name 0 0 0
5571 6887 114 21 Name 0 0 0
5494 1338 683 25 Name 0 0 0
3993 7589 918 30 Name 0 0 0
1823 6171 541 20 Name 0 0 0
3226 6962 700 35 Name 0 0 0
725 1936 966 42 Name 0 0 0
881 1599 129 44 Name 0 0 0
3683 7822 864 21 Name 0 0 0
481 3128 961 18 Name 0 0 0
7681 4782 1013 29 Name 0 0 0
7952 7373 576 47 Name 0 0 0
8024 2367 812 20 Name 0 0 0
276 2337 171 46 Name 0 0 0
4336 3875 206 47 Name 0 0 0
6049 8027 846 26 Name 0 0 0
4713 4805 525 27 Name 0 0 0
3458 3488 33 35 Name 0 0 0
4802 3449 534 47 Name 0 0 0
1675 3700 162 43 Name 0 0 0
5847 7548 167 41 Name 0 0 0
4785 3666 643 27 Name 0 0 0
2240 2025 950 31 Name 0 0 0
7387 597 454 38 Name 0 0 0
4678 4795 307 43 Name 0 0 0
6655 5098 444 25 Name 0 0 0
2145 1210 595 31 Name 0 0 0
5586 4405 205 19 Name 0 0 0
3538 552 313 42 Name 0 0 0
6206 7158 650 29 Name 0 0 0
1342 6363 348 22 Name 0 0 0
5095 802 582 40 Name 0 0 0
6885 2796 628 33 Name 0 0 0
1897 4866 884 27 Name 0 0 0
2490 8013 470 20 Name 0 0 0
1943 2309 36 39 Name 0 0 0
7191 1737 992 48 Name 0 0 0
6298 1079 626 25 Name 0 0 0
4189 683 836 22 Name 0 0 0
4798 4473 357 29 Name 0 0 0
7433 5486 33 42 Name 0 0 0
6235 3940 324 22 Name 0 0 0
2197 3243 702 37 Name 0 0 0
6798 2688 255 40 Name 0 0 0
7744 8038 681 23 Name 0 0 0
3675 1574 847 32 Name 0 0 0
2814 3957 337 33 Name 0 0 0
7862 4587 924 42 Name 0 0 0
4661 277 375 21 Name 0 0 0
5630 3986 176 38 Name 0 0 0
4202 4159 476 31 Name 0 0 0
6944 5390 815 33 Name 0 0 0
7592 4989 762 21 Name 0 0 0
2867 7861 256 16 Name 0 0 0
4246 8048 396 47 Name 0 0 0
6433 255 881 44 Name 0 0 0
6879 3974 63 40 Name 0 0 0
3825 4118 318 37 Name 0 0 0
1965 276 885 44 Name 0 0 0
3195 14 280 44 Name 0 0 0
2189 5349 732 41 Name 0 0 0
7991 1292 749 44 Name 0 0 0
5283 4926 792 39 Name 0 0 0
5198 6762 950 23 Name 0 0 0
5604 5187 549 27 Name 0 0 0
2628 5983 214 31 Name 0 0 0
4021 7701 333 26 Name 0 0 0
2097 736 169 37 Name 0 0 0
2885 2591 233 46 Name 0 0 0
3864 1298 791 33 Name 0 0 0
3404 6754 981 43 Name 0 0 0
7137 3282 287 36 Name 0 0 0
434 4292 112 26 Name 0 0 0
815 3890 798 28 Name 0 0 0
6569 6407 166 21 Name 0 0 0
642 5774 886 31 Name 0 0 0
4505 5672 947 42 Name 0 0 0
8085 3970 196 27 Name 0 0 0
6593 460 789 19 Name 0 0 0
6188 1520 717 44 Name 0 0 0
2467 7155 619 31 Name 0 0 0
7493 5401 877 40 Name 0 0 0
1078 4845 582 32 Name 0 0 0
6476 5024 796 33 Name 0 0 0
4599 5721 696 26 Name 0 0 0
2635 2278 245 26 Name 0 0 0
5573 7848 152 23 Name 0 0 0
298 3594 593 43 Name 0 0 0
3520 1052 326 24 Name 0 0 0
4345 3818 139 30 Name 0 0 0
2395 1594 363 24 Name 0 0 0
2609 649 978 30 Name 0 0 0
2989 1313 718 32 Name 0 0 0
3251 6362 269 24 Name 0 0 0
6300 2579 739 38 Name 0 0 0
2068 1127 54 32 Name 0 0 0
5331 8054 145 35 Name 0 0 0
5740 562 267 23 Name 0 0 0
1513 7315 168 17 Name 0 0 0
7255 4299 789 26 Name 0 0 0
7317 6709 903 28 Name 0 0 0
8041 2251 786 32 Name 0 0 0
8096 2169 515 39 Name 0 0 0
2183 5818 199 19 Name 0 0 0
1682 6377 714 35 Name 0 0 0
1459 3751 135 32 Name 0 0 0
5268 5193 98 41 Name 0 0 0
25 7254 546 18 Name 0 0 0
2521 308 38 35 Name 0 0 0
2533 70 391 16 Name 0 0 0
6450 4342 449 44 Name 0 0 0
4611 4539 720 29 Name 0 0 0
2728 3431 595 48 Name 0 0 0
7578 6580 824 34 Name 0 0 0
3430 1632 711 29 Name 0 0 0
3182 7646 742 18 Name 0 0 0
5723 3317 900 23 Name 0 0 0
4658 5730 355 27 Name 0 0 0
6380 2488 732 40 Name 0 0 0
585 4509 276 36 Name 0 0 0
2968 7795 805 41 Name 0 0 0
5284 2707 603 33 Name 0 0 0
2837 5208 277 26 Name 0 0 0
863 4865 144 47 Name 0 0 0
5030 6125 185 47 Name 0 0 0
2267 6389 869 29 Name 0 0 0
1965 5441 224 23 Name 0 0 0
4501 1174 688 47 Name 0 0 0
6027 2792 582 35 Name 0 0 0
6291 529 484 17 Name 0 0 0
4488 7553 932 22 Name 0 0 0
5347 4609 995 29 Name 0 0 0
5043 6435 688 18 Name 0 0 0
5338 8030 456 39 Name 0 0 0
5643 7008 882 36 Name 0 0 0
3914 5452 890 27 Name 0 0 0
335 2403 279 22 Name 0 0 0
2351 1584 148 25 Name 0 0 0
5879 2854 944 29 Name 0 0 0
7786 4265 916 42 Name 0 0 0
1870 5398 499 30 Name 0 0 0
5068 1492 1023 27 Name 0 0 0
1051 2806 453 34 Name 0 0 0
6241 6999 577 24 Name 0 0 0
8170 6511 385 20 Name 0 0 0
701 6795 931 25 Name 0 0 0
3088 4756 451 44 Name 0 0 0
1406 4689 363 17 Name 0 0 0
16 2283 941 28 Name 0 0 0
5132 2082 260 47 Name 0 0 0
4897 4739 249 19 Name 0 0 0
6635 1659 1013 19 Name 0 0 0
3050 7546 629 30 Name 0 0 0
491 5280 595 43 Name 0 0 0
4679 7317 422 35 Name 0 0 0
4317 7016 373 37 Name 0 0 0
7186 2596 203 34 Name 0 0 0
294 6410 946 34 Name 0 0 0
4193 2975 319 46 Name 0 0 0
7207 954 285 37 Name 0 0 0
2555 7349 999 18 Name 0 0 0
4300 7911 202 25 Name 0 0 0
1939 1209 957 42 Name 0 0 0
583 3886 354 26 Name 0 0 0
1146 319 422 46 Name 0 0 0
1117 7691 52 19 Name 0 0 0
4808 7464 319 31 Name 0 0 0
4294 5252 953 34 Name 0 0 0
7035 1762 195 31 Name 0 0 0
61 3606 936 27 Name 0 0 0
204 7957 452 37 Name 0 0 0
3846 2853 551 29 Name 0 0 0
5413 7308 414 25 Name 0 0 0
1074 3139 125 40 Name 0 0 0
7306 8082 135 44 Name 0 0 0
2001 4467 978 23 Name 0 0 0
760 2072 123 21 Name 0 0 0
1057 7986 251 17 Name 0 0 0
1432 417 424 21 Name 0 0 0
5242 2638 891 26 Name 0 0 0
793 4132 144 31 Name 0 0 0
2045 365 476 29 Name 0 0 0
x-Min=0
x-Max=8192
y-Min=0
y-Max=8192
min label height=16.0
max label height=48.0
min label width=32.0
max label width=1024
