1024
6225 853 127 88 Name 0 0 0
9110 2448 115 85 Name 0 0 0
13229 15217 220 56 Name 0 0 0
4567 15597 138 78 Name 0 0 0
8944 10935 165 81 Name 0 0 0
7454 1860 249 78 Name 0 0 0
4006 1301 178 87 Name 0 0 0
10991 2762 179 85 Name 0 0 0
1961 5509 154 79 Name 0 0 0
6819 9049 152 51 Name 0 0 0
10086 12268 113 43 Name 0 0 0
22 8782 198 77 Name 0 0 0
8991 2554 189 34 Name 0 0 0
10933 7708 162 60 Name 0 0 0
12702 13740 65 33 Name 0 0 0
4025 6734 174 81 Name 0 0 0
8982 13803 162 87 Name 0 0 0
3753 6679 79 70 Name 0 0 0
13116 5325 119 88 Name 0 0 0
13495 12060 74 46 Name 0 0 0
14666 541 185 51 Name 0 0 0
10289 15669 208 36 Name 0 0 0
5313 4608 85 95 Name 0 0 0
8816 10189 183 74 Name 0 0 0
1770 16274 156 62 Name 0 0 0
11807 10118 98 37 Name 0 0 0
12113 16279 248 62 Name 0 0 0
5462 4803 150 84 Name 0 0 0
2266 8383 102 41 Name 0 0 0
12350 7859 234 66 Name 0 0 0
8305 11144 213 94 Name 0 0 0
10982 12061 86 76 Name 0 0 0
4284 15580 110 46 Name 0 0 0
10792 7553 187 68 Name 0 0 0
13617 6788 158 36 Name 0 0 0
12653 6600 73 57 Name 0 0 0
6997 8194 166 42 Name 0 0 0
5676 13393 239 67 Name 0 0 0
5215 9405 129 77 Name 0 0 0
4787 9010 139 90 Name 0 0 0
3903 1898 68 43 Name 0 0 0
14936 8058 70 64 Name 0 0 0
5716 1721 210 62 Name 0 0 0
1117 7725 101 89 Name 0 0 0
12933 2845 66 63 Name 0 0 0
4022 12908 162 52 Name 0 0 0
7336 7095 195 40 Name 0 0 0
9772 13885 249 78 Name 0 0 0
3410 14610 210 67 Name 0 0 0
2577 14297 154 95 Name 0 0 0
16169 9315 251 58 Name 0 0 0
10986 3135 234 94 Name 0 0 0
8267 1825 74 44 Name 0 0 0
15477 11238 69 74 Name 0 0 0
15887 793 188 56 Name 0 0 0
14809 9233 104 78 Name 0 0 0
12681 7979 118 37 Name 0 0 0
7916 7573 181 44 Name 0 0 0
10577 11791 155 86 Name 0 0 0
12345 10509 174 39 Name 0 0 0
9556 16249 82 32 Name 0 0 0
1825 2326 113 35 Name 0 0 0
6985 11561 250 46 Name 0 0 0
1355 1595 247 86 Name 0 0 0
11731 198 226 69 Name 0 0 0
2551 15598 189 87 Name 0 0 0
9306 13937 108 81 Name 0 0 0
3729 8085 231 39 Name 0 0 0
1117 4901 175 93 Name 0 0 0
8806 16065 224 80 Name 0 0 0
2632 1607 187 52 Name 0 0 0
11032 8415 126 74 Name 0 0 0
10135 14593 67 84 Name 0 0 0
1193 1123 161 91 Name 0 0 0
14086 7834 183 58 Name 0 0 0
540 8049 67 82 Name 0 0 0
1575 246 146 88 Name 0 0 0
7244 13953 230 79 Name 0 0 0
15529 1859 198 71 Name 0 0 0
6758 4141 231 58 Name 0 0 0
4157 6492 212 55 Name 0 0 0
1290 3604 131 87 Name 0 0 0
12289 16115 202 87 Name 0 0 0
5072 923 158 43 Name 0 0 0
6027 12925 175 67 Name 0 0 0
4489 12857 139 87 Name 0 0 0
12987 33 160 45 Name 0 0 0
13199 3945 127 76 Name 0 0 0
10076 9530 102 40 Name 0 0 0
5681 14634 222 90 Name 0 0 0
1085 14274 249 48 Name 0 0 0
9982 11994 249 75 Name 0 0 0
4334 7241 223 83 Name 0 0 0
10461 13942 125 43 Name 0 0 0
7223 9248 83 51 Name 0 0 0
15445 8123 197 40 Name 0 0 0
16274 6069 193 66 Name 0 0 0
14956 7391 214 33 Name 0 0 0
10143 6248 82 92 Name 0 0 0
9277 14591 233 93 Name 0 0 0
8960 14500 197 35 Name 0 0 0
7437 14495 197 55 Name 0 0 0
1777 7699 137 32 Name 0 0 0
15043 8084 94 77 Name 0 0 0
8686 11011 146 50 Name 0 0 0
7818 12635 69 74 Name 0 0 0
12973 14456 221 76 Name 0 0 0
3250 10410 181 42 Name 0 0 0
8020 11153 150 81 Name 0 0 0
3623 9112 135 87 Name 0 0 0
7821 134 128 84 Name 0 0 0
5888 15944 170 66 Name 0 0 0
1483 1234 147 71 Name 0 0 0
8369 3403 74 52 Name 0 0 0
4491 16113 111 37 Name 0 0 0
7696 6175 100 37 Name 0 0 0
12336 6961 114 91 Name 0 0 0
12625 15914 92 41 Name 0 0 0
2775 3008 95 89 Name 0 0 0
10236 9904 99 73 Name 0 0 0
485 272 229 83 Name 0 0 0
2632 7452 135 47 Name 0 0 0
6468 13535 117 32 Name 0 0 0
1408 286 108 42 Name 0 0 0
16335 1576 91 72 Name 0 0 0
6836 10974 181 86 Name 0 0 0
15755 10260 192 52 Name 0 0 0
2160 1723 71 40 Name 0 0 0
6106 7038 204 78 Name 0 0 0
4285 15663 206 72 Name 0 0 0
7707 61 153 40 Name 0 0 0
1914 15198 116 42 Name 0 0 0
13192 10670 185 38 Name 0 0 0
6580 7997 187 85 Name 0 0 0
12778 10675 137 61 Name 0 0 0
3681 11646 227 37 Name 0 0 0
8634 4443 163 44 Name 0 0 0
9969 13027 140 56 Name 0 0 0
13350 6308 152 55 Name 0 0 0
14282 6171 127 74 Name 0 0 0
11903 13438 96 39 Name 0 0 0
5352 5625 178 87 Name 0 0 0
9528 3486 168 36 Name 0 0 0
13069 6470 176 85 Name 0 0 0
4654 10428 116 54 Name 0 0 0
14873 180 206 41 Name 0 0 0
15953 16051 76 89 Name 0 0 0
15299 10606 226 94 Name 0 0 0
5330 16337 192 59 Name 0 0 0
9822 13770 140 95 Name 0 0 0
509 2219 113 34 Name 0 0 0
5271 3889 151 38 Name 0 0 0
16304 9396 65 48 Name 0 0 0
2340 7679 210 45 Name 0 0 0
15470 1548 181 38 Name 0 0 0
8113 15729 132 76 Name 0 0 0
2221 3710 246 77 Name 0 0 0
7731 3534 188 43 Name 0 0 0
13440 11235 81 75 Name 0 0 0
3805 15771 142 40 Name 0 0 0
368 748 245 62 Name 0 0 0
3429 11841 221 47 Name 0 0 0
4967 5892 79 58 Name 0 0 0
8200 15747 180 60 Name 0 0 0
10729 3982 172 89 Name 0 0 0
485 13348 182 91 Name 0 0 0
3244 14486 191 67 Name 0 0 0
1553 13937 131 36 Name 0 0 0
3573 6589 88 64 Name 0 0 0
7920 7950 116 61 Name 0 0 0
10348 2731 181 71 Name 0 0 0
162 3529 136 90 Name 0 0 0
13480 1250 150 51 Name 0 0 0
800 16296 143 74 Name 0 0 0
10993 1094 224 37 Name 0 0 0
13212 8917 177 38 Name 0 0 0
11501 14924 213 43 Name 0 0 0
2513 12389 95 61 Name 0 0 0
3941 7214 116 85 Name 0 0 0
8517 7674 70 58 Name 0 0 0
2613 3125 166 65 Name 0 0 0
16204 11812 152 60 Name 0 0 0
11319 14048 252 95 Name 0 0 0
1406 15685 111 59 Name 0 0 0
1729 4901 190 91 Name 0 0 0
13154 8626 107 70 Name 0 0 0
2821 710 245 68 Name 0 0 0
2574 2054 162 50 Name 0 0 0
9770 12637 214 75 Name 0 0 0
10239 1795 161 45 Name 0 0 0
14897 4592 244 84 Name 0 0 0
6590 9878 192 92 Name 0 0 0
5995 2446 195 96 Name 0 0 0
9433 13615 128 40 Name 0 0 0
215 2932 193 74 Name 0 0 0
2 14098 127 58 Name 0 0 0
13934 12647 121 79 Name 0 0 0
10332 11217 99 82 Name 0 0 0
1458 12711 87 76 Name 0 0 0
10537 12430 158 73 Name 0 0 0
6296 6077 85 35 Name 0 0 0
7607 6463 245 74 Name 0 0 0
12264 6536 201 66 Name 0 0 0
7614 7446 193 65 Name 0 0 0
3056 8837 166 77 Name 0 0 0
13405 15223 192 86 Name 0 0 0
5933 10750 71 85 Name 0 0 0
9761 12455 205 52 Name 0 0 0
14003 7757 236 56 Name 0 0 0
5529 14326 90 72 Name 0 0 0
3509 11255 204 32 Name 0 0 0
5837 14598 162 38 Name 0 0 0
9317 10202 95 46 Name 0 0 0
8696 13117 74 57 Name 0 0 0
2491 2119 166 37 Name 0 0 0
5806 11588 146 33 Name 0 0 0
1891 11307 87 57 Name 0 0 0
3755 4293 237 87 Name 0 0 0
12635 8471 161 67 Name 0 0 0
7228 6363 176 43 Name 0 0 0
11047 2730 101 46 Name 0 0 0
12964 16038 119 76 Name 0 0 0
5458 4196 201 85 Name 0 0 0
298 7137 154 90 Name 0 0 0
7391 4351 124 37 Name 0 0 0
4078 396 110 63 Name 0 0 0
14544 4635 249 93 Name 0 0 0
10720 2127 198 39 Name 0 0 0
2753 950 80 61 Name 0 0 0
10863 264 202 70 Name 0 0 0
2738 2622 142 89 Name 0 0 0
13568 12699 190 61 Name 0 0 0
4112 2845 213 56 Name 0 0 0
5221 7628 76 60 Name 0 0 0
15752 12961 184 36 Name 0 0 0
10526 945 94 32 Name 0 0 0
11113 16099 151 49 Name 0 0 0
14072 1895 169 42 Name 0 0 0
4978 15170 132 86 Name 0 0 0
6933 546 151 68 Name 0 0 0
3874 16010 116 36 Name 0 0 0
377 1605 172 56 Name 0 0 0
6056 1476 70 55 Name 0 0 0
10003 12194 147 58 Name 0 0 0
11414 4452 71 47 Name 0 0 0
4266 2623 88 94 Name 0 0 0
1643 3185 187 86 Name 0 0 0
8026 11163 148 34 Name 0 0 0
8929 3489 244 88 Name 0 0 0
16354 10152 85 38 Name 0 0 0
7582 2757 146 56 Name 0 0 0
2541 11292 192 82 Name 0 0 0
11170 14876 95 40 Name 0 0 0
13753 15243 175 83 Name 0 0 0
9249 12978 95 58 Name 0 0 0
2180 1327 84 65 Name 0 0 0
9418 3731 182 53 Name 0 0 0
9842 988 191 92 Name 0 0 0
12674 15597 205 84 Name 0 0 0
10772 11420 158 96 Name 0 0 0
258 15301 183 93 Name 0 0 0
10498 15598 127 44 Name 0 0 0
5372 14858 255 64 Name 0 0 0
10220 6718 158 68 Name 0 0 0
15515 12604 91 79 Name 0 0 0
1099 10598 149 79 Name 0 0 0
7134 2492 223 58 Name 0 0 0
4332 4770 209 92 Name 0 0 0
1029 6141 149 34 Name 0 0 0
6552 13730 197 60 Name 0 0 0
6866 9960 104 44 Name 0 0 0
8789 1401 129 68 Name 0 0 0
261 10731 194 54 Name 0 0 0
6083 8716 186 72 Name 0 0 0
1499 10932 177 50 Name 0 0 0
3896 11215 249 46 Name 0 0 0
10991 5990 171 57 Name 0 0 0
13393 11472 222 35 Name 0 0 0
590 3391 150 51 Name 0 0 0
15126 9524 196 77 Name 0 0 0
7384 12586 114 66 Name 0 0 0
4015 2914 174 79 Name 0 0 0
6879 14453 188 93 Name 0 0 0
4752 8209 139 33 Name 0 0 0
3860 16254 105 46 Name 0 0 0
10591 6930 208 61 Name 0 0 0
10819 7907 193 67 Name 0 0 0
13907 12859 65 96 Name 0 0 0
13453 2656 183 86 Name 0 0 0
11614 444 186 80 Name 0 0 0
9898 8700 78 48 Name 0 0 0
5789 6554 217 40 Name 0 0 0
12511 4333 248 36 Name 0 0 0
9795 16052 253 51 Name 0 0 0
2658 8704 141 36 Name 0 0 0
3441 13223 184 72 Name 0 0 0
7416 1668 128 34 Name 0 0 0
9349 11709 199 58 Name 0 0 0
4199 2916 239 48 Name 0 0 0
14956 13046 139 73 Name 0 0 0
7322 2847 97 79 Name 0 0 0
4192 7731 72 63 Name 0 0 0
12614 7198 112 77 Name 0 0 0
15234 13170 93 47 Name 0 0 0
14936 3179 120 69 Name 0 0 0
10564 13606 134 38 Name 0 0 0
10040 8418 148 36 Name 0 0 0
4875 4779 182 78 Name 0 0 0
11615 10486 68 35 Name 0 0 0
14494 3528 105 62 Name 0 0 0
5205 3906 166 63 Name 0 0 0
3138 918 182 84 Name 0 0 0
8505 9662 202 67 Name 0 0 0
9321 15221 204 40 Name 0 0 0
13133 2332 142 75 Name 0 0 0
3201 15333 132 51 Name 0 0 0
11563 554 71 74 Name 0 0 0
6604 11912 227 65 Name 0 0 0
14732 33 230 81 Name 0 0 0
4265 5603 107 57 Name 0 0 0
4519 1048 117 42 Name 0 0 0
1639 13177 165 69 Name 0 0 0
15887 12015 193 78 Name 0 0 0
5938 15043 112 63 Name 0 0 0
1122 14561 119 73 Name 0 0 0
7696 16042 167 54 Name 0 0 0
12107 3916 166 89 Name 0 0 0
16145 13595 229 62 Name 0 0 0
1919 9962 131 83 Name 0 0 0
3078 8592 242 60 Name 0 0 0
256 5331 169 53 Name 0 0 0
14938 15550 145 49 Name 0 0 0
4462 15545 225 58 Name 0 0 0
4984 8885 217 38 Name 0 0 0
13261 124 252 70 Name 0 0 0
2234 9603 74 72 Name 0 0 0
11350 10133 225 34 Name 0 0 0
2511 4852 244 48 Name 0 0 0
6390 974 123 50 Name 0 0 0
1043 2313 190 88 Name 0 0 0
14395 15626 153 61 Name 0 0 0
15206 8628 246 65 Name 0 0 0
7646 9259 207 80 Name 0 0 0
15715 13865 250 44 Name 0 0 0
3360 2941 191 34 Name 0 0 0
5975 14408 246 37 Name 0 0 0
4803 6196 143 92 Name 0 0 0
2423 9075 135 55 Name 0 0 0
8630 4696 160 55 Name 0 0 0
1086 10922 78 84 Name 0 0 0
11171 6957 165 48 Name 0 0 0
180 10106 245 46 Name 0 0 0
2720 2361 182 59 Name 0 0 0
16062 11640 94 77 Name 0 0 0
3343 5459 143 66 Name 0 0 0
10290 13738 97 68 Name 0 0 0
15887 6216 175 52 Name 0 0 0
10376 8785 158 87 Name 0 0 0
14385 12449 245 41 Name 0 0 0
12837 2553 163 47 Name 0 0 0
10809 4944 152 79 Name 0 0 0
6526 2639 116 75 Name 0 0 0
5292 13428 152 70 Name 0 0 0
7457 2017 160 73 Name 0 0 0
11393 9549 203 85 Name 0 0 0
1486 4198 214 34 Name 0 0 0
15655 8755 183 45 Name 0 0 0
9951 4284 175 67 Name 0 0 0
4321 10066 224 66 Name 0 0 0
3191 836 194 35 Name 0 0 0
859 1750 123 65 Name 0 0 0
1637 151 144 82 Name 0 0 0
10712 3436 252 56 Name 0 0 0
13850 6547 118 56 Name 0 0 0
6235 15413 101 80 Name 0 0 0
5 1361 225 86 Name 0 0 0
2271 4450 142 51 Name 0 0 0
8996 9261 239 84 Name 0 0 0
8816 6321 103 38 Name 0 0 0
770 14201 90 92 Name 0 0 0
10017 2253 108 58 Name 0 0 0
11404 15265 174 90 Name 0 0 0
8009 15317 169 49 Name 0 0 0
12352 6883 166 92 Name 0 0 0
13568 9570 77 64 Name 0 0 0
3785 13341 232 95 Name 0 0 0
6950 13202 166 43 Name 0 0 0
10402 16148 166 61 Name 0 0 0
2218 7317 224 47 Name 0 0 0
11097 15164 132 55 Name 0 0 0
1380 5092 210 57 Name 0 0 0
1970 7892 180 35 Name 0 0 0
14632 7459 222 78 Name 0 0 0
5862 16214 229 57 Name 0 0 0
15428 14211 191 74 Name 0 0 0
1195 4684 239 77 Name 0 0 0
7849 3917 147 93 Name 0 0 0
9402 4165 120 91 Name 0 0 0
4264 10815 176 35 Name 0 0 0
16091 4279 77 75 Name 0 0 0
10261 13354 118 63 Name 0 0 0
13470 12962 117 75 Name 0 0 0
13619 8270 140 80 Name 0 0 0
15553 4686 134 91 Name 0 0 0
12903 9102 196 73 Name 0 0 0
3893 13206 137 44 Name 0 0 0
3686 12009 156 41 Name 0 0 0
4681 1826 151 45 Name 0 0 0
725 1382 166 58 Name 0 0 0
14688 14089 241 41 Name 0 0 0
3942 9260 129 90 Name 0 0 0
4522 6056 65 95 Name 0 0 0
12259 7913 236 62 Name 0 0 0
15983 2288 185 82 Name 0 0 0
3740 15702 185 32 Name 0 0 0
8026 11154 94 76 Name 0 0 0
11494 4563 170 93 Name 0 0 0
12782 6265 73 61 Name 0 0 0
6232 12797 100 96 Name 0 0 0
3726 11033 120 96 Name 0 0 0
3873 62 218 96 Name 0 0 0
14418 11024 77 89 Name 0 0 0
2824 10499 78 91 Name 0 0 0
10874 8058 223 85 Name 0 0 0
13016 15581 152 62 Name 0 0 0
15494 1763 75 95 Name 0 0 0
4023 12412 70 49 Name 0 0 0
622 6534 232 89 Name 0 0 0
3202 7265 193 49 Name 0 0 0
7216 15207 83 56 Name 0 0 0
448 3751 188 57 Name 0 0 0
8602 2876 226 37 Name 0 0 0
11944 5180 142 43 Name 0 0 0
14743 16263 98 64 Name 0 0 0
3719 932 162 54 Name 0 0 0
5572 11906 199 33 Name 0 0 0
9551 4125 84 74 Name 0 0 0
3599 12867 97 46 Name 0 0 0
15572 1417 204 68 Name 0 0 0
9704 4537 153 82 Name 0 0 0
1896 6826 250 66 Name 0 0 0
3626 10456 208 60 Name 0 0 0
1419 10924 115 57 Name 0 0 0
11994 12458 234 68 Name 0 0 0
14143 8115 184 61 Name 0 0 0
13154 12033 91 76 Name 0 0 0
13856 12230 208 76 Name 0 0 0
3010 639 117 64 Name 0 0 0
5576 1628 186 49 Name 0 0 0
13211 14319 129 38 Name 0 0 0
6734 3727 89 63 Name 0 0 0
5407 349 108 73 Name 0 0 0
13585 4786 131 44 Name 0 0 0
334 3661 179 63 Name 0 0 0
10806 8791 176 66 Name 0 0 0
5975 14243 105 55 Name 0 0 0
10925 8103 199 88 Name 0 0 0
8824 6807 255 51 Name 0 0 0
3636 4943 142 53 Name 0 0 0
10123 6441 230 72 Name 0 0 0
9779 14374 165 91 Name 0 0 0
12728 15083 174 85 Name 0 0 0
1457 7405 216 70 Name 0 0 0
10372 2777 167 61 Name 0 0 0
12152 5234 127 91 Name 0 0 0
132 6465 166 68 Name 0 0 0
148 1008 176 54 Name 0 0 0
15073 6078 123 43 Name 0 0 0
14077 685 212 73 Name 0 0 0
10352 4235 244 53 Name 0 0 0
7182 5389 69 46 Name 0 0 0
6678 3399 208 95 Name 0 0 0
11874 10 123 57 Name 0 0 0
7961 7781 243 51 Name 0 0 0
40 1348 137 93 Name 0 0 0
10527 6869 205 53 Name 0 0 0
874 14007 64 43 Name 0 0 0
11589 13434 75 47 Name 0 0 0
1899 2133 251 34 Name 0 0 0
13832 15257 108 50 Name 0 0 0
6893 7524 157 40 Name 0 0 0
3394 12608 91 52 Name 0 0 0
7798 8640 208 69 Name 0 0 0
2443 15630 70 53 Name 0 0 0
9033 3926 93 60 Name 0 0 0
9233 6218 139 67 Name 0 0 0
12315 6427 226 67 Name 0 0 0
4834 2667 179 81 Name 0 0 0
8030 4661 175 55 Name 0 0 0
717 9208 138 63 Name 0 0 0
11965 366 150 50 Name 0 0 0
12370 10243 96 78 Name 0 0 0
1165 15154 158 89 Name 0 0 0
656 7056 234 69 Name 0 0 0
7365 2396 133 56 Name 0 0 0
7755 7680 196 53 Name 0 0 0
4325 11935 210 73 Name 0 0 0
3787 842 98 89 Name 0 0 0
6504 15999 72 41 Name 0 0 0
6434 1276 219 58 Name 0 0 0
6445 10896 236 87 Name 0 0 0
517 6429 111 49 Name 0 0 0
10014 7105 65 45 Name 0 0 0
8482 12144 140 75 Name 0 0 0
2566 15711 226 64 Name 0 0 0
124 14316 160 35 Name 0 0 0
4737 5084 193 54 Name 0 0 0
15834 14453 133 91 Name 0 0 0
13315 16112 190 58 Name 0 0 0
12989 3941 207 84 Name 0 0 0
14014 8663 181 73 Name 0 0 0
12753 11439 171 55 Name 0 0 0
11829 11016 124 56 Name 0 0 0
3919 935 145 55 Name 0 0 0
7943 11649 86 71 Name 0 0 0
7953 4914 136 84 Name 0 0 0
12538 5457 73 63 Name 0 0 0
3458 6125 153 58 Name 0 0 0
328 14411 113 43 Name 0 0 0
5676 8401 147 77 Name 0 0 0
4224 742 125 57 Name 0 0 0
13384 13956 75 40 Name 0 0 0
4185 789 231 36 Name 0 0 0
15890 12512 65 66 Name 0 0 0
10459 4711 190 89 Name 0 0 0
9141 1842 193 54 Name 0 0 0
8656 12710 233 68 Name 0 0 0
15897 15547 163 55 Name 0 0 0
4676 3965 188 87 Name 0 0 0
16100 15687 200 49 Name 0 0 0
10010 10410 100 94 Name 0 0 0
11832 5184 107 35 Name 0 0 0
15893 7753 202 56 Name 0 0 0
3482 15366 140 53 Name 0 0 0
3375 2185 250 76 Name 0 0 0
7557 7869 82 95 Name 0 0 0
4759 5667 79 69 Name 0 0 0
9874 3705 219 37 Name 0 0 0
2669 5041 193 75 Name 0 0 0
8344 9430 171 54 Name 0 0 0
15258 11596 105 78 Name 0 0 0
11529 13773 116 58 Name 0 0 0
9436 8669 223 95 Name 0 0 0
4043 12990 110 42 Name 0 0 0
276 6408 218 37 Name 0 0 0
2500 13691 118 50 Name 0 0 0
8364 11281 119 52 Name 0 0 0
5839 11374 107 58 Name 0 0 0
8343 7915 247 69 Name 0 0 0
6283 10083 207 36 Name 0 0 0
5307 10625 134 70 Name 0 0 0
11969 3322 162 81 Name 0 0 0
11063 88 234 90 Name 0 0 0
14675 10142 182 63 Name 0 0 0
1244 11917 240 50 Name 0 0 0
12508 7830 170 47 Name 0 0 0
1797 7925 95 54 Name 0 0 0
6846 13627 227 78 Name 0 0 0
8232 4275 212 59 Name 0 0 0
15017 10574 105 73 Name 0 0 0
13685 7598 124 64 Name 0 0 0
15243 6889 87 74 Name 0 0 0
12995 8258 220 80 Name 0 0 0
4014 8900 210 33 Name 0 0 0
15115 4945 225 77 Name 0 0 0
16146 98 141 62 Name 0 0 0
114 7174 218 89 Name 0 0 0
3264 5137 256 43 Name 0 0 0
9767 3862 252 73 Name 0 0 0
13881 9516 148 87 Name 0 0 0
13067 5187 236 86 Name 0 0 0
4624 13931 127 46 Name 0 0 0
4504 14261 209 48 Name 0 0 0
14098 11511 255 34 Name 0 0 0
3363 11512 134 84 Name 0 0 0
3472 1203 251 82 Name 0 0 0
10119 15588 186 76 Name 0 0 0
7027 12061 159 33 Name 0 0 0
14210 8871 153 39 Name 0 0 0
9145 13807 161 56 Name 0 0 0
772 11316 109 44 Name 0 0 0
1412 9710 169 39 Name 0 0 0
11575 2924 230 56 Name 0 0 0
12297 11423 228 51 Name 0 0 0
15906 14624 217 93 Name 0 0 0
9130 11396 222 36 Name 0 0 0
5047 15536 107 84 Name 0 0 0
11825 3480 111 72 Name 0 0 0
6089 14950 165 48 Name 0 0 0
550 10488 199 47 Name 0 0 0
10455 14054 240 92 Name 0 0 0
14122 7712 113 37 Name 0 0 0
355 8748 160 93 Name 0 0 0
7011 8905 138 40 Name 0 0 0
414 3032 120 78 Name 0 0 0
14235 2765 192 74 Name 0 0 0
710 12415 221 80 Name 0 0 0
13948 5413 135 90 Name 0 0 0
6491 9251 114 71 Name 0 0 0
11955 1288 183 62 Name 0 0 0
6374 8564 184 96 Name 0 0 0
8378 3262 238 50 Name 0 0 0
16240 13995 104 50 Name 0 0 0
15801 2635 120 42 Name 0 0 0
3971 15557 134 82 Name 0 0 0
6762 8215 219 50 Name 0 0 0
8040 9851 214 70 Name 0 0 0
10173 11041 139 68 Name 0 0 0
14560 2797 248 34 Name 0 0 0
10879 15676 202 77 Name 0 0 0
1362 5833 129 58 Name 0 0 0
6709 2211 122 78 Name 0 0 0
15478 1464 245 65 Name 0 0 0
1012 4523 66 61 Name 0 0 0
10036 9233 85 35 Name 0 0 0
327 14287 233 66 Name 0 0 0
7798 12714 168 56 Name 0 0 0
1313 4436 197 67 Name 0 0 0
9650 1011 67 54 Name 0 0 0
12318 14826 254 84 Name 0 0 0
7411 933 112 58 Name 0 0 0
14745 15552 77 36 Name 0 0 0
7726 11910 195 73 Name 0 0 0
9729 1730 71 56 Name 0 0 0
15810 6916 229 58 Name 0 0 0
9951 9362 189 87 Name 0 0 0
10148 14259 243 68 Name 0 0 0
8615 15810 140 45 Name 0 0 0
13556 4363 244 59 Name 0 0 0
7827 5941 73 40 Name 0 0 0
11670 15768 117 63 Name 0 0 0
1826 4948 217 49 Name 0 0 0
4147 4846 161 51 Name 0 0 0
5474 2120 77 88 Name 0 0 0
15854 6618 87 46 Name 0 0 0
12171 2159 148 56 Name 0 0 0
12506 145 199 36 Name 0 0 0
15352 750 111 58 Name 0 0 0
16339 9383 92 41 Name 0 0 0
14859 9362 190 35 Name 0 0 0
9644 3139 145 44 Name 0 0 0
15201 12755 83 85 Name 0 0 0
3816 13366 218 68 Name 0 0 0
9452 3993 115 57 Name 0 0 0
2627 11796 206 72 Name 0 0 0
3871 2473 111 83 Name 0 0 0
4809 10452 80 48 Name 0 0 0
1205 12465 88 55 Name 0 0 0
627 2381 81 61 Name 0 0 0
15847 9731 231 38 Name 0 0 0
7243 12193 143 93 Name 0 0 0
3152 614 147 36 Name 0 0 0
7557 473 191 84 Name 0 0 0
538 3055 103 63 Name 0 0 0
7046 2287 242 58 Name 0 0 0
551 10538 76 75 Name 0 0 0
4421 9837 212 77 Name 0 0 0
13659 25 168 95 Name 0 0 0
10419 14678 139 84 Name 0 0 0
9142 7542 139 84 Name 0 0 0
8251 4174 126 73 Name 0 0 0
4755 15760 192 52 Name 0 0 0
8706 12083 206 81 Name 0 0 0
8346 4393 134 86 Name 0 0 0
10249 12913 119 65 Name 0 0 0
8084 1106 128 89 Name 0 0 0
13428 8698 239 57 Name 0 0 0
11729 11106 191 85 Name 0 0 0
15478 2507 121 66 Name 0 0 0
15680 13294 174 66 Name 0 0 0
5485 3038 85 48 Name 0 0 0
12990 15250 240 90 Name 0 0 0
6061 8252 83 58 Name 0 0 0
15902 14202 104 66 Name 0 0 0
6697 12085 167 65 Name 0 0 0
8423 6710 66 47 Name 0 0 0
623 2299 142 45 Name 0 0 0
11894 1700 139 63 Name 0 0 0
15151 1132 189 39 Name 0 0 0
2589 2682 117 68 Name 0 0 0
8723 15824 64 86 Name 0 0 0
10658 16186 79 87 Name 0 0 0
4147 15696 100 68 Name 0 0 0
13039 3747 64 36 Name 0 0 0
3485 9518 162 68 Name 0 0 0
796 4016 136 64 Name 0 0 0
13461 4546 137 69 Name 0 0 0
7285 6380 239 85 Name 0 0 0
3210 12133 124 51 Name 0 0 0
15664 8790 142 81 Name 0 0 0
7506 10600 139 53 Name 0 0 0
14226 13492 153 74 Name 0 0 0
8279 1186 197 71 Name 0 0 0
2200 15553 113 73 Name 0 0 0
3466 14987 122 85 Name 0 0 0
721 659 143 57 Name 0 0 0
14445 4237 99 46 Name 0 0 0
3750 3356 143 48 Name 0 0 0
11354 8664 208 69 Name 0 0 0
10833 6952 124 37 Name 0 0 0
10118 10614 105 43 Name 0 0 0
14394 3543 197 94 Name 0 0 0
2500 8297 72 37 Name 0 0 0
13993 14859 83 37 Name 0 0 0
13815 9256 142 93 Name 0 0 0
10107 2967 129 61 Name 0 0 0
8844 8699 218 74 Name 0 0 0
16310 15948 153 73 Name 0 0 0
2275 9410 138 43 Name 0 0 0
3291 12531 173 79 Name 0 0 0
5929 657 248 54 Name 0 0 0
6456 9628 153 51 Name 0 0 0
6327 3111 230 49 Name 0 0 0
4685 11864 224 75 Name 0 0 0
11308 6537 255 81 Name 0 0 0
13465 10885 195 45 Name 0 0 0
1679 9847 81 82 Name 0 0 0
11324 2350 165 70 Name 0 0 0
15269 5957 209 33 Name 0 0 0
8163 1417 95 84 Name 0 0 0
5926 2279 189 47 Name 0 0 0
1446 13034 76 92 Name 0 0 0
5739 14787 245 51 Name 0 0 0
7150 7135 175 47 Name 0 0 0
2687 13306 229 66 Name 0 0 0
12837 15828 80 54 Name 0 0 0
5194 15823 79 65 Name 0 0 0
14787 6029 73 52 Name 0 0 0
13495 13785 120 69 Name 0 0 0
3760 1262 110 93 Name 0 0 0
5186 606 184 72 Name 0 0 0
5789 1085 234 93 Name 0 0 0
11767 7408 117 40 Name 0 0 0
8881 14742 177 85 Name 0 0 0
9026 682 67 74 Name 0 0 0
5319 12044 68 87 Name 0 0 0
4114 5789 233 62 Name 0 0 0
14883 2732 113 64 Name 0 0 0
6488 6135 250 67 Name 0 0 0
4682 14304 156 66 Name 0 0 0
6211 68 167 87 Name 0 0 0
7363 1351 250 87 Name 0 0 0
6812 14700 191 76 Name 0 0 0
12661 14416 91 85 Name 0 0 0
3923 13271 225 48 Name 0 0 0
9922 14584 159 64 Name 0 0 0
2694 13977 231 82 Name 0 0 0
4957 11852 75 91 Name 0 0 0
12267 4876 81 81 Name 0 0 0
11096 6182 76 52 Name 0 0 0
14052 15791 100 76 Name 0 0 0
10854 4438 92 60 Name 0 0 0
14782 3752 143 78 Name 0 0 0
8600 5507 216 86 Name 0 0 0
13190 4278 138 61 Name 0 0 0
5623 12166 249 85 Name 0 0 0
5967 13263 163 84 Name 0 0 0
11021 204 155 94 Name 0 0 0
6311 15961 90 94 Name 0 0 0
579 10499 224 49 Name 0 0 0
6625 8901 204 43 Name 0 0 0
12385 5782 212 96 Name 0 0 0
8323 263 162 60 Name 0 0 0
10350 13330 123 76 Name 0 0 0
4365 1023 177 46 Name 0 0 0
6358 13900 134 41 Name 0 0 0
7717 639 256 67 Name 0 0 0
14221 15043 174 70 Name 0 0 0
16147 11383 203 70 Name 0 0 0
13970 3364 103 43 Name 0 0 0
11455 5971 219 48 Name 0 0 0
1693 5933 150 33 Name 0 0 0
3170 1208 249 60 Name 0 0 0
8143 15042 152 56 Name 0 0 0
15391 4632 168 77 Name 0 0 0
6431 11484 100 39 Name 0 0 0
13353 5967 158 70 Name 0 0 0
991 8031 166 55 Name 0 0 0
1371 10483 174 85 Name 0 0 0
6895 1245 162 73 Name 0 0 0
8940 14196 100 50 Name 0 0 0
12064 10450 78 93 Name 0 0 0
899 10525 169 61 Name 0 0 0
8275 9305 176 87 Name 0 0 0
1741 10031 255 54 Name 0 0 0
11060 10084 245 54 Name 0 0 0
5806 11645 197 77 Name 0 0 0
11620 12158 236 39 Name 0 0 0
14913 405 119 53 Name 0 0 0
12310 8587 123 71 Name 0 0 0
9175 1275 218 41 Name 0 0 0
268 13944 70 50 Name 0 0 0
12613 6478 247 87 Name 0 0 0
10499 4790 74 74 Name 0 0 0
13536 1739 187 89 Name 0 0 0
9110 8288 106 68 Name 0 0 0
11102 824 104 46 Name 0 0 0
13526 6137 79 95 Name 0 0 0
13980 9204 237 53 Name 0 0 0
4620 1376 179 93 Name 0 0 0
2314 4353 65 50 Name 0 0 0
5067 3855 117 65 Name 0 0 0
9879 376 250 50 Name 0 0 0
8212 9395 245 60 Name 0 0 0
15043 4548 121 83 Name 0 0 0
5563 680 203 73 Name 0 0 0
10306 14603 84 91 Name 0 0 0
5414 5068 236 59 Name 0 0 0
12317 13396 204 83 Name 0 0 0
15248 5439 212 35 Name 0 0 0
665 13878 254 59 Name 0 0 0
13497 11385 155 33 Name 0 0 0
2005 10781 68 36 Name 0 0 0
2428 9695 163 89 Name 0 0 0
7922 4328 233 75 Name 0 0 0
11063 3681 255 56 Name 0 0 0
12903 5625 92 47 Name 0 0 0
9511 8707 126 45 Name 0 0 0
10824 1468 218 40 Name 0 0 0
12274 4858 75 53 Name 0 0 0
10243 15991 217 70 Name 0 0 0
3361 15955 121 74 Name 0 0 0
2309 12940 211 74 Name 0 0 0
4476 13897 100 34 Name 0 0 0
9078 2066 107 87 Name 0 0 0
13405 16306 155 69 Name 0 0 0
11931 9002 163 89 Name 0 0 0
10172 9024 235 84 Name 0 0 0
11197 12311 229 38 Name 0 0 0
12669 5655 100 56 Name 0 0 0
8904 14738 244 85 Name 0 0 0
10965 8473 183 54 Name 0 0 0
14932 3243 142 48 Name 0 0 0
7258 3198 178 69 Name 0 0 0
13260 4319 178 33 Name 0 0 0
7122 1863 118 54 Name 0 0 0
11070 4679 199 63 Name 0 0 0
2808 15264 110 77 Name 0 0 0
6929 9751 71 72 Name 0 0 0
14197 11681 176 67 Name 0 0 0
14531 11136 251 62 Name 0 0 0
12647 9873 133 67 Name 0 0 0
9781 2097 76 74 Name 0 0 0
629 2149 180 81 Name 0 0 0
1619 8450 112 63 Name 0 0 0
13970 14268 213 83 Name 0 0 0
12899 12032 195 79 Name 0 0 0
6243 4373 184 58 Name 0 0 0
11306 1519 106 65 Name 0 0 0
6775 6703 249 42 Name 0 0 0
7405 9706 129 91 Name 0 0 0
5208 13187 243 34 Name 0 0 0
8579 2862 65 68 Name 0 0 0
15823 7851 185 46 Name 0 0 0
13767 9112 175 70 Name 0 0 0
3956 10931 253 79 Name 0 0 0
4433 13709 185 57 Name 0 0 0
11233 14704 177 61 Name 0 0 0
13458 15227 139 58 Name 0 0 0
6963 6435 218 41 Name 0 0 0
14746 8200 256 61 Name 0 0 0
4195 7119 158 33 Name 0 0 0
5338 7707 130 77 Name 0 0 0
8777 15759 139 67 Name 0 0 0
14494 11062 125 74 Name 0 0 0
11659 5803 164 82 Name 0 0 0
15953 10888 255 42 Name 0 0 0
13941 7384 108 44 Name 0 0 0
253 6739 105 86 Name 0 0 0
3768 14186 192 36 Name 0 0 0
3106 352 168 43 Name 0 0 0
12981 9693 114 72 Name 0 0 0
4650 4946 108 48 Name 0 0 0
1953 2996 126 92 Name 0 0 0
12156 12867 69 42 Name 0 0 0
91 7832 200 85 Name 0 0 0
6184 13008 67 79 Name 0 0 0
14570 10854 193 43 Name 0 0 0
2074 7629 75 34 Name 0 0 0
9011 11425 149 84 Name 0 0 0
5294 16241 220 69 Name 0 0 0
11486 7333 119 61 Name 0 0 0
15205 5667 247 87 Name 0 0 0
13090 5136 164 48 Name 0 0 0
13162 12341 125 58 Name 0 0 0
7470 10807 231 40 Name 0 0 0
10378 3643 68 74 Name 0 0 0
11387 12567 164 55 Name 0 0 0
2562 2915 88 78 Name 0 0 0
2576 8836 184 74 Name 0 0 0
16297 13476 207 93 Name 0 0 0
6104 5696 65 80 Name 0 0 0
11538 13077 69 76 Name 0 0 0
4422 9888 127 91 Name 0 0 0
11981 11782 205 60 Name 0 0 0
2812 416 78 53 Name 0 0 0
12246 4031 139 63 Name 0 0 0
7288 14966 130 51 Name 0 0 0
8577 2605 148 54 Name 0 0 0
6541 8716 145 44 Name 0 0 0
1494 12194 130 47 Name 0 0 0
3642 4331 241 49 Name 0 0 0
4319 12093 235 54 Name 0 0 0
2670 1530 154 35 Name 0 0 0
1103 13484 101 33 Name 0 0 0
893 5560 107 48 Name 0 0 0
1335 3751 68 79 Name 0 0 0
8125 16073 243 81 Name 0 0 0
4951 6487 167 88 Name 0 0 0
4530 14301 204 86 Name 0 0 0
4938 15645 106 81 Name 0 0 0
16200 4018 105 46 Name 0 0 0
13551 12123 153 44 Name 0 0 0
15273 123 153 43 Name 0 0 0
9363 3847 174 48 Name 0 0 0
6268 10233 124 43 Name 0 0 0
13062 7785 136 95 Name 0 0 0
347 15068 120 51 Name 0 0 0
14580 9654 229 70 Name 0 0 0
15105 2432 236 78 Name 0 0 0
11670 8514 248 79 Name 0 0 0
1396 12671 134 46 Name 0 0 0
12431 12663 256 47 Name 0 0 0
14930 9144 256 74 Name 0 0 0
229 366 211 52 Name 0 0 0
15657 8910 192 71 Name 0 0 0
15209 14336 157 71 Name 0 0 0
14776 6521 212 68 Name 0 0 0
3059 5987 225 91 Name 0 0 0
1701 12794 225 46 Name 0 0 0
1258 9557 236 73 Name 0 0 0
2330 2120 221 95 Name 0 0 0
1994 3721 131 55 Name 0 0 0
7377 2165 139 58 Name 0 0 0
14711 257 81 85 Name 0 0 0
9518 6607 112 55 Name 0 0 0
6482 12560 244 63 Name 0 0 0
15167 12473 193 85 Name 0 0 0
11846 13018 153 44 Name 0 0 0
4117 14168 176 94 Name 0 0 0
3637 2494 128 62 Name 0 0 0
1786 2734 242 72 Name 0 0 0
10050 12865 66 79 Name 0 0 0
14172 12970 110 94 Name 0 0 0
9793 3805 175 73 Name 0 0 0
2586 9177 119 80 Name 0 0 0
5429 2735 93 92 Name 0 0 0
12009 5674 134 88 Name 0 0 0
3211 6461 217 91 Name 0 0 0
7023 3305 205 78 Name 0 0 0
7019 5352 138 52 Name 0 0 0
8116 3114 139 52 Name 0 0 0
12300 7678 232 41 Name 0 0 0
6443 1212 97 40 Name 0 0 0
402 5541 188 68 Name 0 0 0
9409 8505 104 95 Name 0 0 0
8898 13315 164 69 Name 0 0 0
15825 6921 131 90 Name 0 0 0
9273 5316 208 80 Name 0 0 0
14715 14313 197 69 Name 0 0 0
16031 1480 120 74 Name 0 0 0
10421 10043 84 35 Name 0 0 0
3340 13265 108 77 Name 0 0 0
3879 4906 145 46 Name 0 0 0
14823 6788 108 94 Name 0 0 0
4793 12016 94 57 Name 0 0 0
1058 8602 224 76 Name 0 0 0
9587 3660 108 92 Name 0 0 0
2259 16194 76 48 Name 0 0 0
8559 4372 196 89 Name 0 0 0
2476 5890 174 44 Name 0 0 0
2357 3370 97 67 Name 0 0 0
10327 8576 84 77 Name 0 0 0
4360 2762 81 76 Name 0 0 0
10530 7592 125 56 Name 0 0 0
7122 5306 106 56 Name 0 0 0
4567 6770 142 70 Name 0 0 0
5260 8648 199 50 Name 0 0 0
10662 2492 228 63 Name 0 0 0
11907 4059 222 57 Name 0 0 0
3047 6086 116 83 Name 0 0 0
13379 12828 131 76 Name 0 0 0
15515 4259 214 86 Name 0 0 0
9918 4874 178 83 Name 0 0 0
4829 2360 232 78 Name 0 0 0
7333 15336 195 38 Name 0 0 0
12033 4630 189 60 Name 0 0 0
9397 7283 117 95 Name 0 0 0
1747 785 102 57 Name 0 0 0
3504 10491 143 40 Name 0 0 0
5462 14738 209 94 Name 0 0 0
10409 4554 194 80 Name 0 0 0
10430 2569 168 92 Name 0 0 0
6563 4902 230 47 Name 0 0 0
4570 12656 133 70 Name 0 0 0
14577 7835 98 78 Name 0 0 0
1581 1860 179 64 Name 0 0 0
8630 14502 207 36 Name 0 0 0
12818 1149 167 65 Name 0 0 0
2751 2153 124 86 Name 0 0 0
16083 6331 227 81 Name 0 0 0
10516 7843 222 59 Name 0 0 0
9372 15963 236 38 Name 0 0 0
14626 2429 185 60 Name 0 0 0
5915 466 236 36 Name 0 0 0
8830 7396 248 84 Name 0 0 0
16341 7596 235 45 Name 0 0 0
14249 15429 154 38 Name 0 0 0
1771 2015 153 90 Name 0 0 0
265 5995 188 75 Name 0 0 0
5638 7582 84 88 Name 0 0 0
2403 14380 153 59 Name 0 0 0
7846 15804 238 85 Name 0 0 0
5756 13829 176 87 Name 0 0 0
2200 5749 64 77 Name 0 0 0
15263 12385 217 58 Name 0 0 0
9116 15162 208 91 Name 0 0 0
11962 14281 114 90 Name 0 0 0
4804 3995 72 95 Name 0 0 0
7079 15596 75 48 Name 0 0 0
6918 16264 206 74 Name 0 0 0
6414 15374 90 73 Name 0 0 0
7414 15813 233 96 Name 0 0 0
13552 7324 153 70 Name 0 0 0
x-Min=0
x-Max=16384
y-Min=0
y-Max=16384
min label height=32.0
max label height=96.0
min label width=64.0
max label width=256.0
