1024
590 309 5 3 Name 0 0 0
646 433 31 3 Name 0 0 0
88 241 31 2 Name 0 0 0
381 429 31 2 Name 0 0 0
1016 660 7 2 Name 0 0 0
213 66 13 4 Name 0 0 0
888 237 4 3 Name 0 0 0
564 895 17 3 Name 0 0 0
374 724 5 2 Name 0 0 0
960 819 25 2 Name 0 0 0
844 228 26 3 Name 0 0 0
644 531 29 3 Name 0 0 0
716 844 23 3 Name 0 0 0
546 754 4 3 Name 0 0 0
1023 489 32 2 Name 0 0 0
835 917 23 3 Name 0 0 0
364 339 29 2 Name 0 0 0
98 52 19 4 Name 0 0 0
23 173 31 3 Name 0 0 0
228 948 7 3 Name 0 0 0
139 583 30 2 Name 0 0 0
167 562 19 3 Name 0 0 0
609 308 13 3 Name 0 0 0
199 226 17 4 Name 0 0 0
575 146 31 2 Name 0 0 0
450 74 12 3 Name 0 0 0
977 445 15 2 Name 0 0 0
455 267 30 4 Name 0 0 0
983 494 18 3 Name 0 0 0
313 599 29 3 Name 0 0 0
324 870 26 4 Name 0 0 0
33 801 4 4 Name 0 0 0
221 114 8 3 Name 0 0 0
56 966 6 3 Name 0 0 0
477 138 12 2 Name 0 0 0
512 461 22 2 Name 0 0 0
204 23 30 3 Name 0 0 0
612 952 11 2 Name 0 0 0
398 292 29 3 Name 0 0 0
348 583 28 3 Name 0 0 0
719 562 10 4 Name 0 0 0
711 245 9 2 Name 0 0 0
509 13 19 3 Name 0 0 0
826 577 29 2 Name 0 0 0
283 612 16 3 Name 0 0 0
606 324 6 3 Name 0 0 0
1 171 14 3 Name 0 0 0
375 177 15 3 Name 0 0 0
729 184 13 2 Name 0 0 0
602 835 21 2 Name 0 0 0
525 885 28 4 Name 0 0 0
314 654 24 3 Name 0 0 0
464 619 5 2 Name 0 0 0
381 139 19 4 Name 0 0 0
37 171 30 3 Name 0 0 0
6 190 23 2 Name 0 0 0
574 382 7 4 Name 0 0 0
624 164 16 2 Name 0 0 0
736 675 25 3 Name 0 0 0
155 285 10 3 Name 0 0 0
305 684 8 2 Name 0 0 0
416 422 5 3 Name 0 0 0
822 458 29 2 Name 0 0 0
677 905 25 2 Name 0 0 0
500 15 15 4 Name 0 0 0
680 922 17 3 Name 0 0 0
405 274 26 4 Name 0 0 0
691 853 13 3 Name 0 0 0
620 723 31 3 Name 0 0 0
560 1021 24 3 Name 0 0 0
650 564 18 3 Name 0 0 0
271 830 13 4 Name 0 0 0
693 74 13 3 Name 0 0 0
127 660 22 2 Name 0 0 0
691 892 7 4 Name 0 0 0
313 47 32 2 Name 0 0 0
663 363 22 3 Name 0 0 0
690 485 20 2 Name 0 0 0
78 129 28 2 Name 0 0 0
644 438 31 4 Name 0 0 0
184 909 27 3 Name 0 0 0
129 842 24 2 Name 0 0 0
752 46 8 3 Name 0 0 0
380 755 30 3 Name 0 0 0
596 650 10 4 Name 0 0 0
790 694 12 3 Name 0 0 0
354 971 11 3 Name 0 0 0
359 460 5 2 Name 0 0 0
645 936 4 2 Name 0 0 0
236 229 22 3 Name 0 0 0
604 455 20 3 Name 0 0 0
888 88 28 4 Name 0 0 0
820 145 15 3 Name 0 0 0
921 523 21 4 Name 0 0 0
468 749 16 2 Name 0 0 0
562 523 16 4 Name 0 0 0
471 304 26 2 Name 0 0 0
369 93 18 4 Name 0 0 0
623 93 19 4 Name 0 0 0
780 1009 25 4 Name 0 0 0
641 749 25 3 Name 0 0 0
246 639 16 3 Name 0 0 0
788 392 9 4 Name 0 0 0
777 363 18 3 Name 0 0 0
993 739 8 3 Name 0 0 0
759 362 13 3 Name 0 0 0
379 770 30 2 Name 0 0 0
741 129 11 3 Name 0 0 0
336 684 16 3 Name 0 0 0
276 301 6 3 Name 0 0 0
960 752 32 4 Name 0 0 0
769 520 7 2 Name 0 0 0
135 914 27 4 Name 0 0 0
405 280 26 2 Name 0 0 0
600 327 4 2 Name 0 0 0
35 6 15 3 Name 0 0 0
279 892 29 3 Name 0 0 0
662 240 8 2 Name 0 0 0
298 97 13 3 Name 0 0 0
792 362 9 3 Name 0 0 0
777 603 10 3 Name 0 0 0
181 448 19 4 Name 0 0 0
141 483 11 3 Name 0 0 0
188 77 4 3 Name 0 0 0
306 767 7 3 Name 0 0 0
826 640 8 3 Name 0 0 0
502 715 18 2 Name 0 0 0
720 448 13 2 Name 0 0 0
342 59 5 3 Name 0 0 0
166 360 28 2 Name 0 0 0
641 126 19 4 Name 0 0 0
652 692 12 3 Name 0 0 0
369 515 31 3 Name 0 0 0
623 139 30 2 Name 0 0 0
32 93 18 3 Name 0 0 0
945 635 12 3 Name 0 0 0
706 523 22 3 Name 0 0 0
733 819 13 3 Name 0 0 0
522 752 14 3 Name 0 0 0
250 676 16 2 Name 0 0 0
504 516 31 2 Name 0 0 0
567 105 11 3 Name 0 0 0
922 654 16 2 Name 0 0 0
557 972 27 3 Name 0 0 0
984 222 5 4 Name 0 0 0
374 378 31 4 Name 0 0 0
57 725 8 2 Name 0 0 0
684 115 13 2 Name 0 0 0
738 837 23 2 Name 0 0 0
109 292 13 2 Name 0 0 0
453 807 13 2 Name 0 0 0
455 367 30 3 Name 0 0 0
915 902 11 4 Name 0 0 0
453 673 11 4 Name 0 0 0
147 34 19 3 Name 0 0 0
495 798 8 2 Name 0 0 0
57 1009 21 3 Name 0 0 0
417 75 9 2 Name 0 0 0
568 805 10 3 Name 0 0 0
469 909 11 2 Name 0 0 0
78 776 31 4 Name 0 0 0
708 122 23 2 Name 0 0 0
694 60 23 4 Name 0 0 0
258 1006 27 2 Name 0 0 0
113 279 19 4 Name 0 0 0
114 76 18 3 Name 0 0 0
397 958 30 3 Name 0 0 0
745 236 32 3 Name 0 0 0
597 348 19 3 Name 0 0 0
651 189 8 3 Name 0 0 0
424 685 26 3 Name 0 0 0
813 935 5 2 Name 0 0 0
17 882 4 3 Name 0 0 0
710 32 21 4 Name 0 0 0
102 167 26 3 Name 0 0 0
974 884 19 4 Name 0 0 0
825 444 23 3 Name 0 0 0
95 106 30 2 Name 0 0 0
845 644 11 2 Name 0 0 0
410 695 10 3 Name 0 0 0
769 843 8 2 Name 0 0 0
283 228 15 2 Name 0 0 0
713 345 20 3 Name 0 0 0
173 755 5 3 Name 0 0 0
541 648 32 3 Name 0 0 0
204 471 8 4 Name 0 0 0
923 103 14 3 Name 0 0 0
430 493 6 4 Name 0 0 0
978 450 20 3 Name 0 0 0
1000 402 19 3 Name 0 0 0
687 706 26 3 Name 0 0 0
38 27 22 3 Name 0 0 0
827 713 15 4 Name 0 0 0
206 852 4 4 Name 0 0 0
388 816 12 2 Name 0 0 0
498 445 20 3 Name 0 0 0
621 720 15 3 Name 0 0 0
942 437 30 4 Name 0 0 0
8 327 30 2 Name 0 0 0
90 953 7 3 Name 0 0 0
380 95 29 3 Name 0 0 0
377 860 27 4 Name 0 0 0
385 381 8 3 Name 0 0 0
912 392 30 3 Name 0 0 0
952 132 31 2 Name 0 0 0
1000 281 14 4 Name 0 0 0
76 103 14 3 Name 0 0 0
202 830 15 3 Name 0 0 0
698 594 12 2 Name 0 0 0
200 305 8 4 Name 0 0 0
635 1023 14 2 Name 0 0 0
597 507 10 3 Name 0 0 0
333 219 11 4 Name 0 0 0
978 549 23 3 Name 0 0 0
208 667 16 4 Name 0 0 0
221 195 21 4 Name 0 0 0
916 378 29 3 Name 0 0 0
94 960 29 4 Name 0 0 0
35 234 7 3 Name 0 0 0
610 236 5 4 Name 0 0 0
588 402 16 2 Name 0 0 0
59 662 6 2 Name 0 0 0
681 728 10 2 Name 0 0 0
373 542 7 4 Name 0 0 0
517 608 18 3 Name 0 0 0
930 307 21 3 Name 0 0 0
654 169 4 3 Name 0 0 0
153 633 13 4 Name 0 0 0
14 145 5 3 Name 0 0 0
429 98 6 2 Name 0 0 0
143 421 22 3 Name 0 0 0
401 464 12 3 Name 0 0 0
347 969 25 2 Name 0 0 0
2 728 7 3 Name 0 0 0
280 523 14 3 Name 0 0 0
622 168 17 3 Name 0 0 0
762 389 24 4 Name 0 0 0
532 448 5 3 Name 0 0 0
599 800 32 3 Name 0 0 0
837 207 4 2 Name 0 0 0
9 892 4 4 Name 0 0 0
882 338 31 4 Name 0 0 0
628 185 18 4 Name 0 0 0
128 414 26 3 Name 0 0 0
475 559 26 2 Name 0 0 0
466 148 7 4 Name 0 0 0
799 76 19 4 Name 0 0 0
363 221 23 3 Name 0 0 0
610 797 8 4 Name 0 0 0
152 236 10 3 Name 0 0 0
488 363 5 3 Name 0 0 0
537 353 26 3 Name 0 0 0
915 719 24 4 Name 0 0 0
883 185 10 4 Name 0 0 0
413 510 9 3 Name 0 0 0
404 752 31 2 Name 0 0 0
772 108 32 3 Name 0 0 0
360 239 5 4 Name 0 0 0
220 833 24 3 Name 0 0 0
627 882 31 4 Name 0 0 0
603 877 16 2 Name 0 0 0
692 431 15 4 Name 0 0 0
856 302 30 3 Name 0 0 0
102 280 18 2 Name 0 0 0
938 595 24 3 Name 0 0 0
464 157 12 2 Name 0 0 0
651 655 7 3 Name 0 0 0
172 143 19 2 Name 0 0 0
738 385 18 3 Name 0 0 0
959 660 11 3 Name 0 0 0
451 60 26 3 Name 0 0 0
865 392 17 3 Name 0 0 0
733 843 4 3 Name 0 0 0
107 989 8 3 Name 0 0 0
700 757 24 3 Name 0 0 0
634 22 18 3 Name 0 0 0
684 741 8 3 Name 0 0 0
556 991 4 3 Name 0 0 0
410 678 26 3 Name 0 0 0
1011 976 26 2 Name 0 0 0
140 375 14 3 Name 0 0 0
479 497 14 4 Name 0 0 0
552 333 9 3 Name 0 0 0
791 671 22 3 Name 0 0 0
887 261 30 3 Name 0 0 0
735 907 6 4 Name 0 0 0
65 850 11 3 Name 0 0 0
866 278 19 4 Name 0 0 0
1001 698 25 3 Name 0 0 0
697 299 20 2 Name 0 0 0
700 1002 8 3 Name 0 0 0
822 20 18 4 Name 0 0 0
435 324 17 3 Name 0 0 0
268 245 5 3 Name 0 0 0
244 441 20 3 Name 0 0 0
661 202 10 3 Name 0 0 0
919 948 19 3 Name 0 0 0
722 394 5 2 Name 0 0 0
15 860 6 2 Name 0 0 0
474 860 23 4 Name 0 0 0
671 176 12 4 Name 0 0 0
274 360 12 3 Name 0 0 0
712 550 4 2 Name 0 0 0
89 912 6 2 Name 0 0 0
575 635 21 3 Name 0 0 0
606 907 26 3 Name 0 0 0
645 665 19 3 Name 0 0 0
257 229 30 3 Name 0 0 0
99 182 19 3 Name 0 0 0
467 691 16 3 Name 0 0 0
413 552 13 3 Name 0 0 0
256 903 25 4 Name 0 0 0
40 902 16 3 Name 0 0 0
706 298 23 3 Name 0 0 0
458 943 13 4 Name 0 0 0
923 882 7 3 Name 0 0 0
972 200 32 4 Name 0 0 0
342 898 18 3 Name 0 0 0
924 0 25 4 Name 0 0 0
847 146 9 2 Name 0 0 0
804 563 31 4 Name 0 0 0
653 703 31 3 Name 0 0 0
822 365 23 3 Name 0 0 0
758 677 11 4 Name 0 0 0
831 613 27 4 Name 0 0 0
418 28 18 4 Name 0 0 0
298 278 16 3 Name 0 0 0
550 706 5 3 Name 0 0 0
900 323 15 3 Name 0 0 0
723 924 5 2 Name 0 0 0
470 286 18 2 Name 0 0 0
698 388 24 3 Name 0 0 0
892 290 14 3 Name 0 0 0
103 518 6 2 Name 0 0 0
23 491 8 2 Name 0 0 0
94 503 8 2 Name 0 0 0
620 451 12 3 Name 0 0 0
168 704 5 3 Name 0 0 0
875 716 29 3 Name 0 0 0
435 687 21 3 Name 0 0 0
499 741 9 2 Name 0 0 0
146 874 4 2 Name 0 0 0
111 167 21 3 Name 0 0 0
448 312 15 2 Name 0 0 0
718 926 17 4 Name 0 0 0
202 151 18 3 Name 0 0 0
565 318 20 3 Name 0 0 0
785 156 5 3 Name 0 0 0
560 462 30 4 Name 0 0 0
99 150 17 2 Name 0 0 0
835 789 12 3 Name 0 0 0
1001 574 23 3 Name 0 0 0
97 721 7 3 Name 0 0 0
453 139 23 2 Name 0 0 0
123 552 18 4 Name 0 0 0
258 123 23 2 Name 0 0 0
506 540 8 3 Name 0 0 0
707 75 32 4 Name 0 0 0
63 959 5 4 Name 0 0 0
51 933 17 2 Name 0 0 0
180 1019 17 3 Name 0 0 0
572 625 20 3 Name 0 0 0
430 594 12 3 Name 0 0 0
820 67 26 3 Name 0 0 0
19 791 6 3 Name 0 0 0
226 527 5 2 Name 0 0 0
996 586 28 3 Name 0 0 0
933 877 5 3 Name 0 0 0
460 940 26 4 Name 0 0 0
614 882 30 4 Name 0 0 0
131 915 7 3 Name 0 0 0
780 546 14 3 Name 0 0 0
727 482 21 4 Name 0 0 0
1000 758 30 4 Name 0 0 0
419 432 10 2 Name 0 0 0
199 661 8 2 Name 0 0 0
907 888 12 2 Name 0 0 0
731 949 18 2 Name 0 0 0
261 204 16 3 Name 0 0 0
841 305 4 3 Name 0 0 0
211 555 20 2 Name 0 0 0
528 404 30 3 Name 0 0 0
947 469 9 3 Name 0 0 0
437 311 6 3 Name 0 0 0
163 238 26 2 Name 0 0 0
970 347 29 3 Name 0 0 0
667 244 18 3 Name 0 0 0
574 356 27 4 Name 0 0 0
673 850 14 3 Name 0 0 0
261 825 28 4 Name 0 0 0
178 519 19 3 Name 0 0 0
361 444 23 2 Name 0 0 0
651 738 30 4 Name 0 0 0
879 80 24 3 Name 0 0 0
914 442 16 2 Name 0 0 0
794 641 10 3 Name 0 0 0
204 571 5 4 Name 0 0 0
939 23 15 2 Name 0 0 0
263 744 19 4 Name 0 0 0
715 627 13 4 Name 0 0 0
196 890 26 3 Name 0 0 0
985 640 29 4 Name 0 0 0
683 610 24 4 Name 0 0 0
962 442 26 2 Name 0 0 0
221 13 30 3 Name 0 0 0
736 387 24 3 Name 0 0 0
219 521 18 3 Name 0 0 0
934 374 11 3 Name 0 0 0
220 276 29 4 Name 0 0 0
142 511 9 3 Name 0 0 0
311 502 23 2 Name 0 0 0
661 973 17 2 Name 0 0 0
513 151 6 3 Name 0 0 0
655 741 11 2 Name 0 0 0
428 688 28 3 Name 0 0 0
712 467 30 2 Name 0 0 0
688 623 9 3 Name 0 0 0
511 815 23 3 Name 0 0 0
295 263 8 3 Name 0 0 0
55 149 24 3 Name 0 0 0
757 280 22 3 Name 0 0 0
872 289 7 3 Name 0 0 0
862 91 23 2 Name 0 0 0
218 879 13 3 Name 0 0 0
489 416 10 2 Name 0 0 0
197 29 12 2 Name 0 0 0
638 940 12 3 Name 0 0 0
52 765 13 3 Name 0 0 0
900 377 6 3 Name 0 0 0
561 667 16 3 Name 0 0 0
463 353 14 3 Name 0 0 0
483 189 6 3 Name 0 0 0
515 631 16 2 Name 0 0 0
840 192 28 3 Name 0 0 0
588 588 13 3 Name 0 0 0
583 742 31 2 Name 0 0 0
493 590 23 3 Name 0 0 0
808 808 15 3 Name 0 0 0
1002 820 29 2 Name 0 0 0
184 372 11 4 Name 0 0 0
80 954 7 3 Name 0 0 0
795 828 7 3 Name 0 0 0
506 153 20 2 Name 0 0 0
404 202 6 4 Name 0 0 0
351 794 9 3 Name 0 0 0
892 778 5 3 Name 0 0 0
889 964 17 4 Name 0 0 0
54 189 7 2 Name 0 0 0
355 676 19 3 Name 0 0 0
344 2 21 3 Name 0 0 0
840 398 6 4 Name 0 0 0
130 7 12 2 Name 0 0 0
250 624 6 4 Name 0 0 0
451 770 13 2 Name 0 0 0
183 781 30 3 Name 0 0 0
236 347 14 3 Name 0 0 0
628 257 27 3 Name 0 0 0
160 94 14 2 Name 0 0 0
77 821 26 3 Name 0 0 0
906 817 14 3 Name 0 0 0
112 899 8 3 Name 0 0 0
35 828 8 4 Name 0 0 0
761 148 12 3 Name 0 0 0
58 249 15 3 Name 0 0 0
460 653 7 3 Name 0 0 0
130 729 11 3 Name 0 0 0
935 597 23 3 Name 0 0 0
680 773 29 4 Name 0 0 0
611 615 23 3 Name 0 0 0
279 277 22 3 Name 0 0 0
711 843 7 2 Name 0 0 0
250 53 19 3 Name 0 0 0
591 326 4 3 Name 0 0 0
150 35 21 2 Name 0 0 0
13 332 5 3 Name 0 0 0
977 598 20 2 Name 0 0 0
702 952 19 3 Name 0 0 0
253 815 12 2 Name 0 0 0
145 258 15 3 Name 0 0 0
743 260 17 2 Name 0 0 0
790 376 21 3 Name 0 0 0
787 624 29 2 Name 0 0 0
737 765 19 4 Name 0 0 0
748 495 23 3 Name 0 0 0
1005 864 22 4 Name 0 0 0
368 853 4 3 Name 0 0 0
953 147 19 4 Name 0 0 0
496 23 29 3 Name 0 0 0
334 1000 26 4 Name 0 0 0
375 849 31 4 Name 0 0 0
470 294 31 3 Name 0 0 0
652 862 31 4 Name 0 0 0
610 802 13 2 Name 0 0 0
307 209 32 3 Name 0 0 0
143 782 7 2 Name 0 0 0
791 23 8 3 Name 0 0 0
206 684 27 4 Name 0 0 0
606 464 18 2 Name 0 0 0
675 581 26 3 Name 0 0 0
569 185 28 3 Name 0 0 0
659 552 29 2 Name 0 0 0
40 73 10 2 Name 0 0 0
727 275 12 3 Name 0 0 0
247 529 21 2 Name 0 0 0
434 725 26 3 Name 0 0 0
125 1024 17 2 Name 0 0 0
167 467 26 3 Name 0 0 0
624 346 18 2 Name 0 0 0
635 87 20 2 Name 0 0 0
429 694 31 4 Name 0 0 0
420 142 6 3 Name 0 0 0
827 467 13 3 Name 0 0 0
1008 1019 12 3 Name 0 0 0
1009 93 15 4 Name 0 0 0
881 78 5 2 Name 0 0 0
69 463 25 3 Name 0 0 0
560 435 13 3 Name 0 0 0
903 86 23 4 Name 0 0 0
168 875 20 3 Name 0 0 0
696 243 22 4 Name 0 0 0
717 798 21 4 Name 0 0 0
431 501 13 3 Name 0 0 0
121 369 9 3 Name 0 0 0
30 289 32 3 Name 0 0 0
411 802 8 2 Name 0 0 0
991 989 27 3 Name 0 0 0
176 606 31 3 Name 0 0 0
224 455 30 3 Name 0 0 0
638 12 19 2 Name 0 0 0
393 817 28 4 Name 0 0 0
257 100 7 4 Name 0 0 0
830 346 5 3 Name 0 0 0
265 300 25 2 Name 0 0 0
143 376 30 3 Name 0 0 0
389 515 32 4 Name 0 0 0
274 86 7 3 Name 0 0 0
926 880 8 3 Name 0 0 0
853 284 15 3 Name 0 0 0
55 768 14 3 Name 0 0 0
912 161 8 2 Name 0 0 0
771 640 22 2 Name 0 0 0
983 405 20 2 Name 0 0 0
97 935 19 4 Name 0 0 0
698 17 16 2 Name 0 0 0
314 230 12 3 Name 0 0 0
352 360 30 3 Name 0 0 0
829 839 12 2 Name 0 0 0
477 101 10 2 Name 0 0 0
69 531 5 2 Name 0 0 0
496 164 24 3 Name 0 0 0
952 171 7 2 Name 0 0 0
706 456 23 4 Name 0 0 0
255 771 22 2 Name 0 0 0
422 439 29 4 Name 0 0 0
381 1010 27 4 Name 0 0 0
553 442 12 2 Name 0 0 0
31 33 30 3 Name 0 0 0
893 681 16 2 Name 0 0 0
281 103 4 3 Name 0 0 0
929 138 15 3 Name 0 0 0
665 764 13 3 Name 0 0 0
50 491 10 4 Name 0 0 0
1000 653 10 3 Name 0 0 0
367 157 26 4 Name 0 0 0
800 183 16 3 Name 0 0 0
605 842 22 3 Name 0 0 0
794 129 11 4 Name 0 0 0
889 394 10 3 Name 0 0 0
737 325 10 2 Name 0 0 0
526 294 29 3 Name 0 0 0
823 82 9 2 Name 0 0 0
885 985 25 2 Name 0 0 0
776 401 11 3 Name 0 0 0
764 286 25 3 Name 0 0 0
492 293 26 4 Name 0 0 0
982 764 9 3 Name 0 0 0
465 203 7 3 Name 0 0 0
125 875 12 3 Name 0 0 0
252 577 9 3 Name 0 0 0
74 514 11 4 Name 0 0 0
791 242 29 3 Name 0 0 0
282 151 30 2 Name 0 0 0
853 712 5 4 Name 0 0 0
906 841 7 4 Name 0 0 0
978 740 22 3 Name 0 0 0
965 306 7 2 Name 0 0 0
937 241 29 4 Name 0 0 0
107 973 26 2 Name 0 0 0
886 698 16 3 Name 0 0 0
306 705 21 3 Name 0 0 0
568 230 29 3 Name 0 0 0
927 154 20 3 Name 0 0 0
534 308 20 3 Name 0 0 0
646 791 21 4 Name 0 0 0
664 904 6 3 Name 0 0 0
921 996 17 3 Name 0 0 0
614 841 22 3 Name 0 0 0
603 839 17 3 Name 0 0 0
975 79 17 4 Name 0 0 0
745 952 20 3 Name 0 0 0
821 399 14 3 Name 0 0 0
998 1018 27 3 Name 0 0 0
457 735 28 4 Name 0 0 0
800 301 30 3 Name 0 0 0
50 660 32 4 Name 0 0 0
804 343 26 3 Name 0 0 0
423 631 16 3 Name 0 0 0
937 354 25 4 Name 0 0 0
222 142 6 2 Name 0 0 0
805 561 14 2 Name 0 0 0
654 810 12 3 Name 0 0 0
1024 912 8 2 Name 0 0 0
399 900 23 4 Name 0 0 0
157 712 7 3 Name 0 0 0
489 177 8 2 Name 0 0 0
292 688 31 3 Name 0 0 0
905 417 23 3 Name 0 0 0
135 334 30 3 Name 0 0 0
456 286 30 4 Name 0 0 0
159 60 7 2 Name 0 0 0
870 223 18 2 Name 0 0 0
898 975 22 3 Name 0 0 0
271 84 7 3 Name 0 0 0
326 562 17 3 Name 0 0 0
910 56 5 4 Name 0 0 0
753 566 11 4 Name 0 0 0
159 579 27 2 Name 0 0 0
174 653 12 4 Name 0 0 0
503 620 22 3 Name 0 0 0
923 789 13 3 Name 0 0 0
999 794 30 3 Name 0 0 0
867 690 16 3 Name 0 0 0
164 899 17 3 Name 0 0 0
109 116 6 4 Name 0 0 0
936 265 13 3 Name 0 0 0
797 708 23 3 Name 0 0 0
369 882 10 3 Name 0 0 0
346 380 14 4 Name 0 0 0
875 784 27 4 Name 0 0 0
809 617 25 4 Name 0 0 0
673 916 10 3 Name 0 0 0
437 104 31 2 Name 0 0 0
80 463 16 4 Name 0 0 0
289 687 24 4 Name 0 0 0
253 55 16 4 Name 0 0 0
421 395 9 3 Name 0 0 0
613 433 22 2 Name 0 0 0
174 961 26 3 Name 0 0 0
151 243 7 4 Name 0 0 0
394 134 18 3 Name 0 0 0
28 360 21 3 Name 0 0 0
833 930 24 2 Name 0 0 0
486 909 14 2 Name 0 0 0
542 776 30 3 Name 0 0 0
466 523 19 3 Name 0 0 0
604 809 20 4 Name 0 0 0
383 404 24 3 Name 0 0 0
218 345 30 2 Name 0 0 0
454 468 14 2 Name 0 0 0
676 652 25 4 Name 0 0 0
704 265 11 2 Name 0 0 0
686 585 27 3 Name 0 0 0
118 442 21 3 Name 0 0 0
963 547 20 3 Name 0 0 0
1006 370 24 4 Name 0 0 0
504 242 21 3 Name 0 0 0
82 187 30 2 Name 0 0 0
539 97 28 3 Name 0 0 0
833 1013 29 4 Name 0 0 0
82 1004 19 4 Name 0 0 0
1023 702 8 3 Name 0 0 0
405 862 7 4 Name 0 0 0
514 208 14 3 Name 0 0 0
921 217 12 4 Name 0 0 0
189 39 19 2 Name 0 0 0
749 581 18 2 Name 0 0 0
568 724 13 3 Name 0 0 0
208 1024 21 2 Name 0 0 0
314 898 17 3 Name 0 0 0
513 867 25 3 Name 0 0 0
378 127 8 2 Name 0 0 0
534 189 5 3 Name 0 0 0
452 644 28 3 Name 0 0 0
162 308 19 3 Name 0 0 0
611 803 23 4 Name 0 0 0
196 243 5 3 Name 0 0 0
739 233 25 4 Name 0 0 0
56 288 7 4 Name 0 0 0
720 327 24 3 Name 0 0 0
466 720 18 4 Name 0 0 0
823 686 10 3 Name 0 0 0
308 535 22 4 Name 0 0 0
879 209 24 3 Name 0 0 0
669 155 12 4 Name 0 0 0
615 310 30 3 Name 0 0 0
198 1008 17 3 Name 0 0 0
199 86 20 3 Name 0 0 0
61 410 21 3 Name 0 0 0
955 247 25 2 Name 0 0 0
748 977 28 3 Name 0 0 0
600 431 13 2 Name 0 0 0
413 121 12 3 Name 0 0 0
47 798 29 3 Name 0 0 0
701 893 7 2 Name 0 0 0
525 99 15 3 Name 0 0 0
628 263 12 3 Name 0 0 0
168 709 27 2 Name 0 0 0
218 846 8 4 Name 0 0 0
1016 244 10 3 Name 0 0 0
621 832 23 3 Name 0 0 0
630 538 27 3 Name 0 0 0
407 583 15 3 Name 0 0 0
331 465 31 4 Name 0 0 0
712 134 24 2 Name 0 0 0
95 310 6 3 Name 0 0 0
582 186 23 3 Name 0 0 0
824 762 17 4 Name 0 0 0
666 574 19 3 Name 0 0 0
25 886 6 3 Name 0 0 0
730 510 19 3 Name 0 0 0
321 1000 12 3 Name 0 0 0
587 581 26 2 Name 0 0 0
854 996 21 4 Name 0 0 0
185 221 28 2 Name 0 0 0
773 216 11 4 Name 0 0 0
644 87 6 2 Name 0 0 0
402 699 22 3 Name 0 0 0
241 373 26 3 Name 0 0 0
532 361 26 3 Name 0 0 0
711 565 27 3 Name 0 0 0
781 537 17 4 Name 0 0 0
364 214 25 2 Name 0 0 0
313 416 23 4 Name 0 0 0
438 213 18 3 Name 0 0 0
741 558 11 2 Name 0 0 0
889 293 30 2 Name 0 0 0
254 311 15 3 Name 0 0 0
629 151 23 4 Name 0 0 0
556 330 9 4 Name 0 0 0
918 37 30 3 Name 0 0 0
922 726 9 2 Name 0 0 0
533 460 19 4 Name 0 0 0
865 1 6 4 Name 0 0 0
335 279 18 4 Name 0 0 0
860 526 15 2 Name 0 0 0
149 837 8 2 Name 0 0 0
283 616 9 4 Name 0 0 0
767 976 26 3 Name 0 0 0
732 116 18 3 Name 0 0 0
638 861 6 4 Name 0 0 0
371 3 30 2 Name 0 0 0
592 324 9 2 Name 0 0 0
837 48 31 3 Name 0 0 0
1016 942 9 3 Name 0 0 0
671 730 29 3 Name 0 0 0
318 482 17 3 Name 0 0 0
240 756 6 2 Name 0 0 0
566 1022 28 3 Name 0 0 0
430 704 12 3 Name 0 0 0
749 665 12 4 Name 0 0 0
160 803 13 3 Name 0 0 0
248 803 9 3 Name 0 0 0
929 946 26 3 Name 0 0 0
534 466 10 3 Name 0 0 0
485 292 24 3 Name 0 0 0
334 931 26 4 Name 0 0 0
303 177 25 3 Name 0 0 0
875 555 18 2 Name 0 0 0
703 422 6 3 Name 0 0 0
766 801 15 3 Name 0 0 0
667 254 20 4 Name 0 0 0
743 891 10 3 Name 0 0 0
145 554 23 2 Name 0 0 0
798 977 10 3 Name 0 0 0
263 116 8 3 Name 0 0 0
802 276 22 2 Name 0 0 0
431 705 28 3 Name 0 0 0
957 551 7 3 Name 0 0 0
595 908 8 3 Name 0 0 0
65 469 20 2 Name 0 0 0
328 882 8 4 Name 0 0 0
470 261 15 4 Name 0 0 0
578 698 15 4 Name 0 0 0
594 95 14 2 Name 0 0 0
41 799 6 3 Name 0 0 0
967 92 27 4 Name 0 0 0
522 878 14 3 Name 0 0 0
546 634 20 3 Name 0 0 0
253 687 20 3 Name 0 0 0
646 1017 15 3 Name 0 0 0
499 156 5 3 Name 0 0 0
380 882 4 4 Name 0 0 0
258 298 6 4 Name 0 0 0
215 72 21 2 Name 0 0 0
245 953 20 3 Name 0 0 0
251 274 27 4 Name 0 0 0
275 363 26 3 Name 0 0 0
313 725 18 4 Name 0 0 0
420 239 14 2 Name 0 0 0
399 664 17 3 Name 0 0 0
118 912 30 3 Name 0 0 0
812 130 16 3 Name 0 0 0
442 692 25 2 Name 0 0 0
58 541 8 2 Name 0 0 0
88 70 21 2 Name 0 0 0
960 713 4 2 Name 0 0 0
270 1007 10 3 Name 0 0 0
514 836 11 4 Name 0 0 0
573 129 16 4 Name 0 0 0
920 337 8 3 Name 0 0 0
645 306 27 3 Name 0 0 0
229 558 31 3 Name 0 0 0
177 467 14 3 Name 0 0 0
400 250 28 2 Name 0 0 0
335 37 13 3 Name 0 0 0
324 34 31 2 Name 0 0 0
965 356 10 4 Name 0 0 0
792 219 10 3 Name 0 0 0
568 118 20 3 Name 0 0 0
319 358 30 3 Name 0 0 0
680 453 8 4 Name 0 0 0
950 111 9 4 Name 0 0 0
247 35 9 3 Name 0 0 0
1001 120 16 3 Name 0 0 0
841 402 29 3 Name 0 0 0
156 612 10 3 Name 0 0 0
658 315 26 3 Name 0 0 0
972 496 15 3 Name 0 0 0
524 341 8 3 Name 0 0 0
56 331 5 2 Name 0 0 0
834 473 30 3 Name 0 0 0
53 59 27 3 Name 0 0 0
418 332 21 3 Name 0 0 0
22 732 31 3 Name 0 0 0
287 670 10 2 Name 0 0 0
486 120 27 3 Name 0 0 0
668 104 15 3 Name 0 0 0
568 558 27 2 Name 0 0 0
305 523 20 3 Name 0 0 0
330 653 30 3 Name 0 0 0
123 344 20 4 Name 0 0 0
898 719 17 2 Name 0 0 0
451 793 15 2 Name 0 0 0
978 594 15 3 Name 0 0 0
377 158 11 4 Name 0 0 0
63 994 16 4 Name 0 0 0
926 773 11 3 Name 0 0 0
457 732 26 4 Name 0 0 0
688 908 7 3 Name 0 0 0
15 178 21 3 Name 0 0 0
18 777 25 3 Name 0 0 0
697 812 25 2 Name 0 0 0
244 6 25 3 Name 0 0 0
252 657 7 4 Name 0 0 0
753 582 19 2 Name 0 0 0
776 318 26 3 Name 0 0 0
258 389 23 3 Name 0 0 0
834 33 13 3 Name 0 0 0
717 599 10 2 Name 0 0 0
215 738 18 3 Name 0 0 0
1016 108 10 2 Name 0 0 0
802 676 22 4 Name 0 0 0
919 571 30 3 Name 0 0 0
34 349 11 2 Name 0 0 0
918 959 19 2 Name 0 0 0
604 886 5 4 Name 0 0 0
497 523 9 3 Name 0 0 0
121 620 24 4 Name 0 0 0
314 990 24 3 Name 0 0 0
72 527 9 3 Name 0 0 0
393 333 23 3 Name 0 0 0
265 533 9 2 Name 0 0 0
880 667 9 3 Name 0 0 0
842 220 28 3 Name 0 0 0
253 361 12 4 Name 0 0 0
388 771 29 4 Name 0 0 0
656 50 26 3 Name 0 0 0
187 696 11 4 Name 0 0 0
348 1008 11 4 Name 0 0 0
431 315 15 3 Name 0 0 0
726 1000 26 3 Name 0 0 0
846 780 21 4 Name 0 0 0
909 783 5 3 Name 0 0 0
285 525 28 3 Name 0 0 0
1009 47 8 4 Name 0 0 0
806 867 14 3 Name 0 0 0
722 545 19 2 Name 0 0 0
365 656 18 2 Name 0 0 0
349 274 18 3 Name 0 0 0
858 1016 10 4 Name 0 0 0
341 860 5 4 Name 0 0 0
989 126 8 4 Name 0 0 0
207 445 11 3 Name 0 0 0
713 348 16 2 Name 0 0 0
538 135 11 3 Name 0 0 0
80 183 22 3 Name 0 0 0
751 960 15 2 Name 0 0 0
128 498 20 4 Name 0 0 0
518 1024 28 3 Name 0 0 0
701 913 29 3 Name 0 0 0
96 13 25 3 Name 0 0 0
761 164 20 3 Name 0 0 0
678 672 15 3 Name 0 0 0
522 474 29 4 Name 0 0 0
810 396 12 4 Name 0 0 0
525 922 14 4 Name 0 0 0
507 293 31 3 Name 0 0 0
543 437 11 2 Name 0 0 0
675 111 22 3 Name 0 0 0
796 235 25 4 Name 0 0 0
757 629 23 2 Name 0 0 0
679 280 21 2 Name 0 0 0
842 872 18 3 Name 0 0 0
1009 1008 6 3 Name 0 0 0
45 219 25 4 Name 0 0 0
107 295 25 3 Name 0 0 0
682 600 17 3 Name 0 0 0
104 152 25 3 Name 0 0 0
542 446 24 3 Name 0 0 0
35 184 19 2 Name 0 0 0
363 563 11 3 Name 0 0 0
209 525 23 4 Name 0 0 0
823 474 24 3 Name 0 0 0
189 644 28 3 Name 0 0 0
741 120 9 4 Name 0 0 0
534 841 29 4 Name 0 0 0
158 706 20 3 Name 0 0 0
573 888 30 3 Name 0 0 0
36 945 6 2 Name 0 0 0
759 506 7 4 Name 0 0 0
871 561 26 2 Name 0 0 0
507 578 19 3 Name 0 0 0
510 400 25 3 Name 0 0 0
270 916 9 3 Name 0 0 0
203 408 28 4 Name 0 0 0
360 780 17 4 Name 0 0 0
560 617 10 3 Name 0 0 0
718 61 28 2 Name 0 0 0
621 236 6 2 Name 0 0 0
350 118 10 4 Name 0 0 0
26 581 19 3 Name 0 0 0
658 303 17 4 Name 0 0 0
93 762 9 2 Name 0 0 0
976 67 4 3 Name 0 0 0
50 1001 10 4 Name 0 0 0
389 988 13 2 Name 0 0 0
16 710 5 3 Name 0 0 0
49 228 14 3 Name 0 0 0
338 676 19 2 Name 0 0 0
265 29 23 3 Name 0 0 0
834 110 27 2 Name 0 0 0
805 802 23 3 Name 0 0 0
280 1012 30 3 Name 0 0 0
547 222 10 4 Name 0 0 0
523 670 30 3 Name 0 0 0
917 747 19 3 Name 0 0 0
258 567 26 3 Name 0 0 0
659 985 20 4 Name 0 0 0
933 367 14 4 Name 0 0 0
709 592 15 4 Name 0 0 0
113 958 22 2 Name 0 0 0
160 389 29 3 Name 0 0 0
203 758 13 3 Name 0 0 0
494 130 15 3 Name 0 0 0
688 373 4 2 Name 0 0 0
630 974 5 2 Name 0 0 0
793 666 23 3 Name 0 0 0
224 92 27 2 Name 0 0 0
536 481 31 2 Name 0 0 0
423 697 16 2 Name 0 0 0
527 642 23 4 Name 0 0 0
1023 806 23 3 Name 0 0 0
617 934 13 4 Name 0 0 0
198 388 14 3 Name 0 0 0
1005 973 20 2 Name 0 0 0
699 326 13 2 Name 0 0 0
459 731 31 3 Name 0 0 0
295 454 5 2 Name 0 0 0
975 167 18 3 Name 0 0 0
10 679 30 4 Name 0 0 0
704 448 26 4 Name 0 0 0
801 778 26 2 Name 0 0 0
460 990 29 3 Name 0 0 0
3 224 19 3 Name 0 0 0
706 40 16 4 Name 0 0 0
82 440 9 2 Name 0 0 0
702 679 12 4 Name 0 0 0
205 917 13 3 Name 0 0 0
643 319 7 4 Name 0 0 0
641 425 22 3 Name 0 0 0
106 1021 21 4 Name 0 0 0
1015 564 22 3 Name 0 0 0
733 214 26 3 Name 0 0 0
717 203 4 3 Name 0 0 0
921 947 30 3 Name 0 0 0
645 868 11 4 Name 0 0 0
712 812 18 2 Name 0 0 0
82 183 29 3 Name 0 0 0
747 715 25 3 Name 0 0 0
980 400 9 3 Name 0 0 0
699 866 27 2 Name 0 0 0
643 515 27 2 Name 0 0 0
522 1003 8 2 Name 0 0 0
163 916 13 2 Name 0 0 0
165 788 29 2 Name 0 0 0
24 661 12 4 Name 0 0 0
376 715 15 3 Name 0 0 0
64 770 21 4 Name 0 0 0
86 167 16 4 Name 0 0 0
960 774 18 3 Name 0 0 0
928 442 32 4 Name 0 0 0
915 713 19 3 Name 0 0 0
986 439 31 3 Name 0 0 0
787 512 5 4 Name 0 0 0
727 148 10 2 Name 0 0 0
387 194 19 4 Name 0 0 0
864 873 17 3 Name 0 0 0
436 199 24 3 Name 0 0 0
98 283 9 2 Name 0 0 0
458 491 12 3 Name 0 0 0
314 861 27 3 Name 0 0 0
176 1022 17 3 Name 0 0 0
425 708 15 4 Name 0 0 0
845 84 6 3 Name 0 0 0
x-Min=0
x-Max=1024
y-Min=0
y-Max=1024
min label height=2.0
max label height=4.0
min label width=4.0
max label width=32
