1024
154 424 120 4 Name 0 0 0
79 247 23 8 Name 0 0 0
1102 1801 104 4 Name 0 0 0
1712 110 80 10 Name 0 0 0
1952 101 75 9 Name 0 0 0
937 855 68 4 Name 0 0 0
522 131 38 10 Name 0 0 0
291 505 40 7 Name 0 0 0
356 798 85 11 Name 0 0 0
1057 1718 60 5 Name 0 0 0
1047 1320 125 8 Name 0 0 0
1986 1897 60 10 Name 0 0 0
530 1179 66 9 Name 0 0 0
1593 239 91 6 Name 0 0 0
1074 746 27 6 Name 0 0 0
477 1053 39 11 Name 0 0 0
1226 1034 65 5 Name 0 0 0
1811 705 57 7 Name 0 0 0
1206 1359 64 10 Name 0 0 0
901 1412 25 4 Name 0 0 0
607 1345 43 11 Name 0 0 0
1443 488 91 6 Name 0 0 0
791 212 38 4 Name 0 0 0
2048 1157 63 5 Name 0 0 0
43 978 30 8 Name 0 0 0
956 824 120 10 Name 0 0 0
146 1821 36 11 Name 0 0 0
315 1059 114 11 Name 0 0 0
402 19 104 10 Name 0 0 0
1349 977 34 10 Name 0 0 0
1339 1556 100 6 Name 0 0 0
1085 566 88 11 Name 0 0 0
964 307 95 6 Name 0 0 0
1900 222 79 10 Name 0 0 0
1306 1829 119 6 Name 0 0 0
310 1779 110 10 Name 0 0 0
1686 717 73 10 Name 0 0 0
276 1751 69 4 Name 0 0 0
1153 1134 47 9 Name 0 0 0
384 759 25 8 Name 0 0 0
1254 35 106 11 Name 0 0 0
1026 766 43 7 Name 0 0 0
311 69 36 4 Name 0 0 0
1163 381 79 5 Name 0 0 0
1173 1245 82 6 Name 0 0 0
1560 1954 24 8 Name 0 0 0
659 973 60 6 Name 0 0 0
1301 735 126 8 Name 0 0 0
409 321 25 6 Name 0 0 0
171 1119 8 6 Name 0 0 0
1815 261 106 7 Name 0 0 0
1912 709 48 6 Name 0 0 0
1204 1561 29 8 Name 0 0 0
471 1734 8 8 Name 0 0 0
1838 675 24 7 Name 0 0 0
1782 1171 119 9 Name 0 0 0
669 1447 65 10 Name 0 0 0
799 102 110 5 Name 0 0 0
509 481 24 9 Name 0 0 0
1757 832 49 5 Name 0 0 0
1562 508 41 6 Name 0 0 0
57 180 47 10 Name 0 0 0
1550 133 9 11 Name 0 0 0
1354 476 54 6 Name 0 0 0
878 705 65 4 Name 0 0 0
1986 747 74 10 Name 0 0 0
275 1012 81 10 Name 0 0 0
865 212 57 11 Name 0 0 0
1790 618 29 7 Name 0 0 0
1092 109 39 7 Name 0 0 0
1500 23 103 9 Name 0 0 0
1990 532 15 7 Name 0 0 0
593 1127 70 5 Name 0 0 0
417 1992 47 5 Name 0 0 0
557 178 110 10 Name 0 0 0
1908 1642 56 7 Name 0 0 0
1663 1055 87 8 Name 0 0 0
1696 106 57 8 Name 0 0 0
1495 349 101 11 Name 0 0 0
119 935 94 11 Name 0 0 0
68 1975 114 8 Name 0 0 0
256 1125 30 11 Name 0 0 0
320 499 92 5 Name 0 0 0
1215 1029 24 11 Name 0 0 0
753 1034 28 4 Name 0 0 0
244 1604 123 10 Name 0 0 0
1376 1304 72 12 Name 0 0 0
1014 1161 37 8 Name 0 0 0
1106 1649 24 5 Name 0 0 0
1616 1087 11 5 Name 0 0 0
1020 1140 111 12 Name 0 0 0
1826 120 64 7 Name 0 0 0
1562 108 35 4 Name 0 0 0
1196 794 78 9 Name 0 0 0
551 1089 64 5 Name 0 0 0
1544 287 89 12 Name 0 0 0
1646 1404 87 5 Name 0 0 0
612 169 100 7 Name 0 0 0
1362 1736 49 9 Name 0 0 0
1030 1648 92 5 Name 0 0 0
292 732 81 6 Name 0 0 0
603 1316 93 5 Name 0 0 0
460 2048 122 11 Name 0 0 0
60 26 52 11 Name 0 0 0
278 1758 76 4 Name 0 0 0
38 274 41 5 Name 0 0 0
1167 1122 28 9 Name 0 0 0
1119 1885 85 7 Name 0 0 0
173 2001 63 9 Name 0 0 0
415 1137 35 6 Name 0 0 0
1125 1439 16 8 Name 0 0 0
1619 1676 12 8 Name 0 0 0
827 573 85 7 Name 0 0 0
1941 693 46 5 Name 0 0 0
1289 2048 29 9 Name 0 0 0
439 52 114 10 Name 0 0 0
397 1356 109 10 Name 0 0 0
813 1001 115 10 Name 0 0 0
77 682 28 5 Name 0 0 0
1445 997 125 11 Name 0 0 0
1302 1672 83 8 Name 0 0 0
1449 242 37 5 Name 0 0 0
417 1425 62 9 Name 0 0 0
2015 1288 64 8 Name 0 0 0
409 512 109 5 Name 0 0 0
1984 766 39 12 Name 0 0 0
979 626 98 10 Name 0 0 0
732 447 43 7 Name 0 0 0
254 1839 111 10 Name 0 0 0
1545 1298 53 9 Name 0 0 0
179 688 48 11 Name 0 0 0
297 559 56 9 Name 0 0 0
413 1086 92 12 Name 0 0 0
464 306 111 4 Name 0 0 0
21 954 34 8 Name 0 0 0
1807 1580 68 7 Name 0 0 0
690 564 121 11 Name 0 0 0
298 1363 113 9 Name 0 0 0
134 214 49 11 Name 0 0 0
1754 380 33 10 Name 0 0 0
1999 1217 101 6 Name 0 0 0
1198 1065 99 12 Name 0 0 0
1020 1084 16 8 Name 0 0 0
1443 1524 23 5 Name 0 0 0
834 1955 31 5 Name 0 0 0
1939 2028 119 5 Name 0 0 0
830 404 29 9 Name 0 0 0
58 1639 15 11 Name 0 0 0
562 1719 64 12 Name 0 0 0
1608 123 49 11 Name 0 0 0
1887 820 26 5 Name 0 0 0
1825 2001 117 5 Name 0 0 0
1725 1462 13 5 Name 0 0 0
1237 43 20 11 Name 0 0 0
1969 1554 124 11 Name 0 0 0
853 1486 40 10 Name 0 0 0
1841 1023 97 8 Name 0 0 0
714 992 23 6 Name 0 0 0
443 1718 48 10 Name 0 0 0
1226 21 78 5 Name 0 0 0
2001 1873 127 6 Name 0 0 0
785 481 35 9 Name 0 0 0
1327 639 12 9 Name 0 0 0
1734 1134 48 11 Name 0 0 0
1959 1723 112 8 Name 0 0 0
1557 563 96 9 Name 0 0 0
717 664 13 8 Name 0 0 0
390 1069 28 10 Name 0 0 0
698 1648 95 9 Name 0 0 0
1964 217 120 7 Name 0 0 0
835 1418 111 8 Name 0 0 0
1069 1475 18 11 Name 0 0 0
1763 1844 16 10 Name 0 0 0
416 1367 100 9 Name 0 0 0
752 738 117 11 Name 0 0 0
854 808 111 10 Name 0 0 0
151 329 92 7 Name 0 0 0
1590 619 99 9 Name 0 0 0
791 1890 115 7 Name 0 0 0
899 908 94 10 Name 0 0 0
1623 1127 80 10 Name 0 0 0
1539 618 85 8 Name 0 0 0
1419 1036 28 11 Name 0 0 0
572 978 119 6 Name 0 0 0
1868 1189 28 6 Name 0 0 0
1336 1654 69 6 Name 0 0 0
531 725 106 9 Name 0 0 0
260 1751 32 9 Name 0 0 0
1441 676 72 9 Name 0 0 0
133 138 113 11 Name 0 0 0
1337 1191 126 10 Name 0 0 0
256 629 79 9 Name 0 0 0
1808 240 77 9 Name 0 0 0
1640 1978 38 8 Name 0 0 0
1308 970 18 6 Name 0 0 0
474 79 42 6 Name 0 0 0
228 136 87 10 Name 0 0 0
671 1462 62 5 Name 0 0 0
472 1123 125 6 Name 0 0 0
199 882 96 6 Name 0 0 0
188 825 96 5 Name 0 0 0
99 190 66 8 Name 0 0 0
58 248 93 5 Name 0 0 0
1506 690 95 5 Name 0 0 0
1519 1650 84 11 Name 0 0 0
1966 392 58 8 Name 0 0 0
324 1422 27 10 Name 0 0 0
697 805 46 9 Name 0 0 0
1763 284 77 8 Name 0 0 0
2016 616 93 11 Name 0 0 0
497 1220 73 9 Name 0 0 0
641 353 28 9 Name 0 0 0
291 1911 39 11 Name 0 0 0
49 2037 98 6 Name 0 0 0
1096 1501 93 5 Name 0 0 0
976 307 27 8 Name 0 0 0
1996 177 33 6 Name 0 0 0
1001 1768 110 7 Name 0 0 0
206 721 76 10 Name 0 0 0
1402 297 21 10 Name 0 0 0
1002 1161 69 10 Name 0 0 0
1114 714 124 5 Name 0 0 0
742 828 90 4 Name 0 0 0
1003 172 46 7 Name 0 0 0
306 1467 30 6 Name 0 0 0
13 1431 91 9 Name 0 0 0
1058 1097 112 7 Name 0 0 0
1435 93 107 8 Name 0 0 0
977 1707 91 11 Name 0 0 0
190 1383 99 10 Name 0 0 0
455 904 38 5 Name 0 0 0
219 444 125 5 Name 0 0 0
1668 598 65 6 Name 0 0 0
683 239 44 10 Name 0 0 0
351 766 14 7 Name 0 0 0
962 651 93 9 Name 0 0 0
102 770 64 7 Name 0 0 0
1765 1815 31 10 Name 0 0 0
892 1182 68 11 Name 0 0 0
1445 755 53 12 Name 0 0 0
125 2038 10 6 Name 0 0 0
1265 1114 71 12 Name 0 0 0
284 2033 66 5 Name 0 0 0
18 1290 57 11 Name 0 0 0
191 68 89 8 Name 0 0 0
1091 1187 9 7 Name 0 0 0
194 1236 37 12 Name 0 0 0
1198 449 125 6 Name 0 0 0
1050 995 56 7 Name 0 0 0
1427 1648 120 11 Name 0 0 0
1034 1642 78 9 Name 0 0 0
299 1864 89 9 Name 0 0 0
1335 1969 9 11 Name 0 0 0
159 887 106 5 Name 0 0 0
111 696 49 9 Name 0 0 0
98 997 45 10 Name 0 0 0
1201 915 32 10 Name 0 0 0
2008 356 87 7 Name 0 0 0
287 1443 25 9 Name 0 0 0
1294 2011 66 6 Name 0 0 0
1733 172 80 9 Name 0 0 0
1180 353 87 4 Name 0 0 0
1123 379 17 7 Name 0 0 0
479 37 123 4 Name 0 0 0
1168 998 97 4 Name 0 0 0
436 901 51 8 Name 0 0 0
1329 1836 62 5 Name 0 0 0
54 830 52 7 Name 0 0 0
1089 563 15 5 Name 0 0 0
680 973 62 5 Name 0 0 0
842 728 125 11 Name 0 0 0
1589 1046 61 10 Name 0 0 0
411 1491 119 6 Name 0 0 0
308 145 56 6 Name 0 0 0
1760 1941 24 8 Name 0 0 0
222 1107 67 12 Name 0 0 0
1454 1391 10 7 Name 0 0 0
250 1001 61 7 Name 0 0 0
1445 442 92 11 Name 0 0 0
520 1676 80 5 Name 0 0 0
123 1402 31 4 Name 0 0 0
941 201 119 8 Name 0 0 0
892 426 123 6 Name 0 0 0
1122 413 8 4 Name 0 0 0
1276 594 29 9 Name 0 0 0
403 631 122 6 Name 0 0 0
57 508 51 6 Name 0 0 0
1171 697 76 5 Name 0 0 0
1223 640 94 9 Name 0 0 0
211 162 39 12 Name 0 0 0
9 917 117 8 Name 0 0 0
1468 1424 105 9 Name 0 0 0
1439 540 54 5 Name 0 0 0
1126 294 45 7 Name 0 0 0
1414 194 83 7 Name 0 0 0
907 1107 17 9 Name 0 0 0
365 1446 46 5 Name 0 0 0
430 189 56 9 Name 0 0 0
704 1975 107 8 Name 0 0 0
717 1556 111 9 Name 0 0 0
808 1435 42 8 Name 0 0 0
1325 1751 93 8 Name 0 0 0
461 1883 42 4 Name 0 0 0
1533 1298 85 6 Name 0 0 0
371 809 13 4 Name 0 0 0
694 1546 19 6 Name 0 0 0
1986 806 119 4 Name 0 0 0
164 1675 28 9 Name 0 0 0
456 19 10 8 Name 0 0 0
336 1639 27 11 Name 0 0 0
750 983 89 6 Name 0 0 0
1158 1629 35 10 Name 0 0 0
415 2003 125 12 Name 0 0 0
1899 1500 81 10 Name 0 0 0
1131 1132 112 4 Name 0 0 0
1058 844 127 6 Name 0 0 0
783 14 9 8 Name 0 0 0
1596 606 89 10 Name 0 0 0
390 1679 77 10 Name 0 0 0
792 1028 98 8 Name 0 0 0
1058 1858 79 9 Name 0 0 0
515 1446 45 9 Name 0 0 0
870 895 57 8 Name 0 0 0
323 1055 16 10 Name 0 0 0
141 533 18 5 Name 0 0 0
1619 580 20 5 Name 0 0 0
345 1744 114 11 Name 0 0 0
563 224 39 7 Name 0 0 0
459 1579 70 5 Name 0 0 0
186 1738 126 11 Name 0 0 0
1526 612 125 9 Name 0 0 0
1465 52 101 10 Name 0 0 0
220 1021 104 8 Name 0 0 0
1351 684 118 9 Name 0 0 0
1548 878 94 11 Name 0 0 0
1932 1353 74 10 Name 0 0 0
1056 422 67 8 Name 0 0 0
777 1644 127 7 Name 0 0 0
1890 1233 10 8 Name 0 0 0
23 347 76 9 Name 0 0 0
1260 108 127 6 Name 0 0 0
29 1687 11 10 Name 0 0 0
267 1703 94 7 Name 0 0 0
1634 410 53 9 Name 0 0 0
1436 1644 25 7 Name 0 0 0
176 9 64 9 Name 0 0 0
1416 1216 18 8 Name 0 0 0
197 1351 120 8 Name 0 0 0
151 1215 109 11 Name 0 0 0
1489 776 39 12 Name 0 0 0
396 1960 33 5 Name 0 0 0
206 258 26 5 Name 0 0 0
307 1183 112 9 Name 0 0 0
2016 1021 28 7 Name 0 0 0
273 278 35 7 Name 0 0 0
1087 297 100 7 Name 0 0 0
1619 1066 85 12 Name 0 0 0
1483 1323 51 9 Name 0 0 0
1544 1206 71 5 Name 0 0 0
1682 1987 87 9 Name 0 0 0
1305 1952 85 10 Name 0 0 0
85 1396 40 9 Name 0 0 0
735 289 34 10 Name 0 0 0
311 1929 20 8 Name 0 0 0
1529 782 103 9 Name 0 0 0
1635 1745 97 6 Name 0 0 0
1472 743 40 7 Name 0 0 0
390 1989 19 10 Name 0 0 0
668 1001 29 9 Name 0 0 0
44 1523 59 11 Name 0 0 0
763 1683 72 11 Name 0 0 0
1555 549 126 10 Name 0 0 0
138 261 53 4 Name 0 0 0
1567 1613 51 4 Name 0 0 0
417 1461 60 12 Name 0 0 0
1068 874 61 7 Name 0 0 0
905 1763 112 5 Name 0 0 0
38 180 115 9 Name 0 0 0
1586 258 64 8 Name 0 0 0
1423 868 26 5 Name 0 0 0
897 1191 109 5 Name 0 0 0
735 271 40 5 Name 0 0 0
684 791 104 7 Name 0 0 0
1068 848 64 8 Name 0 0 0
291 1230 49 9 Name 0 0 0
88 611 87 8 Name 0 0 0
1236 1916 43 5 Name 0 0 0
1968 1121 115 11 Name 0 0 0
399 2045 28 6 Name 0 0 0
727 2015 114 9 Name 0 0 0
1549 1126 74 8 Name 0 0 0
689 193 70 10 Name 0 0 0
1661 182 69 11 Name 0 0 0
1595 1878 15 6 Name 0 0 0
1538 883 95 9 Name 0 0 0
626 1510 74 10 Name 0 0 0
50 592 74 7 Name 0 0 0
6 704 25 6 Name 0 0 0
1584 1011 125 10 Name 0 0 0
1086 1636 107 10 Name 0 0 0
1704 241 111 8 Name 0 0 0
1375 229 21 10 Name 0 0 0
195 1391 47 9 Name 0 0 0
490 997 42 5 Name 0 0 0
1926 423 76 4 Name 0 0 0
1630 1793 74 6 Name 0 0 0
4 1847 9 7 Name 0 0 0
1582 1070 112 7 Name 0 0 0
1201 1060 34 10 Name 0 0 0
1506 1681 84 6 Name 0 0 0
1679 1889 18 5 Name 0 0 0
38 638 59 7 Name 0 0 0
777 1795 72 5 Name 0 0 0
938 944 66 8 Name 0 0 0
445 949 15 6 Name 0 0 0
1626 1904 17 12 Name 0 0 0
644 1564 89 7 Name 0 0 0
23 1743 43 8 Name 0 0 0
1767 277 16 10 Name 0 0 0
718 56 30 7 Name 0 0 0
650 1583 36 7 Name 0 0 0
250 1293 34 11 Name 0 0 0
370 1400 77 9 Name 0 0 0
1759 757 87 12 Name 0 0 0
1901 21 87 10 Name 0 0 0
1673 1502 49 5 Name 0 0 0
1702 1538 9 10 Name 0 0 0
1722 954 102 7 Name 0 0 0
1542 165 124 8 Name 0 0 0
921 582 76 6 Name 0 0 0
324 791 119 12 Name 0 0 0
1583 774 24 10 Name 0 0 0
1931 1618 89 6 Name 0 0 0
502 418 62 4 Name 0 0 0
0 2038 53 5 Name 0 0 0
587 92 105 9 Name 0 0 0
1213 1943 60 9 Name 0 0 0
552 1730 44 8 Name 0 0 0
1396 674 71 10 Name 0 0 0
1246 1812 66 4 Name 0 0 0
719 1336 14 11 Name 0 0 0
1769 986 34 7 Name 0 0 0
881 357 92 11 Name 0 0 0
1554 191 44 7 Name 0 0 0
1106 1259 37 7 Name 0 0 0
452 1537 91 8 Name 0 0 0
1732 122 119 6 Name 0 0 0
369 1864 58 4 Name 0 0 0
625 881 40 8 Name 0 0 0
1444 1949 58 12 Name 0 0 0
1121 183 120 6 Name 0 0 0
269 1421 10 7 Name 0 0 0
340 476 92 10 Name 0 0 0
576 1036 78 10 Name 0 0 0
1849 1615 108 11 Name 0 0 0
1673 1531 104 11 Name 0 0 0
1104 116 60 11 Name 0 0 0
790 559 87 10 Name 0 0 0
1164 926 46 8 Name 0 0 0
1515 1294 70 8 Name 0 0 0
439 985 60 12 Name 0 0 0
33 219 108 11 Name 0 0 0
748 1146 103 7 Name 0 0 0
938 1980 72 10 Name 0 0 0
8 1193 119 5 Name 0 0 0
771 1189 35 10 Name 0 0 0
820 414 44 12 Name 0 0 0
1960 1138 85 11 Name 0 0 0
1861 1825 121 7 Name 0 0 0
524 1939 103 6 Name 0 0 0
1957 182 42 7 Name 0 0 0
138 1462 79 11 Name 0 0 0
1647 1096 124 9 Name 0 0 0
1661 1117 60 9 Name 0 0 0
1815 1682 82 8 Name 0 0 0
338 485 47 4 Name 0 0 0
587 198 10 6 Name 0 0 0
1573 361 9 8 Name 0 0 0
1803 1889 101 11 Name 0 0 0
2024 2005 85 9 Name 0 0 0
813 1686 88 10 Name 0 0 0
1637 1950 16 8 Name 0 0 0
1498 22 37 8 Name 0 0 0
1303 645 27 8 Name 0 0 0
675 1234 64 5 Name 0 0 0
397 1433 20 7 Name 0 0 0
743 787 113 12 Name 0 0 0
1948 1516 96 9 Name 0 0 0
283 1159 34 9 Name 0 0 0
1407 972 80 7 Name 0 0 0
1188 924 31 8 Name 0 0 0
815 1383 41 12 Name 0 0 0
269 1020 61 7 Name 0 0 0
1920 867 112 11 Name 0 0 0
971 1022 107 11 Name 0 0 0
1171 1108 47 12 Name 0 0 0
450 1340 23 7 Name 0 0 0
474 1761 13 11 Name 0 0 0
1166 1118 21 11 Name 0 0 0
1495 1014 91 10 Name 0 0 0
1606 1079 12 9 Name 0 0 0
818 1478 19 11 Name 0 0 0
1863 1270 36 5 Name 0 0 0
1585 1779 128 11 Name 0 0 0
1805 1780 121 11 Name 0 0 0
1787 888 128 11 Name 0 0 0
1616 769 96 6 Name 0 0 0
880 1211 17 11 Name 0 0 0
704 1714 44 11 Name 0 0 0
160 1724 17 6 Name 0 0 0
1566 50 103 5 Name 0 0 0
597 1256 116 8 Name 0 0 0
1598 1477 72 11 Name 0 0 0
717 1158 67 6 Name 0 0 0
190 1680 90 4 Name 0 0 0
1871 914 32 6 Name 0 0 0
1696 915 126 4 Name 0 0 0
1660 448 29 10 Name 0 0 0
925 2000 40 10 Name 0 0 0
1424 703 10 8 Name 0 0 0
1221 1378 96 12 Name 0 0 0
409 332 77 5 Name 0 0 0
1892 1135 65 11 Name 0 0 0
428 1550 128 7 Name 0 0 0
1336 2006 35 6 Name 0 0 0
1472 878 13 9 Name 0 0 0
1600 33 42 7 Name 0 0 0
1247 1190 93 5 Name 0 0 0
2002 1850 38 7 Name 0 0 0
1158 1557 68 6 Name 0 0 0
1602 1330 92 9 Name 0 0 0
840 610 38 11 Name 0 0 0
1084 409 60 11 Name 0 0 0
99 968 20 8 Name 0 0 0
94 901 92 8 Name 0 0 0
1343 490 66 4 Name 0 0 0
204 991 120 11 Name 0 0 0
1148 1222 97 11 Name 0 0 0
1365 1757 61 10 Name 0 0 0
110 1369 106 5 Name 0 0 0
1361 894 48 4 Name 0 0 0
1572 1686 76 6 Name 0 0 0
1620 232 98 8 Name 0 0 0
363 1546 45 9 Name 0 0 0
117 1282 39 4 Name 0 0 0
601 1167 48 7 Name 0 0 0
425 1558 41 11 Name 0 0 0
1521 727 117 7 Name 0 0 0
228 23 112 9 Name 0 0 0
965 1438 63 12 Name 0 0 0
1935 1247 112 10 Name 0 0 0
489 887 108 9 Name 0 0 0
105 1431 29 9 Name 0 0 0
1734 375 111 9 Name 0 0 0
809 1828 86 4 Name 0 0 0
553 477 74 10 Name 0 0 0
1442 2011 114 10 Name 0 0 0
1827 631 48 4 Name 0 0 0
984 934 44 4 Name 0 0 0
483 872 90 11 Name 0 0 0
1025 1739 66 7 Name 0 0 0
1613 560 110 6 Name 0 0 0
1799 438 59 8 Name 0 0 0
864 67 100 11 Name 0 0 0
1728 974 62 6 Name 0 0 0
800 1041 51 12 Name 0 0 0
537 1891 61 9 Name 0 0 0
998 727 59 9 Name 0 0 0
1433 1978 88 11 Name 0 0 0
577 302 58 6 Name 0 0 0
905 1651 65 9 Name 0 0 0
257 1928 77 10 Name 0 0 0
1002 95 109 7 Name 0 0 0
773 1568 44 5 Name 0 0 0
1807 864 85 6 Name 0 0 0
1590 846 110 11 Name 0 0 0
870 1550 107 9 Name 0 0 0
703 1733 72 11 Name 0 0 0
1522 456 107 9 Name 0 0 0
1806 1173 10 6 Name 0 0 0
1362 673 68 4 Name 0 0 0
1792 624 93 5 Name 0 0 0
1418 932 37 8 Name 0 0 0
709 983 49 8 Name 0 0 0
428 474 29 10 Name 0 0 0
789 1233 57 10 Name 0 0 0
728 1998 43 8 Name 0 0 0
1199 788 98 7 Name 0 0 0
1787 1263 86 4 Name 0 0 0
1120 528 96 5 Name 0 0 0
218 1102 37 5 Name 0 0 0
1767 1174 35 12 Name 0 0 0
1884 176 61 7 Name 0 0 0
1329 795 80 9 Name 0 0 0
1663 334 28 9 Name 0 0 0
1047 71 87 12 Name 0 0 0
2044 1343 35 11 Name 0 0 0
42 1708 70 10 Name 0 0 0
1726 352 108 8 Name 0 0 0
538 1787 35 7 Name 0 0 0
1642 1641 119 9 Name 0 0 0
328 470 71 4 Name 0 0 0
1386 685 39 8 Name 0 0 0
1966 1720 20 8 Name 0 0 0
998 1473 119 11 Name 0 0 0
548 1997 99 10 Name 0 0 0
1806 281 120 11 Name 0 0 0
1591 1554 10 10 Name 0 0 0
84 1452 42 7 Name 0 0 0
832 1971 23 10 Name 0 0 0
650 704 95 7 Name 0 0 0
1365 87 50 10 Name 0 0 0
392 1019 68 7 Name 0 0 0
384 1374 100 5 Name 0 0 0
1638 264 58 7 Name 0 0 0
1187 328 44 9 Name 0 0 0
246 739 55 10 Name 0 0 0
1314 440 41 8 Name 0 0 0
697 1922 119 10 Name 0 0 0
322 52 123 7 Name 0 0 0
1922 1809 111 10 Name 0 0 0
360 1784 106 4 Name 0 0 0
1435 369 19 10 Name 0 0 0
1462 1921 122 9 Name 0 0 0
1096 770 66 5 Name 0 0 0
1197 539 60 9 Name 0 0 0
960 1914 110 8 Name 0 0 0
1321 90 17 8 Name 0 0 0
1937 302 118 9 Name 0 0 0
1922 972 76 4 Name 0 0 0
1450 826 102 7 Name 0 0 0
700 561 42 11 Name 0 0 0
88 288 77 10 Name 0 0 0
1352 578 53 9 Name 0 0 0
870 1206 83 7 Name 0 0 0
741 1219 48 6 Name 0 0 0
299 887 35 9 Name 0 0 0
1826 260 49 11 Name 0 0 0
2024 1322 20 7 Name 0 0 0
1352 246 107 5 Name 0 0 0
858 447 123 4 Name 0 0 0
1445 1365 81 9 Name 0 0 0
1140 844 117 5 Name 0 0 0
2026 385 99 7 Name 0 0 0
1410 511 62 6 Name 0 0 0
1550 801 52 6 Name 0 0 0
100 1589 101 12 Name 0 0 0
1906 1016 95 5 Name 0 0 0
1473 265 66 7 Name 0 0 0
1054 1088 86 8 Name 0 0 0
1208 741 111 9 Name 0 0 0
563 1306 34 10 Name 0 0 0
2011 1103 108 11 Name 0 0 0
1655 471 29 6 Name 0 0 0
1580 1083 76 6 Name 0 0 0
605 454 50 10 Name 0 0 0
988 1067 10 11 Name 0 0 0
917 941 88 8 Name 0 0 0
1587 1995 14 4 Name 0 0 0
747 841 83 7 Name 0 0 0
554 282 45 10 Name 0 0 0
1932 1247 92 7 Name 0 0 0
1062 1317 96 8 Name 0 0 0
1201 1648 101 7 Name 0 0 0
103 1527 102 11 Name 0 0 0
1101 703 118 5 Name 0 0 0
1544 222 74 8 Name 0 0 0
947 420 69 6 Name 0 0 0
1802 1975 30 10 Name 0 0 0
2009 1666 122 5 Name 0 0 0
1643 830 24 7 Name 0 0 0
637 1190 63 12 Name 0 0 0
1551 1934 126 10 Name 0 0 0
260 1439 71 6 Name 0 0 0
964 1515 69 12 Name 0 0 0
1085 7 121 7 Name 0 0 0
1165 854 27 7 Name 0 0 0
104 544 9 5 Name 0 0 0
776 1577 51 10 Name 0 0 0
1884 1985 61 6 Name 0 0 0
1817 627 123 5 Name 0 0 0
58 1092 50 5 Name 0 0 0
599 106 60 6 Name 0 0 0
1457 1424 34 5 Name 0 0 0
1007 1406 43 11 Name 0 0 0
861 1822 38 9 Name 0 0 0
1131 1943 55 5 Name 0 0 0
48 397 49 9 Name 0 0 0
1728 465 57 9 Name 0 0 0
1263 1138 26 10 Name 0 0 0
1127 732 79 8 Name 0 0 0
1108 549 78 8 Name 0 0 0
1771 1769 32 9 Name 0 0 0
923 703 117 12 Name 0 0 0
293 1330 127 7 Name 0 0 0
1056 204 38 8 Name 0 0 0
864 557 59 6 Name 0 0 0
1147 550 75 6 Name 0 0 0
1813 946 74 11 Name 0 0 0
1836 1189 22 7 Name 0 0 0
1364 1273 75 6 Name 0 0 0
1188 715 53 9 Name 0 0 0
423 1844 54 12 Name 0 0 0
1880 2028 38 4 Name 0 0 0
719 1249 102 5 Name 0 0 0
113 1675 92 5 Name 0 0 0
1575 1332 96 9 Name 0 0 0
1086 753 50 9 Name 0 0 0
1425 285 57 9 Name 0 0 0
2042 1910 35 4 Name 0 0 0
944 1164 59 11 Name 0 0 0
628 1225 108 7 Name 0 0 0
5 1149 33 12 Name 0 0 0
1333 1030 109 11 Name 0 0 0
1735 1756 11 6 Name 0 0 0
1238 669 116 6 Name 0 0 0
1280 765 125 12 Name 0 0 0
2046 1322 51 11 Name 0 0 0
753 1345 102 9 Name 0 0 0
1683 266 111 8 Name 0 0 0
495 1476 75 10 Name 0 0 0
217 1670 67 4 Name 0 0 0
411 265 103 5 Name 0 0 0
559 185 88 12 Name 0 0 0
1939 1924 25 10 Name 0 0 0
616 1984 17 6 Name 0 0 0
1739 688 68 11 Name 0 0 0
1754 1521 108 9 Name 0 0 0
1091 413 30 5 Name 0 0 0
532 1949 96 5 Name 0 0 0
1684 1855 78 4 Name 0 0 0
1287 61 49 9 Name 0 0 0
556 1029 38 9 Name 0 0 0
1698 652 21 8 Name 0 0 0
736 1506 40 6 Name 0 0 0
169 1858 52 4 Name 0 0 0
1660 1413 127 5 Name 0 0 0
966 1994 106 9 Name 0 0 0
1351 194 64 6 Name 0 0 0
1825 1821 113 4 Name 0 0 0
1548 1661 99 12 Name 0 0 0
581 1307 59 4 Name 0 0 0
665 859 87 6 Name 0 0 0
1965 949 19 4 Name 0 0 0
1248 1584 107 10 Name 0 0 0
1615 1902 18 6 Name 0 0 0
284 1489 42 4 Name 0 0 0
452 234 70 10 Name 0 0 0
1573 1437 116 10 Name 0 0 0
1643 1727 97 8 Name 0 0 0
1044 433 126 6 Name 0 0 0
1112 488 8 12 Name 0 0 0
596 1794 22 4 Name 0 0 0
1823 2026 27 11 Name 0 0 0
394 1277 109 6 Name 0 0 0
713 1599 65 8 Name 0 0 0
1690 1402 45 5 Name 0 0 0
484 85 16 8 Name 0 0 0
914 1025 46 12 Name 0 0 0
2016 1756 12 8 Name 0 0 0
459 153 11 4 Name 0 0 0
416 1032 52 5 Name 0 0 0
640 425 41 9 Name 0 0 0
156 617 76 8 Name 0 0 0
1674 2040 118 5 Name 0 0 0
1175 916 78 6 Name 0 0 0
1699 54 10 11 Name 0 0 0
1701 786 111 6 Name 0 0 0
441 1594 35 7 Name 0 0 0
369 1114 126 11 Name 0 0 0
992 348 27 8 Name 0 0 0
1230 710 111 7 Name 0 0 0
742 893 76 6 Name 0 0 0
453 1641 17 9 Name 0 0 0
548 1913 118 7 Name 0 0 0
777 468 58 5 Name 0 0 0
439 1770 80 6 Name 0 0 0
1610 869 28 12 Name 0 0 0
1030 1080 64 7 Name 0 0 0
1887 355 65 7 Name 0 0 0
1790 390 114 4 Name 0 0 0
1182 2027 90 11 Name 0 0 0
642 2024 34 4 Name 0 0 0
1371 505 50 9 Name 0 0 0
1761 1851 103 8 Name 0 0 0
1301 1993 31 9 Name 0 0 0
387 265 17 7 Name 0 0 0
943 1748 128 4 Name 0 0 0
826 918 38 8 Name 0 0 0
1259 669 16 6 Name 0 0 0
1997 1503 105 12 Name 0 0 0
326 1234 76 4 Name 0 0 0
1921 1828 96 11 Name 0 0 0
1544 430 117 11 Name 0 0 0
1875 84 77 6 Name 0 0 0
1479 1323 33 7 Name 0 0 0
273 733 54 6 Name 0 0 0
869 578 33 9 Name 0 0 0
126 1084 42 5 Name 0 0 0
991 198 117 8 Name 0 0 0
768 1834 107 9 Name 0 0 0
1199 1941 14 5 Name 0 0 0
1519 788 128 8 Name 0 0 0
1194 557 96 8 Name 0 0 0
662 250 21 9 Name 0 0 0
1603 1718 42 12 Name 0 0 0
1335 972 50 8 Name 0 0 0
563 436 121 12 Name 0 0 0
1360 1786 48 5 Name 0 0 0
612 1821 114 9 Name 0 0 0
534 806 46 4 Name 0 0 0
252 376 75 11 Name 0 0 0
408 625 127 11 Name 0 0 0
1092 282 23 8 Name 0 0 0
380 178 19 5 Name 0 0 0
1540 1075 17 11 Name 0 0 0
1900 1697 120 10 Name 0 0 0
1387 579 73 8 Name 0 0 0
374 1898 35 5 Name 0 0 0
1832 647 57 8 Name 0 0 0
1380 1237 96 4 Name 0 0 0
491 1644 125 7 Name 0 0 0
1547 34 49 10 Name 0 0 0
906 847 119 12 Name 0 0 0
1878 1997 45 7 Name 0 0 0
242 1174 36 7 Name 0 0 0
816 1664 19 5 Name 0 0 0
426 1712 118 11 Name 0 0 0
168 510 118 10 Name 0 0 0
1553 2022 77 11 Name 0 0 0
1667 380 112 8 Name 0 0 0
1922 273 65 7 Name 0 0 0
1459 1467 77 4 Name 0 0 0
1810 1023 63 8 Name 0 0 0
996 1503 36 5 Name 0 0 0
1431 2026 94 11 Name 0 0 0
1085 85 85 10 Name 0 0 0
1365 591 23 5 Name 0 0 0
1842 181 120 5 Name 0 0 0
869 1887 75 9 Name 0 0 0
670 401 10 9 Name 0 0 0
717 1576 23 12 Name 0 0 0
1867 884 119 5 Name 0 0 0
1222 1055 65 9 Name 0 0 0
744 765 88 7 Name 0 0 0
506 140 19 9 Name 0 0 0
230 554 8 6 Name 0 0 0
776 1612 81 10 Name 0 0 0
1604 976 127 8 Name 0 0 0
1377 3 123 4 Name 0 0 0
308 2021 126 9 Name 0 0 0
916 15 109 6 Name 0 0 0
1900 1035 103 6 Name 0 0 0
1978 1590 35 7 Name 0 0 0
1789 900 57 4 Name 0 0 0
1499 1036 81 8 Name 0 0 0
1274 1387 38 11 Name 0 0 0
2026 1438 58 11 Name 0 0 0
912 1085 73 4 Name 0 0 0
1250 1450 77 11 Name 0 0 0
1318 2009 114 7 Name 0 0 0
861 1205 65 6 Name 0 0 0
1931 1797 113 8 Name 0 0 0
734 1948 127 7 Name 0 0 0
1142 1157 79 5 Name 0 0 0
1080 1966 84 8 Name 0 0 0
1684 350 108 5 Name 0 0 0
18 1196 121 7 Name 0 0 0
2032 890 79 6 Name 0 0 0
181 1130 12 9 Name 0 0 0
1881 1247 65 9 Name 0 0 0
1364 1780 21 11 Name 0 0 0
1917 1516 104 5 Name 0 0 0
1691 1898 62 12 Name 0 0 0
133 206 58 10 Name 0 0 0
194 1712 78 7 Name 0 0 0
477 248 17 11 Name 0 0 0
1228 998 36 11 Name 0 0 0
1689 53 52 5 Name 0 0 0
644 909 24 11 Name 0 0 0
873 2035 85 4 Name 0 0 0
228 19 120 8 Name 0 0 0
57 875 8 8 Name 0 0 0
556 1989 126 10 Name 0 0 0
1843 339 31 12 Name 0 0 0
194 1635 20 10 Name 0 0 0
1644 52 37 8 Name 0 0 0
895 1378 29 6 Name 0 0 0
1574 1625 64 6 Name 0 0 0
1527 709 118 6 Name 0 0 0
1217 233 27 6 Name 0 0 0
697 1309 57 10 Name 0 0 0
872 3 107 4 Name 0 0 0
1705 1600 31 12 Name 0 0 0
899 1034 16 10 Name 0 0 0
109 1160 128 5 Name 0 0 0
32 400 99 7 Name 0 0 0
1388 874 108 9 Name 0 0 0
544 1383 59 11 Name 0 0 0
684 1924 27 10 Name 0 0 0
723 88 25 8 Name 0 0 0
445 345 103 11 Name 0 0 0
218 1008 122 8 Name 0 0 0
11 37 56 10 Name 0 0 0
1786 2025 30 4 Name 0 0 0
1544 187 17 8 Name 0 0 0
1259 1714 18 6 Name 0 0 0
1658 1783 119 6 Name 0 0 0
405 1351 86 4 Name 0 0 0
334 586 125 5 Name 0 0 0
1609 1175 88 7 Name 0 0 0
740 1445 92 5 Name 0 0 0
597 219 108 7 Name 0 0 0
1899 1745 24 8 Name 0 0 0
535 1759 10 6 Name 0 0 0
1056 1500 82 8 Name 0 0 0
902 984 117 10 Name 0 0 0
1836 1304 50 11 Name 0 0 0
1439 1204 117 7 Name 0 0 0
99 1663 81 10 Name 0 0 0
154 1563 51 11 Name 0 0 0
816 1944 107 7 Name 0 0 0
884 1372 37 7 Name 0 0 0
1609 1263 15 7 Name 0 0 0
1191 158 111 9 Name 0 0 0
1094 240 65 11 Name 0 0 0
1202 717 101 9 Name 0 0 0
1769 737 53 9 Name 0 0 0
1800 1700 76 11 Name 0 0 0
224 2020 74 8 Name 0 0 0
6 1081 35 6 Name 0 0 0
1965 1937 128 11 Name 0 0 0
1035 605 71 7 Name 0 0 0
362 263 68 10 Name 0 0 0
1966 1259 103 9 Name 0 0 0
1195 1224 109 7 Name 0 0 0
759 1153 58 7 Name 0 0 0
305 1247 72 10 Name 0 0 0
652 528 36 10 Name 0 0 0
662 1329 70 8 Name 0 0 0
1508 1110 99 10 Name 0 0 0
1888 1608 118 11 Name 0 0 0
976 147 113 7 Name 0 0 0
1888 1973 43 7 Name 0 0 0
1780 430 92 8 Name 0 0 0
832 1097 108 6 Name 0 0 0
175 1888 69 10 Name 0 0 0
1506 404 78 6 Name 0 0 0
1318 1323 46 12 Name 0 0 0
1807 736 100 8 Name 0 0 0
1123 685 61 12 Name 0 0 0
44 1461 23 8 Name 0 0 0
1146 859 47 4 Name 0 0 0
83 1865 65 10 Name 0 0 0
179 2013 72 5 Name 0 0 0
1777 1376 120 12 Name 0 0 0
1636 1546 109 4 Name 0 0 0
1647 1952 105 5 Name 0 0 0
828 365 81 11 Name 0 0 0
1583 4 93 7 Name 0 0 0
1983 1158 81 11 Name 0 0 0
895 179 124 8 Name 0 0 0
1593 222 21 7 Name 0 0 0
877 186 42 7 Name 0 0 0
279 1506 59 4 Name 0 0 0
134 281 116 9 Name 0 0 0
1352 1790 89 9 Name 0 0 0
1408 1993 96 5 Name 0 0 0
295 1842 82 4 Name 0 0 0
2018 692 74 10 Name 0 0 0
384 1577 110 5 Name 0 0 0
1138 884 50 9 Name 0 0 0
962 243 12 8 Name 0 0 0
657 634 61 4 Name 0 0 0
1348 445 112 4 Name 0 0 0
531 1934 37 6 Name 0 0 0
890 893 39 10 Name 0 0 0
755 1681 59 9 Name 0 0 0
606 1968 61 7 Name 0 0 0
674 1903 97 10 Name 0 0 0
538 1940 83 10 Name 0 0 0
1006 1083 16 11 Name 0 0 0
323 1667 44 7 Name 0 0 0
1153 255 76 8 Name 0 0 0
843 813 15 5 Name 0 0 0
113 1694 40 11 Name 0 0 0
1045 334 30 9 Name 0 0 0
1279 222 116 9 Name 0 0 0
1229 791 116 5 Name 0 0 0
1362 1598 13 7 Name 0 0 0
906 1203 79 10 Name 0 0 0
941 343 83 8 Name 0 0 0
308 314 70 7 Name 0 0 0
1335 749 104 7 Name 0 0 0
1265 794 102 6 Name 0 0 0
1065 1930 121 7 Name 0 0 0
1312 934 119 7 Name 0 0 0
1112 1580 113 7 Name 0 0 0
272 1159 52 5 Name 0 0 0
1359 1137 70 4 Name 0 0 0
1720 977 52 7 Name 0 0 0
1360 312 100 10 Name 0 0 0
1423 2043 92 5 Name 0 0 0
1441 388 112 11 Name 0 0 0
880 357 50 6 Name 0 0 0
205 744 78 9 Name 0 0 0
929 1259 88 4 Name 0 0 0
177 1391 108 5 Name 0 0 0
1917 1720 34 7 Name 0 0 0
535 707 70 11 Name 0 0 0
1594 1112 60 10 Name 0 0 0
128 1455 64 8 Name 0 0 0
378 257 85 5 Name 0 0 0
498 169 83 8 Name 0 0 0
1583 117 38 8 Name 0 0 0
161 1459 71 8 Name 0 0 0
1656 804 25 7 Name 0 0 0
1593 336 22 5 Name 0 0 0
2022 1655 19 9 Name 0 0 0
1215 706 115 6 Name 0 0 0
1021 776 35 8 Name 0 0 0
1456 486 125 5 Name 0 0 0
860 1343 43 6 Name 0 0 0
517 41 22 11 Name 0 0 0
x-Min=0
x-Max=2048
y-Min=0
y-Max=2048
min label height=4.0
max label height=12.0
min label width=8.0
max label width=128
