1024
1031 810 20 9 Name 0 0 0
1097 1893 242 9 Name 0 0 0
1519 1835 239 9 Name 0 0 0
1034 1322 230 8 Name 0 0 0
1733 571 211 5 Name 0 0 0
1750 1281 131 10 Name 0 0 0
295 917 61 9 Name 0 0 0
242 305 21 10 Name 0 0 0
1594 993 190 8 Name 0 0 0
271 1924 144 9 Name 0 0 0
1682 436 103 5 Name 0 0 0
812 1595 172 10 Name 0 0 0
974 830 95 7 Name 0 0 0
137 144 195 9 Name 0 0 0
1148 1026 236 9 Name 0 0 0
119 1353 204 6 Name 0 0 0
996 526 68 8 Name 0 0 0
653 1449 165 9 Name 0 0 0
1903 110 83 5 Name 0 0 0
1601 165 219 5 Name 0 0 0
427 923 96 11 Name 0 0 0
207 1629 52 10 Name 0 0 0
1506 1829 189 5 Name 0 0 0
682 984 198 11 Name 0 0 0
1837 1514 23 8 Name 0 0 0
1951 754 97 5 Name 0 0 0
1473 960 254 7 Name 0 0 0
1996 1208 171 8 Name 0 0 0
1276 680 187 10 Name 0 0 0
1670 564 240 10 Name 0 0 0
126 1274 237 8 Name 0 0 0
521 2004 121 10 Name 0 0 0
615 139 143 9 Name 0 0 0
930 1938 83 6 Name 0 0 0
528 1880 215 8 Name 0 0 0
387 1805 238 9 Name 0 0 0
1964 1591 102 5 Name 0 0 0
1723 1495 128 10 Name 0 0 0
1139 641 15 7 Name 0 0 0
883 1573 254 7 Name 0 0 0
851 1439 65 8 Name 0 0 0
1090 127 44 7 Name 0 0 0
247 1484 28 7 Name 0 0 0
476 1851 193 12 Name 0 0 0
1101 1211 163 5 Name 0 0 0
151 1392 216 11 Name 0 0 0
859 712 148 11 Name 0 0 0
1245 90 187 11 Name 0 0 0
108 998 102 10 Name 0 0 0
1879 354 188 9 Name 0 0 0
1024 280 148 11 Name 0 0 0
1825 1511 239 10 Name 0 0 0
1329 763 17 7 Name 0 0 0
197 880 148 11 Name 0 0 0
1924 1344 120 6 Name 0 0 0
1014 1967 167 9 Name 0 0 0
251 618 189 12 Name 0 0 0
1148 1187 81 9 Name 0 0 0
660 842 45 12 Name 0 0 0
688 1402 242 7 Name 0 0 0
458 1371 161 7 Name 0 0 0
2036 486 226 11 Name 0 0 0
1109 133 190 10 Name 0 0 0
1540 785 187 5 Name 0 0 0
1313 628 242 10 Name 0 0 0
1955 1788 196 8 Name 0 0 0
1 419 117 4 Name 0 0 0
217 299 136 10 Name 0 0 0
92 1341 246 10 Name 0 0 0
1475 2000 92 6 Name 0 0 0
1674 1828 130 11 Name 0 0 0
703 1056 253 12 Name 0 0 0
1819 1004 87 11 Name 0 0 0
1441 1612 119 6 Name 0 0 0
1020 781 100 6 Name 0 0 0
309 113 83 9 Name 0 0 0
2017 169 61 9 Name 0 0 0
552 173 25 11 Name 0 0 0
1717 2048 24 7 Name 0 0 0
1932 1979 130 9 Name 0 0 0
464 1676 211 10 Name 0 0 0
1162 1279 113 10 Name 0 0 0
1354 888 228 8 Name 0 0 0
273 1520 240 11 Name 0 0 0
99 1672 42 10 Name 0 0 0
450 611 151 4 Name 0 0 0
1002 912 94 7 Name 0 0 0
2009 804 98 8 Name 0 0 0
1151 855 48 9 Name 0 0 0
484 1017 95 6 Name 0 0 0
1516 1579 232 9 Name 0 0 0
672 1607 101 5 Name 0 0 0
1591 1055 240 9 Name 0 0 0
1654 1606 195 5 Name 0 0 0
1096 1059 138 11 Name 0 0 0
1839 907 237 10 Name 0 0 0
1611 660 215 11 Name 0 0 0
135 332 194 10 Name 0 0 0
796 1708 196 4 Name 0 0 0
1162 193 31 5 Name 0 0 0
1946 371 42 9 Name 0 0 0
334 564 141 4 Name 0 0 0
1030 1851 55 10 Name 0 0 0
851 1134 177 11 Name 0 0 0
524 615 150 10 Name 0 0 0
1013 1855 234 9 Name 0 0 0
1369 932 219 7 Name 0 0 0
404 1299 253 9 Name 0 0 0
1895 1653 194 6 Name 0 0 0
761 1241 39 12 Name 0 0 0
1500 1919 158 11 Name 0 0 0
556 943 232 8 Name 0 0 0
1965 333 148 4 Name 0 0 0
581 683 248 9 Name 0 0 0
253 1379 218 9 Name 0 0 0
130 1760 71 5 Name 0 0 0
820 986 197 8 Name 0 0 0
1229 814 128 5 Name 0 0 0
929 1488 142 12 Name 0 0 0
554 589 16 10 Name 0 0 0
2038 320 181 11 Name 0 0 0
1361 434 79 6 Name 0 0 0
758 150 27 10 Name 0 0 0
838 1557 28 7 Name 0 0 0
993 176 173 6 Name 0 0 0
1399 820 148 5 Name 0 0 0
1934 696 207 8 Name 0 0 0
1193 590 210 11 Name 0 0 0
1666 1797 214 10 Name 0 0 0
1852 1559 129 10 Name 0 0 0
1662 2001 80 8 Name 0 0 0
78 779 230 9 Name 0 0 0
829 1404 253 9 Name 0 0 0
1463 648 147 11 Name 0 0 0
1144 2041 159 8 Name 0 0 0
1193 1288 14 5 Name 0 0 0
319 262 11 11 Name 0 0 0
1491 1151 76 10 Name 0 0 0
986 1470 138 5 Name 0 0 0
1155 458 174 12 Name 0 0 0
94 915 91 9 Name 0 0 0
580 1995 181 6 Name 0 0 0
1210 1571 96 12 Name 0 0 0
1292 1604 53 6 Name 0 0 0
2042 25 200 7 Name 0 0 0
852 252 236 11 Name 0 0 0
605 2044 13 7 Name 0 0 0
942 2043 111 10 Name 0 0 0
1491 1695 68 6 Name 0 0 0
1579 112 37 11 Name 0 0 0
995 1689 127 6 Name 0 0 0
1611 664 199 12 Name 0 0 0
1063 810 171 8 Name 0 0 0
925 1210 17 6 Name 0 0 0
729 874 140 7 Name 0 0 0
1432 1695 17 10 Name 0 0 0
166 537 255 6 Name 0 0 0
368 954 207 11 Name 0 0 0
781 1429 176 6 Name 0 0 0
1425 69 247 11 Name 0 0 0
1453 943 253 10 Name 0 0 0
414 1948 46 12 Name 0 0 0
1297 1171 55 7 Name 0 0 0
1351 108 218 5 Name 0 0 0
1792 1970 95 12 Name 0 0 0
448 1565 86 5 Name 0 0 0
1689 1919 208 12 Name 0 0 0
238 526 146 11 Name 0 0 0
970 357 188 9 Name 0 0 0
168 1298 78 7 Name 0 0 0
1640 1801 143 8 Name 0 0 0
1468 556 147 11 Name 0 0 0
1464 1517 246 10 Name 0 0 0
896 1705 97 6 Name 0 0 0
391 1029 88 10 Name 0 0 0
603 1516 67 9 Name 0 0 0
1936 1808 173 5 Name 0 0 0
1232 1507 127 10 Name 0 0 0
568 637 135 5 Name 0 0 0
427 489 215 11 Name 0 0 0
21 1754 51 6 Name 0 0 0
1615 870 158 10 Name 0 0 0
658 466 31 11 Name 0 0 0
170 475 103 5 Name 0 0 0
1614 1953 104 11 Name 0 0 0
1021 597 105 6 Name 0 0 0
1928 1421 16 7 Name 0 0 0
1520 2020 110 5 Name 0 0 0
1032 613 27 11 Name 0 0 0
2007 221 64 9 Name 0 0 0
832 1638 16 7 Name 0 0 0
1855 1528 181 7 Name 0 0 0
433 577 206 8 Name 0 0 0
605 1295 107 7 Name 0 0 0
828 2022 95 8 Name 0 0 0
941 1658 112 7 Name 0 0 0
1162 1000 181 9 Name 0 0 0
646 2017 49 10 Name 0 0 0
1270 394 234 6 Name 0 0 0
709 1749 128 8 Name 0 0 0
1944 702 82 8 Name 0 0 0
1839 1316 140 5 Name 0 0 0
1426 834 72 7 Name 0 0 0
610 2031 135 8 Name 0 0 0
800 36 85 6 Name 0 0 0
808 825 253 6 Name 0 0 0
199 1026 143 6 Name 0 0 0
1153 1836 97 4 Name 0 0 0
1503 937 43 5 Name 0 0 0
1086 1946 251 11 Name 0 0 0
812 1158 181 12 Name 0 0 0
538 429 58 11 Name 0 0 0
1839 1510 129 7 Name 0 0 0
256 242 227 6 Name 0 0 0
673 506 172 6 Name 0 0 0
902 431 195 8 Name 0 0 0
328 2015 184 6 Name 0 0 0
1701 1957 155 7 Name 0 0 0
272 1151 28 10 Name 0 0 0
563 778 124 12 Name 0 0 0
1714 1357 187 4 Name 0 0 0
1936 1642 168 6 Name 0 0 0
706 1250 136 12 Name 0 0 0
1633 550 139 12 Name 0 0 0
892 540 135 5 Name 0 0 0
1932 1462 76 9 Name 0 0 0
1457 1530 99 11 Name 0 0 0
1949 644 72 6 Name 0 0 0
784 151 57 6 Name 0 0 0
1373 496 255 7 Name 0 0 0
389 628 184 10 Name 0 0 0
313 1259 202 9 Name 0 0 0
225 1992 49 11 Name 0 0 0
1231 268 235 10 Name 0 0 0
1140 1369 46 4 Name 0 0 0
215 51 99 9 Name 0 0 0
1223 917 166 5 Name 0 0 0
1312 1724 222 10 Name 0 0 0
162 64 240 11 Name 0 0 0
94 1185 91 7 Name 0 0 0
1981 168 10 7 Name 0 0 0
1970 591 17 7 Name 0 0 0
862 908 134 4 Name 0 0 0
50 1787 76 6 Name 0 0 0
1943 1094 137 7 Name 0 0 0
1277 772 104 6 Name 0 0 0
1534 572 39 9 Name 0 0 0
596 1604 214 7 Name 0 0 0
620 442 54 11 Name 0 0 0
984 297 212 5 Name 0 0 0
935 126 180 4 Name 0 0 0
1122 44 138 4 Name 0 0 0
275 64 188 10 Name 0 0 0
1923 1188 122 10 Name 0 0 0
469 1612 194 11 Name 0 0 0
1946 2048 157 5 Name 0 0 0
493 813 192 10 Name 0 0 0
263 1775 14 5 Name 0 0 0
1871 1629 92 8 Name 0 0 0
1427 571 183 10 Name 0 0 0
2027 47 159 11 Name 0 0 0
311 241 128 4 Name 0 0 0
877 646 19 9 Name 0 0 0
374 1637 77 10 Name 0 0 0
1635 1188 203 11 Name 0 0 0
1046 658 155 11 Name 0 0 0
436 1273 221 12 Name 0 0 0
828 244 27 6 Name 0 0 0
1565 490 200 6 Name 0 0 0
625 1911 228 4 Name 0 0 0
1445 1242 107 12 Name 0 0 0
1297 68 74 4 Name 0 0 0
1443 1098 155 5 Name 0 0 0
774 1960 174 10 Name 0 0 0
1016 1168 194 5 Name 0 0 0
41 51 143 5 Name 0 0 0
305 1716 85 6 Name 0 0 0
1277 325 132 12 Name 0 0 0
333 1391 197 10 Name 0 0 0
669 74 177 12 Name 0 0 0
1521 222 85 5 Name 0 0 0
734 884 106 9 Name 0 0 0
1830 980 237 6 Name 0 0 0
1758 1930 83 8 Name 0 0 0
503 760 112 11 Name 0 0 0
2012 173 124 7 Name 0 0 0
1487 1783 191 9 Name 0 0 0
455 787 144 7 Name 0 0 0
555 1856 162 9 Name 0 0 0
497 757 154 10 Name 0 0 0
1399 1293 118 11 Name 0 0 0
412 1366 94 11 Name 0 0 0
187 1671 72 5 Name 0 0 0
1090 1349 24 8 Name 0 0 0
831 1826 88 9 Name 0 0 0
805 774 174 7 Name 0 0 0
1442 393 13 12 Name 0 0 0
34 1441 97 6 Name 0 0 0
1012 1835 108 10 Name 0 0 0
1049 106 14 11 Name 0 0 0
1652 1984 231 11 Name 0 0 0
1595 1343 86 11 Name 0 0 0
2023 1251 127 7 Name 0 0 0
946 546 190 8 Name 0 0 0
1898 1904 116 5 Name 0 0 0
1106 1000 54 10 Name 0 0 0
1364 1636 17 7 Name 0 0 0
501 370 138 10 Name 0 0 0
2029 172 253 4 Name 0 0 0
1657 1060 121 8 Name 0 0 0
2046 150 36 10 Name 0 0 0
1343 1457 222 11 Name 0 0 0
1320 605 27 7 Name 0 0 0
445 457 23 6 Name 0 0 0
700 1077 80 5 Name 0 0 0
1260 941 80 11 Name 0 0 0
1521 27 100 7 Name 0 0 0
654 387 117 6 Name 0 0 0
1371 634 99 11 Name 0 0 0
1027 1705 160 10 Name 0 0 0
490 1586 155 6 Name 0 0 0
1360 1614 187 9 Name 0 0 0
308 1388 176 8 Name 0 0 0
3 1178 138 6 Name 0 0 0
1607 1991 190 6 Name 0 0 0
575 1267 10 12 Name 0 0 0
1657 1884 238 11 Name 0 0 0
96 326 90 10 Name 0 0 0
1887 89 228 6 Name 0 0 0
1711 1990 149 7 Name 0 0 0
592 1397 233 9 Name 0 0 0
1033 1881 195 5 Name 0 0 0
287 14 62 5 Name 0 0 0
105 1429 108 7 Name 0 0 0
361 2018 78 7 Name 0 0 0
1264 1479 118 11 Name 0 0 0
1873 726 130 9 Name 0 0 0
89 1364 73 4 Name 0 0 0
723 1185 132 10 Name 0 0 0
116 1904 205 10 Name 0 0 0
1043 1408 81 9 Name 0 0 0
1631 377 75 5 Name 0 0 0
138 243 135 8 Name 0 0 0
633 1893 212 7 Name 0 0 0
1150 47 8 7 Name 0 0 0
1004 131 44 10 Name 0 0 0
1043 896 228 4 Name 0 0 0
1315 1977 30 8 Name 0 0 0
1843 1956 118 7 Name 0 0 0
687 497 201 7 Name 0 0 0
558 1702 158 8 Name 0 0 0
1566 2039 170 4 Name 0 0 0
1903 1298 204 4 Name 0 0 0
1606 1894 252 9 Name 0 0 0
2042 195 241 6 Name 0 0 0
373 362 121 8 Name 0 0 0
1244 1574 219 6 Name 0 0 0
357 1339 238 7 Name 0 0 0
1060 447 192 9 Name 0 0 0
151 784 16 8 Name 0 0 0
140 786 236 8 Name 0 0 0
1996 951 118 5 Name 0 0 0
1454 275 218 5 Name 0 0 0
817 1401 122 7 Name 0 0 0
280 310 151 9 Name 0 0 0
820 1520 61 5 Name 0 0 0
1956 1252 160 8 Name 0 0 0
1697 572 153 6 Name 0 0 0
1519 576 122 11 Name 0 0 0
1617 1994 218 6 Name 0 0 0
86 755 166 6 Name 0 0 0
1183 827 253 6 Name 0 0 0
1178 1492 34 11 Name 0 0 0
1357 1423 231 4 Name 0 0 0
112 1033 150 9 Name 0 0 0
979 561 100 7 Name 0 0 0
2002 102 245 12 Name 0 0 0
1850 999 254 11 Name 0 0 0
336 393 33 4 Name 0 0 0
1880 458 43 5 Name 0 0 0
334 692 153 8 Name 0 0 0
875 1423 98 11 Name 0 0 0
933 23 58 12 Name 0 0 0
1817 382 244 6 Name 0 0 0
353 1654 104 8 Name 0 0 0
1669 1069 160 9 Name 0 0 0
1299 1815 135 10 Name 0 0 0
593 1861 177 6 Name 0 0 0
1463 1802 163 7 Name 0 0 0
1513 437 191 6 Name 0 0 0
1316 80 255 11 Name 0 0 0
4 1173 177 8 Name 0 0 0
426 829 88 12 Name 0 0 0
614 586 11 4 Name 0 0 0
2018 423 194 9 Name 0 0 0
1598 1018 48 11 Name 0 0 0
1112 1158 245 9 Name 0 0 0
1766 1344 45 4 Name 0 0 0
781 369 216 10 Name 0 0 0
409 74 254 11 Name 0 0 0
1948 1858 207 7 Name 0 0 0
499 364 176 11 Name 0 0 0
1493 474 228 6 Name 0 0 0
942 991 31 7 Name 0 0 0
531 361 54 10 Name 0 0 0
748 476 27 9 Name 0 0 0
1487 581 68 5 Name 0 0 0
989 477 47 6 Name 0 0 0
78 1428 46 9 Name 0 0 0
399 608 168 10 Name 0 0 0
28 242 175 11 Name 0 0 0
1474 1179 217 5 Name 0 0 0
1939 1157 162 6 Name 0 0 0
1118 1698 60 7 Name 0 0 0
1843 1814 75 6 Name 0 0 0
1360 705 29 8 Name 0 0 0
1718 1888 176 4 Name 0 0 0
1538 50 193 7 Name 0 0 0
596 1930 110 9 Name 0 0 0
718 1029 56 6 Name 0 0 0
385 60 109 12 Name 0 0 0
1166 1270 168 10 Name 0 0 0
332 1586 39 5 Name 0 0 0
1285 2007 11 9 Name 0 0 0
1988 1050 112 6 Name 0 0 0
1 1401 247 10 Name 0 0 0
1542 79 9 11 Name 0 0 0
975 1427 114 10 Name 0 0 0
999 521 154 7 Name 0 0 0
1875 26 171 5 Name 0 0 0
1561 1093 242 7 Name 0 0 0
1420 1961 74 8 Name 0 0 0
1289 1473 93 9 Name 0 0 0
1123 1474 97 8 Name 0 0 0
120 63 48 10 Name 0 0 0
1170 760 52 8 Name 0 0 0
1972 179 202 11 Name 0 0 0
538 1791 220 5 Name 0 0 0
790 1177 204 11 Name 0 0 0
467 1845 31 5 Name 0 0 0
1843 257 74 8 Name 0 0 0
1812 197 112 10 Name 0 0 0
1310 1870 247 5 Name 0 0 0
1702 1262 84 7 Name 0 0 0
1815 1698 83 12 Name 0 0 0
1802 603 39 10 Name 0 0 0
1530 886 77 11 Name 0 0 0
363 1688 182 6 Name 0 0 0
333 347 66 12 Name 0 0 0
1579 1499 66 10 Name 0 0 0
472 1725 137 11 Name 0 0 0
523 1766 197 9 Name 0 0 0
191 93 79 5 Name 0 0 0
403 366 112 5 Name 0 0 0
542 303 143 4 Name 0 0 0
1161 1971 248 9 Name 0 0 0
248 1097 95 8 Name 0 0 0
1592 1905 97 6 Name 0 0 0
1531 113 31 10 Name 0 0 0
518 918 85 4 Name 0 0 0
608 1541 221 11 Name 0 0 0
996 342 80 11 Name 0 0 0
1962 415 178 5 Name 0 0 0
94 15 87 5 Name 0 0 0
1737 1834 56 11 Name 0 0 0
356 247 102 9 Name 0 0 0
1040 471 219 5 Name 0 0 0
831 1207 20 7 Name 0 0 0
843 765 138 9 Name 0 0 0
230 775 245 8 Name 0 0 0
1950 1544 57 9 Name 0 0 0
855 1017 36 5 Name 0 0 0
133 345 44 5 Name 0 0 0
1096 1121 142 9 Name 0 0 0
1160 966 93 8 Name 0 0 0
527 1179 237 11 Name 0 0 0
698 626 233 9 Name 0 0 0
1167 1104 197 9 Name 0 0 0
289 1705 120 6 Name 0 0 0
804 873 108 9 Name 0 0 0
279 16 242 11 Name 0 0 0
1755 1615 19 9 Name 0 0 0
1568 1749 65 10 Name 0 0 0
126 1522 68 12 Name 0 0 0
791 368 56 9 Name 0 0 0
1322 1410 137 5 Name 0 0 0
113 1584 194 12 Name 0 0 0
1400 29 29 8 Name 0 0 0
750 1097 254 8 Name 0 0 0
1050 888 66 5 Name 0 0 0
560 1603 198 6 Name 0 0 0
1024 1373 235 8 Name 0 0 0
287 154 201 12 Name 0 0 0
803 1587 95 4 Name 0 0 0
993 674 25 7 Name 0 0 0
1713 219 62 12 Name 0 0 0
1721 1370 97 4 Name 0 0 0
510 474 208 8 Name 0 0 0
798 1694 212 6 Name 0 0 0
1581 1904 196 6 Name 0 0 0
3 1526 227 10 Name 0 0 0
777 2020 146 9 Name 0 0 0
1876 1898 225 8 Name 0 0 0
1483 1053 82 7 Name 0 0 0
1177 441 222 9 Name 0 0 0
36 740 18 6 Name 0 0 0
1805 1096 250 6 Name 0 0 0
560 101 106 6 Name 0 0 0
1565 1520 147 5 Name 0 0 0
757 228 154 8 Name 0 0 0
1527 324 50 9 Name 0 0 0
1464 1385 141 6 Name 0 0 0
1872 1587 104 4 Name 0 0 0
1458 1236 160 7 Name 0 0 0
583 526 176 7 Name 0 0 0
1395 1644 150 11 Name 0 0 0
1963 194 30 6 Name 0 0 0
553 1946 240 6 Name 0 0 0
343 768 11 11 Name 0 0 0
1925 1102 22 5 Name 0 0 0
1351 46 196 8 Name 0 0 0
1284 1383 251 5 Name 0 0 0
1158 882 250 12 Name 0 0 0
1376 471 113 11 Name 0 0 0
59 571 95 10 Name 0 0 0
237 594 147 9 Name 0 0 0
370 1463 237 5 Name 0 0 0
2 900 199 7 Name 0 0 0
1238 934 99 9 Name 0 0 0
1534 647 95 12 Name 0 0 0
159 789 140 4 Name 0 0 0
1765 284 148 4 Name 0 0 0
429 1766 234 12 Name 0 0 0
1434 818 123 6 Name 0 0 0
1539 1567 34 9 Name 0 0 0
878 1849 247 12 Name 0 0 0
370 1221 109 6 Name 0 0 0
521 1380 148 6 Name 0 0 0
1403 819 22 9 Name 0 0 0
1829 1167 71 5 Name 0 0 0
374 586 248 7 Name 0 0 0
1209 1796 41 11 Name 0 0 0
1987 652 223 12 Name 0 0 0
204 855 251 4 Name 0 0 0
1009 1103 240 7 Name 0 0 0
983 1699 32 11 Name 0 0 0
825 399 117 6 Name 0 0 0
978 969 246 11 Name 0 0 0
1787 711 240 7 Name 0 0 0
2044 1724 83 6 Name 0 0 0
740 1093 250 5 Name 0 0 0
392 1546 139 10 Name 0 0 0
696 1235 155 5 Name 0 0 0
32 346 16 8 Name 0 0 0
53 1868 67 9 Name 0 0 0
946 1834 165 6 Name 0 0 0
859 612 11 8 Name 0 0 0
887 1959 235 9 Name 0 0 0
1061 1378 100 11 Name 0 0 0
511 946 217 11 Name 0 0 0
539 562 228 6 Name 0 0 0
878 1461 177 10 Name 0 0 0
1164 987 113 6 Name 0 0 0
1311 1882 235 7 Name 0 0 0
699 197 63 8 Name 0 0 0
1937 1133 23 10 Name 0 0 0
1156 1398 153 7 Name 0 0 0
1565 199 11 9 Name 0 0 0
1243 589 80 5 Name 0 0 0
1622 532 202 5 Name 0 0 0
300 734 173 11 Name 0 0 0
2024 7 31 11 Name 0 0 0
789 1472 232 11 Name 0 0 0
744 1536 252 7 Name 0 0 0
416 2034 159 12 Name 0 0 0
66 90 180 6 Name 0 0 0
1954 816 168 6 Name 0 0 0
1467 1453 206 11 Name 0 0 0
1585 1162 189 11 Name 0 0 0
506 1515 191 10 Name 0 0 0
944 517 159 4 Name 0 0 0
1620 1062 226 6 Name 0 0 0
449 1299 245 10 Name 0 0 0
375 1196 58 9 Name 0 0 0
672 323 63 11 Name 0 0 0
166 756 149 8 Name 0 0 0
1456 944 237 9 Name 0 0 0
1323 717 195 5 Name 0 0 0
477 1867 190 12 Name 0 0 0
342 1068 218 7 Name 0 0 0
1995 1489 190 10 Name 0 0 0
1980 1252 43 12 Name 0 0 0
1647 27 218 10 Name 0 0 0
1697 511 248 11 Name 0 0 0
1760 1465 54 6 Name 0 0 0
51 405 63 10 Name 0 0 0
422 1354 176 8 Name 0 0 0
862 1720 127 5 Name 0 0 0
1573 437 138 10 Name 0 0 0
1094 1173 208 12 Name 0 0 0
979 1379 43 10 Name 0 0 0
1268 73 168 6 Name 0 0 0
1727 1726 201 6 Name 0 0 0
1538 59 128 6 Name 0 0 0
755 595 168 7 Name 0 0 0
996 2026 57 10 Name 0 0 0
474 1993 144 5 Name 0 0 0
104 1174 201 6 Name 0 0 0
293 909 252 6 Name 0 0 0
1386 1297 254 10 Name 0 0 0
1014 1527 218 6 Name 0 0 0
40 1496 241 7 Name 0 0 0
1369 311 195 5 Name 0 0 0
504 497 58 8 Name 0 0 0
1255 571 83 10 Name 0 0 0
805 1112 106 9 Name 0 0 0
540 573 66 7 Name 0 0 0
519 811 220 5 Name 0 0 0
834 1713 227 6 Name 0 0 0
1978 950 115 7 Name 0 0 0
338 902 52 5 Name 0 0 0
13 74 242 7 Name 0 0 0
899 1509 51 7 Name 0 0 0
1277 1339 169 11 Name 0 0 0
108 1848 220 9 Name 0 0 0
920 1432 150 8 Name 0 0 0
1723 1225 26 6 Name 0 0 0
1848 28 222 11 Name 0 0 0
1804 1238 213 6 Name 0 0 0
553 513 137 6 Name 0 0 0
1657 1560 153 9 Name 0 0 0
1428 15 137 6 Name 0 0 0
1822 495 198 8 Name 0 0 0
328 1702 46 5 Name 0 0 0
973 1562 37 8 Name 0 0 0
1113 733 62 7 Name 0 0 0
1360 227 71 7 Name 0 0 0
67 1787 131 6 Name 0 0 0
367 12 58 10 Name 0 0 0
1269 261 194 6 Name 0 0 0
1468 234 174 11 Name 0 0 0
1495 1363 80 6 Name 0 0 0
424 227 49 7 Name 0 0 0
856 514 191 8 Name 0 0 0
569 1159 197 7 Name 0 0 0
1090 1178 47 6 Name 0 0 0
1313 1325 237 9 Name 0 0 0
822 261 92 9 Name 0 0 0
1735 1140 33 5 Name 0 0 0
892 1334 155 7 Name 0 0 0
102 1761 187 5 Name 0 0 0
1708 14 153 6 Name 0 0 0
1953 1112 110 6 Name 0 0 0
1104 1873 169 7 Name 0 0 0
439 1986 170 10 Name 0 0 0
1566 1368 197 8 Name 0 0 0
776 1673 175 10 Name 0 0 0
576 602 206 5 Name 0 0 0
1274 1800 139 4 Name 0 0 0
1539 794 179 9 Name 0 0 0
1211 1588 253 7 Name 0 0 0
37 1164 185 9 Name 0 0 0
1753 1892 185 9 Name 0 0 0
579 1295 61 7 Name 0 0 0
1760 1787 120 8 Name 0 0 0
62 1609 119 4 Name 0 0 0
63 1852 56 7 Name 0 0 0
1114 1142 242 5 Name 0 0 0
1815 1591 252 11 Name 0 0 0
656 1155 234 8 Name 0 0 0
798 31 122 7 Name 0 0 0
474 1131 95 11 Name 0 0 0
759 1079 166 9 Name 0 0 0
418 1549 41 9 Name 0 0 0
2044 895 56 10 Name 0 0 0
1788 1970 246 10 Name 0 0 0
1321 1700 212 6 Name 0 0 0
1305 1859 172 10 Name 0 0 0
601 498 89 6 Name 0 0 0
2020 115 25 5 Name 0 0 0
541 43 215 8 Name 0 0 0
856 936 9 10 Name 0 0 0
1358 1571 136 8 Name 0 0 0
517 573 210 7 Name 0 0 0
1889 170 154 8 Name 0 0 0
1609 1808 79 11 Name 0 0 0
1767 963 24 12 Name 0 0 0
510 1695 203 6 Name 0 0 0
1299 423 98 5 Name 0 0 0
698 1412 166 6 Name 0 0 0
928 244 101 6 Name 0 0 0
448 1307 185 9 Name 0 0 0
377 1254 62 7 Name 0 0 0
608 597 187 4 Name 0 0 0
851 1624 82 6 Name 0 0 0
1583 650 140 4 Name 0 0 0
580 1409 154 9 Name 0 0 0
472 1212 52 9 Name 0 0 0
1536 513 39 11 Name 0 0 0
2015 1797 38 11 Name 0 0 0
2019 1293 186 9 Name 0 0 0
1987 79 155 5 Name 0 0 0
1629 1234 248 11 Name 0 0 0
1047 1625 95 8 Name 0 0 0
1201 819 256 8 Name 0 0 0
359 1968 201 5 Name 0 0 0
1638 199 205 12 Name 0 0 0
1847 2017 14 6 Name 0 0 0
552 467 112 11 Name 0 0 0
36 205 234 12 Name 0 0 0
418 988 53 5 Name 0 0 0
1388 160 170 4 Name 0 0 0
372 129 255 8 Name 0 0 0
2022 228 232 10 Name 0 0 0
1569 1729 249 11 Name 0 0 0
1966 1898 117 9 Name 0 0 0
1082 1969 194 6 Name 0 0 0
1531 1183 50 5 Name 0 0 0
1869 1829 199 11 Name 0 0 0
886 1614 173 9 Name 0 0 0
229 543 206 5 Name 0 0 0
1753 1403 181 11 Name 0 0 0
1539 400 42 9 Name 0 0 0
1140 1023 174 8 Name 0 0 0
1888 1091 46 9 Name 0 0 0
90 1907 141 6 Name 0 0 0
678 256 66 4 Name 0 0 0
1173 148 95 8 Name 0 0 0
427 1380 82 6 Name 0 0 0
924 1636 162 7 Name 0 0 0
1411 1922 158 9 Name 0 0 0
1930 1797 16 7 Name 0 0 0
1722 1597 235 7 Name 0 0 0
1886 132 247 6 Name 0 0 0
1000 97 182 9 Name 0 0 0
856 787 239 9 Name 0 0 0
1976 617 137 8 Name 0 0 0
812 563 64 11 Name 0 0 0
1670 452 130 8 Name 0 0 0
2006 1428 94 8 Name 0 0 0
1651 957 181 5 Name 0 0 0
31 1090 218 10 Name 0 0 0
1986 1733 56 8 Name 0 0 0
1105 24 68 6 Name 0 0 0
1160 1822 120 6 Name 0 0 0
513 1263 241 7 Name 0 0 0
1006 171 137 11 Name 0 0 0
156 880 180 8 Name 0 0 0
1655 1819 29 9 Name 0 0 0
494 1368 10 5 Name 0 0 0
48 1538 189 8 Name 0 0 0
1370 475 71 4 Name 0 0 0
1877 910 177 10 Name 0 0 0
1454 2045 12 5 Name 0 0 0
144 464 210 8 Name 0 0 0
959 237 29 12 Name 0 0 0
869 1111 73 10 Name 0 0 0
111 1159 28 5 Name 0 0 0
610 1908 45 6 Name 0 0 0
996 1515 113 5 Name 0 0 0
638 822 135 5 Name 0 0 0
1668 953 76 9 Name 0 0 0
8 1541 237 8 Name 0 0 0
1255 1855 175 7 Name 0 0 0
1804 139 59 9 Name 0 0 0
1357 167 134 8 Name 0 0 0
1287 773 105 6 Name 0 0 0
1014 359 240 7 Name 0 0 0
1944 1757 113 11 Name 0 0 0
626 1825 66 8 Name 0 0 0
1248 828 117 6 Name 0 0 0
1269 204 74 8 Name 0 0 0
1630 217 69 4 Name 0 0 0
257 1950 69 5 Name 0 0 0
1771 126 48 9 Name 0 0 0
1867 383 197 8 Name 0 0 0
394 562 99 8 Name 0 0 0
166 1215 132 5 Name 0 0 0
1238 1205 252 11 Name 0 0 0
955 287 16 8 Name 0 0 0
1780 48 189 4 Name 0 0 0
384 665 67 8 Name 0 0 0
1986 345 194 12 Name 0 0 0
1512 385 81 9 Name 0 0 0
461 1358 51 4 Name 0 0 0
2038 1609 117 11 Name 0 0 0
391 1786 199 9 Name 0 0 0
917 1748 191 6 Name 0 0 0
1852 1361 251 10 Name 0 0 0
1035 83 144 10 Name 0 0 0
1255 30 62 9 Name 0 0 0
1581 370 67 6 Name 0 0 0
1184 2018 10 7 Name 0 0 0
1625 1782 207 6 Name 0 0 0
1524 1666 35 5 Name 0 0 0
300 1919 178 11 Name 0 0 0
148 576 137 11 Name 0 0 0
1669 544 225 9 Name 0 0 0
1778 2012 116 8 Name 0 0 0
1685 484 45 11 Name 0 0 0
551 910 131 11 Name 0 0 0
1106 1725 15 10 Name 0 0 0
391 1762 102 12 Name 0 0 0
1424 1756 11 10 Name 0 0 0
1715 1129 224 9 Name 0 0 0
1833 1945 10 12 Name 0 0 0
1354 941 132 11 Name 0 0 0
1476 1556 242 7 Name 0 0 0
1618 314 172 8 Name 0 0 0
1145 1889 205 9 Name 0 0 0
829 338 111 9 Name 0 0 0
708 1219 60 8 Name 0 0 0
240 1700 56 6 Name 0 0 0
1881 1508 118 10 Name 0 0 0
88 797 95 8 Name 0 0 0
1797 302 71 7 Name 0 0 0
1607 519 244 5 Name 0 0 0
885 1846 128 11 Name 0 0 0
573 576 167 6 Name 0 0 0
1756 1388 119 5 Name 0 0 0
773 384 175 10 Name 0 0 0
64 209 31 8 Name 0 0 0
1729 1551 171 4 Name 0 0 0
310 1122 170 7 Name 0 0 0
594 140 159 5 Name 0 0 0
56 1050 184 11 Name 0 0 0
782 1368 46 7 Name 0 0 0
1703 704 69 8 Name 0 0 0
1122 137 185 7 Name 0 0 0
318 25 216 10 Name 0 0 0
1594 1675 212 4 Name 0 0 0
398 156 211 11 Name 0 0 0
1258 324 104 8 Name 0 0 0
511 987 187 8 Name 0 0 0
1817 607 237 11 Name 0 0 0
480 339 67 10 Name 0 0 0
1443 707 245 7 Name 0 0 0
597 285 183 11 Name 0 0 0
1170 1520 14 11 Name 0 0 0
875 898 99 6 Name 0 0 0
1973 1107 80 10 Name 0 0 0
924 1982 144 8 Name 0 0 0
1100 1647 152 6 Name 0 0 0
191 198 232 8 Name 0 0 0
865 378 30 8 Name 0 0 0
548 492 54 12 Name 0 0 0
201 946 199 8 Name 0 0 0
504 208 124 8 Name 0 0 0
112 822 129 5 Name 0 0 0
1962 716 165 5 Name 0 0 0
1679 1375 22 8 Name 0 0 0
1533 691 82 5 Name 0 0 0
183 1670 155 9 Name 0 0 0
1443 104 254 8 Name 0 0 0
199 1956 70 10 Name 0 0 0
1713 1401 64 7 Name 0 0 0
1004 1009 20 7 Name 0 0 0
1408 917 113 6 Name 0 0 0
653 1617 20 5 Name 0 0 0
163 917 58 11 Name 0 0 0
1828 1340 99 8 Name 0 0 0
512 1660 154 8 Name 0 0 0
905 986 36 6 Name 0 0 0
224 526 53 8 Name 0 0 0
516 1206 207 6 Name 0 0 0
1632 113 138 6 Name 0 0 0
1381 806 220 8 Name 0 0 0
984 567 203 11 Name 0 0 0
1002 1117 19 6 Name 0 0 0
2017 1204 170 12 Name 0 0 0
1749 104 74 6 Name 0 0 0
1658 86 210 9 Name 0 0 0
1603 659 62 8 Name 0 0 0
227 451 48 9 Name 0 0 0
950 1535 55 5 Name 0 0 0
129 600 127 10 Name 0 0 0
317 836 205 11 Name 0 0 0
1047 2004 134 5 Name 0 0 0
1811 176 126 4 Name 0 0 0
711 1339 126 7 Name 0 0 0
1022 915 47 8 Name 0 0 0
268 1920 60 4 Name 0 0 0
1173 521 156 12 Name 0 0 0
826 1132 225 5 Name 0 0 0
1488 147 209 7 Name 0 0 0
1877 1371 216 6 Name 0 0 0
967 895 72 9 Name 0 0 0
637 1266 203 5 Name 0 0 0
512 439 199 11 Name 0 0 0
658 1893 205 12 Name 0 0 0
1563 1750 244 9 Name 0 0 0
676 866 34 4 Name 0 0 0
227 1334 227 6 Name 0 0 0
905 16 253 10 Name 0 0 0
1457 1098 83 9 Name 0 0 0
1945 1770 18 8 Name 0 0 0
1564 1236 220 11 Name 0 0 0
715 883 51 4 Name 0 0 0
1221 2047 106 5 Name 0 0 0
279 740 220 8 Name 0 0 0
847 932 97 7 Name 0 0 0
203 967 132 5 Name 0 0 0
505 554 99 11 Name 0 0 0
237 1541 100 9 Name 0 0 0
112 407 95 7 Name 0 0 0
1095 1986 127 5 Name 0 0 0
497 947 45 5 Name 0 0 0
1234 1466 166 8 Name 0 0 0
7 1722 207 8 Name 0 0 0
1675 905 57 7 Name 0 0 0
817 844 33 10 Name 0 0 0
1 783 60 6 Name 0 0 0
1945 1921 149 6 Name 0 0 0
774 313 158 9 Name 0 0 0
1201 366 106 10 Name 0 0 0
613 280 51 9 Name 0 0 0
1487 648 14 4 Name 0 0 0
2041 1213 155 5 Name 0 0 0
203 276 200 8 Name 0 0 0
740 463 84 11 Name 0 0 0
531 1974 161 9 Name 0 0 0
559 1322 108 6 Name 0 0 0
1710 1500 234 11 Name 0 0 0
1889 1026 143 12 Name 0 0 0
746 933 188 5 Name 0 0 0
485 183 248 4 Name 0 0 0
1046 742 213 12 Name 0 0 0
35 1788 215 11 Name 0 0 0
963 932 56 11 Name 0 0 0
781 680 64 6 Name 0 0 0
554 153 110 11 Name 0 0 0
1024 1676 164 10 Name 0 0 0
1459 1469 91 8 Name 0 0 0
1689 457 89 8 Name 0 0 0
827 978 8 9 Name 0 0 0
393 1559 198 8 Name 0 0 0
283 2028 52 11 Name 0 0 0
988 1249 27 4 Name 0 0 0
392 84 201 9 Name 0 0 0
503 1469 20 10 Name 0 0 0
808 1397 53 9 Name 0 0 0
1161 1650 56 11 Name 0 0 0
367 99 64 7 Name 0 0 0
1176 77 181 10 Name 0 0 0
1400 1091 125 7 Name 0 0 0
167 978 203 8 Name 0 0 0
1789 1497 217 7 Name 0 0 0
811 1533 165 6 Name 0 0 0
1308 1458 68 5 Name 0 0 0
141 907 182 6 Name 0 0 0
535 1575 121 5 Name 0 0 0
1481 825 190 8 Name 0 0 0
395 838 55 12 Name 0 0 0
634 890 204 5 Name 0 0 0
1333 1024 89 5 Name 0 0 0
412 379 133 5 Name 0 0 0
882 1573 20 8 Name 0 0 0
1260 487 202 8 Name 0 0 0
26 166 170 4 Name 0 0 0
1200 176 165 6 Name 0 0 0
1463 1085 61 8 Name 0 0 0
1011 255 176 7 Name 0 0 0
586 1047 140 6 Name 0 0 0
1435 1500 170 8 Name 0 0 0
835 784 87 10 Name 0 0 0
1684 1616 191 9 Name 0 0 0
713 596 237 6 Name 0 0 0
996 1164 83 8 Name 0 0 0
128 950 11 5 Name 0 0 0
581 1046 52 10 Name 0 0 0
1466 609 119 5 Name 0 0 0
1920 433 220 11 Name 0 0 0
243 1568 171 5 Name 0 0 0
543 1882 102 6 Name 0 0 0
1665 1967 72 6 Name 0 0 0
1247 1943 31 6 Name 0 0 0
1330 896 182 4 Name 0 0 0
496 255 136 6 Name 0 0 0
1043 1134 148 12 Name 0 0 0
2005 538 35 4 Name 0 0 0
2013 1717 187 6 Name 0 0 0
1401 1246 250 11 Name 0 0 0
1931 2007 49 10 Name 0 0 0
459 1458 39 10 Name 0 0 0
486 502 26 12 Name 0 0 0
1131 1015 178 5 Name 0 0 0
184 1802 109 5 Name 0 0 0
1653 1309 60 11 Name 0 0 0
1758 2 118 5 Name 0 0 0
1869 1756 54 5 Name 0 0 0
1670 1469 75 10 Name 0 0 0
990 1433 12 11 Name 0 0 0
2025 634 181 8 Name 0 0 0
1075 704 36 7 Name 0 0 0
781 577 133 5 Name 0 0 0
1861 883 12 8 Name 0 0 0
1936 1700 66 6 Name 0 0 0
1900 309 166 7 Name 0 0 0
1638 793 213 6 Name 0 0 0
474 467 84 9 Name 0 0 0
715 335 168 5 Name 0 0 0
1642 1778 177 11 Name 0 0 0
1554 984 164 5 Name 0 0 0
245 157 153 6 Name 0 0 0
452 196 153 8 Name 0 0 0
406 337 18 5 Name 0 0 0
1042 1779 14 11 Name 0 0 0
760 901 183 9 Name 0 0 0
1809 820 97 11 Name 0 0 0
415 334 224 11 Name 0 0 0
1682 1023 231 10 Name 0 0 0
660 720 22 7 Name 0 0 0
135 819 226 6 Name 0 0 0
959 1468 210 4 Name 0 0 0
172 578 66 11 Name 0 0 0
722 1059 231 6 Name 0 0 0
1160 1683 39 8 Name 0 0 0
1033 113 207 9 Name 0 0 0
1377 124 104 8 Name 0 0 0
592 623 230 6 Name 0 0 0
1262 257 171 7 Name 0 0 0
1715 1845 87 11 Name 0 0 0
603 1450 68 4 Name 0 0 0
1429 796 44 12 Name 0 0 0
x-Min=0
x-Max=2048
y-Min=0
y-Max=2048
min label height=4.0
max label height=12.0
min label width=8.0
max label width=256
