1024
150 14743 81 60 Name 0 0 0
13131 12046 123 39 Name 0 0 0
4270 4382 73 62 Name 0 0 0
11850 2571 120 43 Name 0 0 0
10670 9027 110 42 Name 0 0 0
10977 12125 122 32 Name 0 0 0
10849 9744 105 60 Name 0 0 0
730 12962 97 46 Name 0 0 0
7408 2170 83 34 Name 0 0 0
4824 4297 105 38 Name 0 0 0
1687 11800 85 56 Name 0 0 0
7952 14799 75 41 Name 0 0 0
7870 2815 89 62 Name 0 0 0
15317 8320 119 50 Name 0 0 0
416 13561 83 34 Name 0 0 0
624 8633 82 44 Name 0 0 0
5992 10498 109 34 Name 0 0 0
7463 11242 73 42 Name 0 0 0
14361 15311 127 45 Name 0 0 0
9170 1488 107 52 Name 0 0 0
11356 8098 70 55 Name 0 0 0
3588 6823 78 38 Name 0 0 0
5941 4606 69 45 Name 0 0 0
15879 16052 96 41 Name 0 0 0
5209 3574 64 51 Name 0 0 0
10126 6404 91 34 Name 0 0 0
6010 15038 125 49 Name 0 0 0
9402 10571 100 55 Name 0 0 0
13468 15796 117 53 Name 0 0 0
11330 3137 98 45 Name 0 0 0
8793 2263 101 47 Name 0 0 0
84 13906 88 35 Name 0 0 0
15803 13102 80 46 Name 0 0 0
4378 10206 87 59 Name 0 0 0
12116 8189 95 34 Name 0 0 0
14857 6694 67 51 Name 0 0 0
13131 6132 77 54 Name 0 0 0
10242 9563 108 40 Name 0 0 0
6121 12266 115 44 Name 0 0 0
2521 5219 84 54 Name 0 0 0
12307 5342 71 62 Name 0 0 0
15909 15041 106 63 Name 0 0 0
3586 13058 92 46 Name 0 0 0
12510 10867 101 40 Name 0 0 0
8428 7373 88 41 Name 0 0 0
8501 14878 120 46 Name 0 0 0
11921 2417 71 58 Name 0 0 0
9934 7149 81 40 Name 0 0 0
8868 5236 126 42 Name 0 0 0
7035 805 85 34 Name 0 0 0
4527 9233 88 55 Name 0 0 0
14502 810 84 33 Name 0 0 0
10747 1006 122 33 Name 0 0 0
6890 12592 86 49 Name 0 0 0
381 1521 106 56 Name 0 0 0
2264 9369 86 59 Name 0 0 0
7777 11695 89 39 Name 0 0 0
10388 4411 115 62 Name 0 0 0
14664 13589 85 37 Name 0 0 0
8816 5310 66 33 Name 0 0 0
3453 6277 69 60 Name 0 0 0
2820 7657 75 40 Name 0 0 0
3062 8830 95 58 Name 0 0 0
1970 9707 92 64 Name 0 0 0
6366 9426 97 47 Name 0 0 0
10627 2239 105 35 Name 0 0 0
15656 11016 78 37 Name 0 0 0
513 13156 88 34 Name 0 0 0
5292 6964 93 58 Name 0 0 0
10217 1000 77 34 Name 0 0 0
7235 14076 122 52 Name 0 0 0
243 6230 98 54 Name 0 0 0
3169 4941 119 34 Name 0 0 0
10258 7401 76 32 Name 0 0 0
6925 11890 99 51 Name 0 0 0
11205 11622 78 58 Name 0 0 0
6709 6771 70 56 Name 0 0 0
922 9181 113 47 Name 0 0 0
1257 13630 93 50 Name 0 0 0
660 6925 93 57 Name 0 0 0
5573 5329 128 47 Name 0 0 0
1551 5374 69 54 Name 0 0 0
6282 1116 76 50 Name 0 0 0
10638 2619 96 60 Name 0 0 0
6479 7469 90 56 Name 0 0 0
9824 5813 69 55 Name 0 0 0
13332 4133 112 49 Name 0 0 0
11974 3501 106 38 Name 0 0 0
648 12487 112 37 Name 0 0 0
7481 9096 117 50 Name 0 0 0
956 3267 115 48 Name 0 0 0
16067 11862 79 59 Name 0 0 0
680 11380 71 39 Name 0 0 0
7711 10078 115 62 Name 0 0 0
2271 12107 115 45 Name 0 0 0
10102 9831 91 49 Name 0 0 0
4053 7446 123 47 Name 0 0 0
13075 10526 122 63 Name 0 0 0
15282 5864 124 46 Name 0 0 0
10198 10494 123 35 Name 0 0 0
7096 748 93 53 Name 0 0 0
14812 685 123 53 Name 0 0 0
14674 91 98 56 Name 0 0 0
3552 3002 121 39 Name 0 0 0
1515 2919 93 46 Name 0 0 0
9712 14152 127 63 Name 0 0 0
15592 9317 126 45 Name 0 0 0
15501 4328 79 35 Name 0 0 0
10158 8002 87 43 Name 0 0 0
14631 12743 85 59 Name 0 0 0
3475 12415 104 59 Name 0 0 0
15064 13797 94 34 Name 0 0 0
9691 10579 98 52 Name 0 0 0
2481 13557 74 44 Name 0 0 0
6784 14087 124 59 Name 0 0 0
11011 16312 68 44 Name 0 0 0
7387 5260 87 57 Name 0 0 0
15933 14925 98 45 Name 0 0 0
8273 5507 111 53 Name 0 0 0
6637 12464 95 47 Name 0 0 0
2559 11035 109 53 Name 0 0 0
3762 12715 111 35 Name 0 0 0
5319 3637 105 34 Name 0 0 0
8118 5889 114 47 Name 0 0 0
13972 4152 126 43 Name 0 0 0
7216 7139 94 46 Name 0 0 0
5706 15238 125 33 Name 0 0 0
4996 14249 77 58 Name 0 0 0
9418 8099 123 48 Name 0 0 0
2397 11482 79 46 Name 0 0 0
9581 1343 118 44 Name 0 0 0
4999 5226 111 56 Name 0 0 0
12185 1646 73 42 Name 0 0 0
5806 2177 88 40 Name 0 0 0
5605 4403 123 45 Name 0 0 0
14257 4755 105 46 Name 0 0 0
1693 13562 79 42 Name 0 0 0
7151 13082 80 49 Name 0 0 0
9225 8841 78 59 Name 0 0 0
15610 7335 120 49 Name 0 0 0
12355 13823 82 38 Name 0 0 0
9276 13522 105 39 Name 0 0 0
8283 5165 116 63 Name 0 0 0
9453 12209 107 43 Name 0 0 0
6865 13999 105 41 Name 0 0 0
4721 10818 78 59 Name 0 0 0
10113 12044 67 43 Name 0 0 0
6277 15542 106 45 Name 0 0 0
2559 3176 72 44 Name 0 0 0
11878 7452 71 47 Name 0 0 0
573 1423 128 34 Name 0 0 0
9422 976 100 38 Name 0 0 0
8157 2485 128 59 Name 0 0 0
6092 15139 97 57 Name 0 0 0
13294 1147 84 36 Name 0 0 0
12465 30 85 45 Name 0 0 0
1194 1763 93 41 Name 0 0 0
7665 4732 105 42 Name 0 0 0
14983 4094 82 38 Name 0 0 0
8255 2799 78 32 Name 0 0 0
11884 9070 97 47 Name 0 0 0
10770 16167 97 41 Name 0 0 0
808 14652 106 47 Name 0 0 0
4172 13067 117 38 Name 0 0 0
8726 9875 123 51 Name 0 0 0
7948 2257 102 46 Name 0 0 0
7273 10449 121 41 Name 0 0 0
6709 223 123 38 Name 0 0 0
6378 4233 79 55 Name 0 0 0
12030 1910 105 38 Name 0 0 0
3786 10139 96 55 Name 0 0 0
5846 15213 69 46 Name 0 0 0
1632 11042 108 39 Name 0 0 0
11927 8895 89 44 Name 0 0 0
165 12938 117 46 Name 0 0 0
3983 13887 78 56 Name 0 0 0
1349 4805 128 53 Name 0 0 0
7831 6260 114 62 Name 0 0 0
496 8283 125 58 Name 0 0 0
12773 3824 67 44 Name 0 0 0
1997 7301 88 34 Name 0 0 0
8667 15709 127 45 Name 0 0 0
13934 14554 97 46 Name 0 0 0
13564 7226 122 58 Name 0 0 0
14948 4260 119 58 Name 0 0 0
3555 14967 106 60 Name 0 0 0
12543 14267 103 60 Name 0 0 0
11558 3624 84 52 Name 0 0 0
13887 2840 122 43 Name 0 0 0
12787 1734 67 61 Name 0 0 0
9026 4134 94 40 Name 0 0 0
2244 6250 73 52 Name 0 0 0
15913 821 87 55 Name 0 0 0
968 13235 66 63 Name 0 0 0
1074 3033 100 44 Name 0 0 0
12858 14741 126 49 Name 0 0 0
8320 14745 123 45 Name 0 0 0
13418 6014 118 36 Name 0 0 0
2007 16016 93 34 Name 0 0 0
6490 6582 99 56 Name 0 0 0
13753 15625 96 45 Name 0 0 0
6261 2855 114 58 Name 0 0 0
1628 15427 115 51 Name 0 0 0
15732 5821 105 51 Name 0 0 0
7678 6749 95 39 Name 0 0 0
3178 9113 126 58 Name 0 0 0
2479 10550 103 35 Name 0 0 0
696 13110 123 55 Name 0 0 0
3873 2462 70 46 Name 0 0 0
14350 11437 75 51 Name 0 0 0
7213 15417 108 50 Name 0 0 0
9022 6850 111 64 Name 0 0 0
11220 5918 112 48 Name 0 0 0
2673 16290 85 57 Name 0 0 0
15768 550 85 58 Name 0 0 0
6140 15687 105 59 Name 0 0 0
8896 7767 85 45 Name 0 0 0
6979 5634 117 43 Name 0 0 0
12100 40 90 61 Name 0 0 0
14538 1916 108 44 Name 0 0 0
13390 2146 121 46 Name 0 0 0
1838 5026 106 64 Name 0 0 0
707 7943 85 49 Name 0 0 0
847 12229 103 56 Name 0 0 0
4615 10548 75 47 Name 0 0 0
13354 7295 89 60 Name 0 0 0
5152 208 103 60 Name 0 0 0
5863 13174 103 54 Name 0 0 0
5021 15115 93 64 Name 0 0 0
10940 4871 94 60 Name 0 0 0
7350 412 101 40 Name 0 0 0
4168 8042 86 54 Name 0 0 0
1913 7571 104 49 Name 0 0 0
990 7424 106 60 Name 0 0 0
13040 5929 93 63 Name 0 0 0
8163 15517 79 54 Name 0 0 0
5800 5868 73 53 Name 0 0 0
7180 11 99 44 Name 0 0 0
1191 7791 105 54 Name 0 0 0
5528 4547 95 45 Name 0 0 0
14964 12327 70 37 Name 0 0 0
8776 16065 91 47 Name 0 0 0
10403 13233 108 52 Name 0 0 0
6354 8642 97 38 Name 0 0 0
16353 13077 127 46 Name 0 0 0
3392 14610 83 64 Name 0 0 0
14743 7837 96 51 Name 0 0 0
11714 695 92 63 Name 0 0 0
14243 14708 113 34 Name 0 0 0
15505 15126 103 60 Name 0 0 0
15568 15494 115 56 Name 0 0 0
890 6606 70 34 Name 0 0 0
15428 6343 79 62 Name 0 0 0
460 3317 76 50 Name 0 0 0
3702 15147 111 42 Name 0 0 0
2623 1932 127 60 Name 0 0 0
2692 11738 124 33 Name 0 0 0
8601 2202 126 44 Name 0 0 0
2757 2432 108 47 Name 0 0 0
9801 1763 64 64 Name 0 0 0
2205 11935 76 42 Name 0 0 0
12528 6603 122 42 Name 0 0 0
14922 4164 86 36 Name 0 0 0
7268 1370 79 53 Name 0 0 0
2969 3700 113 52 Name 0 0 0
9359 14490 95 41 Name 0 0 0
5613 10758 69 64 Name 0 0 0
3646 7518 116 64 Name 0 0 0
6032 13805 127 48 Name 0 0 0
14182 7230 103 63 Name 0 0 0
5883 6000 125 33 Name 0 0 0
1588 16073 78 56 Name 0 0 0
5969 4969 71 32 Name 0 0 0
10171 8307 104 36 Name 0 0 0
1817 4526 80 43 Name 0 0 0
1603 5670 118 48 Name 0 0 0
4308 2016 99 51 Name 0 0 0
6482 6109 109 62 Name 0 0 0
14417 2978 79 40 Name 0 0 0
15708 11584 124 47 Name 0 0 0
7877 7570 110 52 Name 0 0 0
4784 6850 109 55 Name 0 0 0
6824 2091 73 32 Name 0 0 0
6021 6106 120 37 Name 0 0 0
5352 1262 98 59 Name 0 0 0
7666 15213 93 43 Name 0 0 0
1411 3368 77 42 Name 0 0 0
11960 8107 74 56 Name 0 0 0
6167 10350 74 33 Name 0 0 0
14929 5735 100 34 Name 0 0 0
11250 2659 107 43 Name 0 0 0
7397 13923 91 49 Name 0 0 0
15837 6891 105 43 Name 0 0 0
3029 824 127 54 Name 0 0 0
12707 13522 118 47 Name 0 0 0
3594 9266 121 58 Name 0 0 0
3652 11054 103 46 Name 0 0 0
7206 5200 93 42 Name 0 0 0
7189 14442 73 63 Name 0 0 0
14127 13652 100 52 Name 0 0 0
14199 1541 80 48 Name 0 0 0
11891 5186 88 58 Name 0 0 0
9825 341 114 34 Name 0 0 0
2372 1662 100 61 Name 0 0 0
16155 8861 69 51 Name 0 0 0
13173 15826 111 36 Name 0 0 0
2122 11899 109 38 Name 0 0 0
5485 13768 126 55 Name 0 0 0
14571 6758 84 40 Name 0 0 0
12076 5081 104 47 Name 0 0 0
5599 6256 67 44 Name 0 0 0
6659 15328 67 60 Name 0 0 0
9510 2011 91 53 Name 0 0 0
13973 449 86 58 Name 0 0 0
13758 4420 89 35 Name 0 0 0
10821 16205 97 53 Name 0 0 0
12511 14210 101 45 Name 0 0 0
6800 3268 97 47 Name 0 0 0
6564 12784 106 32 Name 0 0 0
543 8409 127 58 Name 0 0 0
9491 11355 97 42 Name 0 0 0
12117 6001 84 56 Name 0 0 0
164 5025 70 54 Name 0 0 0
10672 12460 116 55 Name 0 0 0
16320 38 121 38 Name 0 0 0
15138 4687 103 56 Name 0 0 0
7239 463 86 41 Name 0 0 0
10134 985 79 63 Name 0 0 0
3007 8262 86 35 Name 0 0 0
6089 4919 115 36 Name 0 0 0
2546 2739 93 59 Name 0 0 0
13534 13691 65 54 Name 0 0 0
14287 12890 84 47 Name 0 0 0
13060 8656 104 40 Name 0 0 0
15451 11805 70 40 Name 0 0 0
4900 3277 104 34 Name 0 0 0
5448 10904 94 58 Name 0 0 0
7696 1196 94 62 Name 0 0 0
7781 3226 84 44 Name 0 0 0
10793 2217 127 59 Name 0 0 0
5517 6546 125 34 Name 0 0 0
11228 15790 98 58 Name 0 0 0
1315 15785 89 47 Name 0 0 0
2104 7136 66 55 Name 0 0 0
3083 7810 71 59 Name 0 0 0
15955 14638 79 39 Name 0 0 0
3508 5971 93 43 Name 0 0 0
2047 11738 98 49 Name 0 0 0
12486 13540 82 63 Name 0 0 0
15884 12540 80 45 Name 0 0 0
12045 2864 69 47 Name 0 0 0
7113 14617 93 62 Name 0 0 0
7928 1600 114 50 Name 0 0 0
170 13410 100 41 Name 0 0 0
3749 12035 95 45 Name 0 0 0
6429 10243 71 52 Name 0 0 0
15799 5274 77 33 Name 0 0 0
3866 14150 105 36 Name 0 0 0
2157 12919 81 61 Name 0 0 0
8229 4363 96 48 Name 0 0 0
13161 4562 104 51 Name 0 0 0
14466 15318 114 63 Name 0 0 0
1800 8467 93 54 Name 0 0 0
9717 6606 99 44 Name 0 0 0
8505 8316 75 36 Name 0 0 0
11098 10811 93 39 Name 0 0 0
12425 13677 113 56 Name 0 0 0
9023 14832 96 58 Name 0 0 0
13930 5130 105 46 Name 0 0 0
4348 15779 80 40 Name 0 0 0
5449 11283 74 45 Name 0 0 0
15714 1653 121 59 Name 0 0 0
6907 15282 96 40 Name 0 0 0
12954 3342 67 36 Name 0 0 0
5426 6650 65 52 Name 0 0 0
16045 8392 117 38 Name 0 0 0
13556 7445 108 56 Name 0 0 0
5272 6816 90 38 Name 0 0 0
7149 6539 117 47 Name 0 0 0
15616 4363 101 35 Name 0 0 0
11074 10552 108 48 Name 0 0 0
5322 24 101 39 Name 0 0 0
5039 8366 69 38 Name 0 0 0
14052 14991 119 53 Name 0 0 0
15997 16140 105 58 Name 0 0 0
5931 1467 79 42 Name 0 0 0
8732 16332 77 36 Name 0 0 0
4880 1869 99 51 Name 0 0 0
8100 10109 74 63 Name 0 0 0
2091 160 77 56 Name 0 0 0
12291 224 113 46 Name 0 0 0
15313 3845 95 41 Name 0 0 0
4698 13630 66 38 Name 0 0 0
4195 8346 120 34 Name 0 0 0
2367 15315 102 43 Name 0 0 0
2583 15977 79 44 Name 0 0 0
5312 9910 97 47 Name 0 0 0
12114 14057 118 58 Name 0 0 0
4731 11151 109 37 Name 0 0 0
11231 13374 108 35 Name 0 0 0
567 4194 70 44 Name 0 0 0
16382 15541 73 32 Name 0 0 0
1934 14984 116 39 Name 0 0 0
13258 6160 106 42 Name 0 0 0
15105 2333 116 60 Name 0 0 0
480 878 116 45 Name 0 0 0
9876 5974 90 46 Name 0 0 0
2862 16315 65 63 Name 0 0 0
603 14489 99 50 Name 0 0 0
1633 5369 64 61 Name 0 0 0
14976 15630 100 58 Name 0 0 0
8645 15377 118 50 Name 0 0 0
12575 2932 102 47 Name 0 0 0
11287 508 64 57 Name 0 0 0
3078 6957 113 37 Name 0 0 0
13371 8714 123 33 Name 0 0 0
3175 11835 120 53 Name 0 0 0
2739 16236 90 43 Name 0 0 0
7570 5752 68 49 Name 0 0 0
5186 13912 116 48 Name 0 0 0
7820 10260 76 33 Name 0 0 0
16364 8708 88 60 Name 0 0 0
11378 11944 111 54 Name 0 0 0
6458 3873 67 42 Name 0 0 0
3242 5270 89 44 Name 0 0 0
8009 10711 78 43 Name 0 0 0
11805 11205 86 62 Name 0 0 0
16201 2749 65 47 Name 0 0 0
3967 1222 75 50 Name 0 0 0
10367 10632 112 60 Name 0 0 0
14882 13888 105 36 Name 0 0 0
9324 15935 125 52 Name 0 0 0
13759 2177 128 62 Name 0 0 0
13276 11786 107 57 Name 0 0 0
10780 7838 123 55 Name 0 0 0
9036 11487 119 48 Name 0 0 0
9391 3914 87 62 Name 0 0 0
2076 5591 77 44 Name 0 0 0
10825 8449 98 45 Name 0 0 0
12098 863 66 39 Name 0 0 0
4340 3173 124 46 Name 0 0 0
8184 2323 80 61 Name 0 0 0
15669 13195 89 62 Name 0 0 0
11979 9219 92 54 Name 0 0 0
8996 2615 126 34 Name 0 0 0
3513 8945 105 50 Name 0 0 0
61 661 65 62 Name 0 0 0
16155 11757 108 37 Name 0 0 0
4691 9693 76 61 Name 0 0 0
12798 1951 86 34 Name 0 0 0
9620 12614 102 39 Name 0 0 0
9285 6809 117 42 Name 0 0 0
7411 15023 120 32 Name 0 0 0
2845 11179 89 60 Name 0 0 0
6934 10062 106 36 Name 0 0 0
10181 6666 79 35 Name 0 0 0
15307 8186 113 41 Name 0 0 0
12959 7724 73 42 Name 0 0 0
4254 12089 112 51 Name 0 0 0
469 8066 70 62 Name 0 0 0
1806 3375 94 49 Name 0 0 0
6291 11977 98 33 Name 0 0 0
7043 15864 87 44 Name 0 0 0
14722 8785 111 52 Name 0 0 0
12720 8514 93 38 Name 0 0 0
12087 1468 85 33 Name 0 0 0
1213 3278 85 59 Name 0 0 0
12513 31 97 45 Name 0 0 0
9329 410 119 41 Name 0 0 0
10092 11882 82 53 Name 0 0 0
1583 5669 101 56 Name 0 0 0
4447 15709 109 42 Name 0 0 0
11573 3057 92 39 Name 0 0 0
4940 12523 120 57 Name 0 0 0
14952 3825 117 60 Name 0 0 0
13276 5215 84 44 Name 0 0 0
3679 8016 79 37 Name 0 0 0
16037 5892 119 59 Name 0 0 0
10243 3017 123 59 Name 0 0 0
13435 6227 81 34 Name 0 0 0
14799 1821 124 62 Name 0 0 0
16041 3037 119 37 Name 0 0 0
3906 4852 87 37 Name 0 0 0
13261 16138 97 36 Name 0 0 0
7288 1410 116 36 Name 0 0 0
12282 3784 85 54 Name 0 0 0
7792 3990 66 58 Name 0 0 0
5997 15975 106 62 Name 0 0 0
1377 15019 90 58 Name 0 0 0
757 11559 92 51 Name 0 0 0
5147 1884 118 63 Name 0 0 0
1704 8900 115 59 Name 0 0 0
6641 4040 127 54 Name 0 0 0
3704 6934 105 46 Name 0 0 0
1783 562 108 60 Name 0 0 0
3093 11830 79 54 Name 0 0 0
1595 15284 93 37 Name 0 0 0
12159 2574 73 42 Name 0 0 0
13374 12693 71 61 Name 0 0 0
14293 9164 94 57 Name 0 0 0
10961 2876 109 41 Name 0 0 0
1437 15 103 37 Name 0 0 0
9679 11315 77 57 Name 0 0 0
13082 6292 103 59 Name 0 0 0
5714 3253 78 59 Name 0 0 0
2456 7170 75 37 Name 0 0 0
12970 5770 112 57 Name 0 0 0
4869 11020 77 36 Name 0 0 0
10802 2358 115 36 Name 0 0 0
10259 7072 116 48 Name 0 0 0
3893 10589 88 33 Name 0 0 0
2017 3194 124 39 Name 0 0 0
12734 12797 95 43 Name 0 0 0
15463 15496 105 63 Name 0 0 0
7840 14382 71 54 Name 0 0 0
11615 5105 114 63 Name 0 0 0
6533 4643 105 45 Name 0 0 0
12731 1447 83 51 Name 0 0 0
1580 15213 109 55 Name 0 0 0
3938 2394 74 44 Name 0 0 0
7334 12120 98 42 Name 0 0 0
8177 2731 80 56 Name 0 0 0
844 9029 81 39 Name 0 0 0
2951 16312 118 58 Name 0 0 0
407 2904 106 47 Name 0 0 0
3077 4723 91 55 Name 0 0 0
580 4441 122 55 Name 0 0 0
395 8454 107 64 Name 0 0 0
4210 3659 90 60 Name 0 0 0
9338 11510 94 47 Name 0 0 0
14212 3263 99 56 Name 0 0 0
10559 12629 74 52 Name 0 0 0
7772 10889 107 54 Name 0 0 0
15676 15844 81 60 Name 0 0 0
6506 2818 108 60 Name 0 0 0
15462 12153 112 58 Name 0 0 0
3247 455 105 58 Name 0 0 0
2363 16285 72 54 Name 0 0 0
15674 12683 69 41 Name 0 0 0
14645 9407 76 35 Name 0 0 0
13784 2069 73 50 Name 0 0 0
2893 2764 79 63 Name 0 0 0
12969 7663 106 51 Name 0 0 0
5249 16310 67 35 Name 0 0 0
10165 6277 128 55 Name 0 0 0
10261 5999 107 37 Name 0 0 0
13503 8786 78 48 Name 0 0 0
15072 7123 126 36 Name 0 0 0
4794 14464 90 45 Name 0 0 0
11482 992 101 39 Name 0 0 0
10309 6187 98 53 Name 0 0 0
13794 2033 87 37 Name 0 0 0
3123 15132 125 52 Name 0 0 0
16048 10642 83 54 Name 0 0 0
6544 6498 87 46 Name 0 0 0
12100 16229 65 54 Name 0 0 0
6758 13644 79 55 Name 0 0 0
12497 11696 83 39 Name 0 0 0
4097 16118 104 61 Name 0 0 0
13082 4655 99 43 Name 0 0 0
13742 9503 87 50 Name 0 0 0
4769 7985 90 53 Name 0 0 0
9119 12110 91 61 Name 0 0 0
11298 9099 83 35 Name 0 0 0
5471 10677 110 48 Name 0 0 0
4485 10576 94 54 Name 0 0 0
500 7334 65 44 Name 0 0 0
3893 14889 115 44 Name 0 0 0
15664 12900 115 37 Name 0 0 0
15430 11912 71 52 Name 0 0 0
9595 3455 115 63 Name 0 0 0
16131 5999 116 63 Name 0 0 0
1832 13007 87 33 Name 0 0 0
6768 4523 114 40 Name 0 0 0
2559 12916 68 32 Name 0 0 0
4956 7261 87 55 Name 0 0 0
8550 12465 122 55 Name 0 0 0
9968 3013 85 59 Name 0 0 0
10216 13465 115 46 Name 0 0 0
15548 4059 126 50 Name 0 0 0
8478 14283 112 63 Name 0 0 0
6284 15681 79 44 Name 0 0 0
13585 3395 86 44 Name 0 0 0
16331 2811 109 62 Name 0 0 0
8239 1103 64 60 Name 0 0 0
7687 2847 77 54 Name 0 0 0
12074 1029 65 45 Name 0 0 0
338 4364 72 53 Name 0 0 0
2022 15195 118 62 Name 0 0 0
5840 1912 122 51 Name 0 0 0
14666 14813 83 42 Name 0 0 0
15716 8788 98 64 Name 0 0 0
6830 476 83 37 Name 0 0 0
7327 1384 128 41 Name 0 0 0
5378 9878 118 55 Name 0 0 0
8300 5000 117 43 Name 0 0 0
15942 14710 120 38 Name 0 0 0
1193 15989 90 58 Name 0 0 0
4789 5079 112 61 Name 0 0 0
11631 2940 111 35 Name 0 0 0
11905 2648 79 60 Name 0 0 0
3881 6041 70 56 Name 0 0 0
9764 77 111 63 Name 0 0 0
7522 2167 65 62 Name 0 0 0
9097 12529 89 55 Name 0 0 0
5052 7778 107 50 Name 0 0 0
11740 15934 124 47 Name 0 0 0
14136 5505 75 47 Name 0 0 0
7158 1414 118 54 Name 0 0 0
6875 15817 98 53 Name 0 0 0
5584 11794 123 40 Name 0 0 0
11784 12362 95 40 Name 0 0 0
9209 1478 82 51 Name 0 0 0
382 10934 117 55 Name 0 0 0
11822 2183 85 46 Name 0 0 0
3549 4411 95 62 Name 0 0 0
11908 15308 84 43 Name 0 0 0
15689 13995 95 47 Name 0 0 0
10379 14206 75 39 Name 0 0 0
5266 8526 74 41 Name 0 0 0
5771 10775 107 59 Name 0 0 0
2391 11273 84 56 Name 0 0 0
15908 7166 81 33 Name 0 0 0
12900 7886 128 43 Name 0 0 0
1601 5107 99 37 Name 0 0 0
10147 14426 95 43 Name 0 0 0
2772 6258 117 40 Name 0 0 0
560 6197 120 45 Name 0 0 0
14766 4437 65 57 Name 0 0 0
2734 4327 111 56 Name 0 0 0
7154 16133 105 36 Name 0 0 0
9898 4392 103 50 Name 0 0 0
5112 14466 103 42 Name 0 0 0
15975 6469 85 63 Name 0 0 0
12623 14337 121 40 Name 0 0 0
14663 2181 91 60 Name 0 0 0
7471 4499 66 43 Name 0 0 0
13619 7735 78 44 Name 0 0 0
8871 13205 116 56 Name 0 0 0
9946 3074 121 40 Name 0 0 0
478 6725 96 48 Name 0 0 0
7442 11536 106 37 Name 0 0 0
14129 7320 95 42 Name 0 0 0
8392 14062 99 57 Name 0 0 0
5140 6434 102 56 Name 0 0 0
5202 13906 96 38 Name 0 0 0
11817 2323 84 41 Name 0 0 0
12202 204 95 64 Name 0 0 0
8194 15005 110 60 Name 0 0 0
2859 5267 108 39 Name 0 0 0
8829 10396 70 32 Name 0 0 0
1960 10355 127 52 Name 0 0 0
15755 6547 127 47 Name 0 0 0
4402 13038 108 35 Name 0 0 0
3663 2840 94 63 Name 0 0 0
15436 12603 83 46 Name 0 0 0
8715 7403 74 60 Name 0 0 0
7447 5097 99 51 Name 0 0 0
13087 10887 88 35 Name 0 0 0
4053 130 94 41 Name 0 0 0
5284 5111 94 54 Name 0 0 0
5359 4520 90 58 Name 0 0 0
7858 6553 107 58 Name 0 0 0
11033 1687 91 39 Name 0 0 0
1157 1966 106 56 Name 0 0 0
1025 3655 115 32 Name 0 0 0
10032 15543 128 51 Name 0 0 0
10917 449 124 34 Name 0 0 0
2545 13646 68 36 Name 0 0 0
10007 6166 79 44 Name 0 0 0
11979 7886 128 38 Name 0 0 0
9811 1704 69 38 Name 0 0 0
7412 10241 120 56 Name 0 0 0
2822 2509 84 61 Name 0 0 0
7433 10791 105 39 Name 0 0 0
16089 9919 127 32 Name 0 0 0
9196 1414 82 54 Name 0 0 0
13382 1727 66 44 Name 0 0 0
3900 11521 80 58 Name 0 0 0
1940 9736 112 45 Name 0 0 0
7214 13671 69 42 Name 0 0 0
4945 3772 103 42 Name 0 0 0
2426 1914 105 38 Name 0 0 0
12167 2125 126 60 Name 0 0 0
7602 12841 87 51 Name 0 0 0
4799 15553 76 39 Name 0 0 0
4602 3353 78 35 Name 0 0 0
2765 555 124 38 Name 0 0 0
6592 3709 119 45 Name 0 0 0
10112 12389 111 60 Name 0 0 0
8924 7575 128 39 Name 0 0 0
2684 10558 101 60 Name 0 0 0
5240 6855 122 53 Name 0 0 0
4215 7300 115 56 Name 0 0 0
1750 15181 120 39 Name 0 0 0
3008 465 87 42 Name 0 0 0
3811 14057 72 57 Name 0 0 0
5665 8845 95 48 Name 0 0 0
9509 13180 123 53 Name 0 0 0
15987 12400 69 33 Name 0 0 0
6630 10036 82 61 Name 0 0 0
9901 12928 116 61 Name 0 0 0
12020 6732 111 50 Name 0 0 0
9825 10209 80 61 Name 0 0 0
7216 11455 105 45 Name 0 0 0
7538 10359 108 38 Name 0 0 0
328 1396 114 42 Name 0 0 0
3485 2992 72 50 Name 0 0 0
11572 5790 103 49 Name 0 0 0
7647 13978 125 49 Name 0 0 0
10004 691 76 43 Name 0 0 0
4264 7885 107 54 Name 0 0 0
15786 4933 88 40 Name 0 0 0
256 3458 102 34 Name 0 0 0
10740 7784 66 43 Name 0 0 0
7650 481 108 40 Name 0 0 0
8490 5703 116 55 Name 0 0 0
1078 814 107 32 Name 0 0 0
4124 11367 82 45 Name 0 0 0
12247 102 71 44 Name 0 0 0
6373 6367 111 42 Name 0 0 0
13637 2267 120 58 Name 0 0 0
9985 6895 84 51 Name 0 0 0
10038 10919 113 51 Name 0 0 0
9643 10032 71 42 Name 0 0 0
13817 1072 118 36 Name 0 0 0
10715 15458 109 35 Name 0 0 0
9698 382 120 43 Name 0 0 0
1248 1202 69 37 Name 0 0 0
8855 11192 119 58 Name 0 0 0
7181 9070 108 44 Name 0 0 0
14797 10386 126 64 Name 0 0 0
4037 11692 74 39 Name 0 0 0
3783 3410 104 47 Name 0 0 0
1013 11911 85 51 Name 0 0 0
15042 15130 77 34 Name 0 0 0
14382 998 95 50 Name 0 0 0
14370 5136 123 34 Name 0 0 0
4389 15328 80 38 Name 0 0 0
3872 2438 75 36 Name 0 0 0
876 6792 67 53 Name 0 0 0
13801 10039 81 40 Name 0 0 0
11627 7265 82 50 Name 0 0 0
14530 12505 112 35 Name 0 0 0
13117 10383 76 62 Name 0 0 0
6257 13787 103 53 Name 0 0 0
96 12440 114 33 Name 0 0 0
11066 6970 74 36 Name 0 0 0
14424 9861 102 42 Name 0 0 0
14601 16355 99 38 Name 0 0 0
3397 15535 99 46 Name 0 0 0
14942 869 73 34 Name 0 0 0
12647 1267 95 50 Name 0 0 0
14094 14606 110 37 Name 0 0 0
4047 8101 111 35 Name 0 0 0
9869 5053 105 33 Name 0 0 0
10004 5395 80 47 Name 0 0 0
166 6725 94 51 Name 0 0 0
10744 13080 89 33 Name 0 0 0
218 5483 113 40 Name 0 0 0
6454 3178 114 50 Name 0 0 0
7920 11386 71 55 Name 0 0 0
6110 13732 100 38 Name 0 0 0
11387 15834 80 55 Name 0 0 0
3301 12418 122 50 Name 0 0 0
2962 7950 121 61 Name 0 0 0
8191 9331 104 35 Name 0 0 0
8841 5521 69 56 Name 0 0 0
14960 10103 110 55 Name 0 0 0
10059 3257 104 57 Name 0 0 0
8319 5338 79 40 Name 0 0 0
10418 8529 73 37 Name 0 0 0
8176 14006 91 33 Name 0 0 0
7400 4722 92 47 Name 0 0 0
9751 9184 75 56 Name 0 0 0
9866 14511 81 50 Name 0 0 0
7900 6507 76 50 Name 0 0 0
15675 13135 124 59 Name 0 0 0
6543 2773 103 60 Name 0 0 0
6851 13839 82 43 Name 0 0 0
6417 15929 111 44 Name 0 0 0
9521 8107 86 37 Name 0 0 0
3733 2312 70 33 Name 0 0 0
9463 2866 125 46 Name 0 0 0
2811 7705 107 37 Name 0 0 0
3315 15777 124 60 Name 0 0 0
11729 13711 96 43 Name 0 0 0
12730 2596 84 53 Name 0 0 0
7672 14969 101 39 Name 0 0 0
10297 4599 101 48 Name 0 0 0
4272 14477 114 46 Name 0 0 0
14275 5697 103 54 Name 0 0 0
15938 4143 64 43 Name 0 0 0
373 11169 107 44 Name 0 0 0
9867 8014 70 39 Name 0 0 0
9361 7873 116 42 Name 0 0 0
15635 5540 90 50 Name 0 0 0
10787 1420 118 61 Name 0 0 0
10543 16183 101 53 Name 0 0 0
2177 3107 88 37 Name 0 0 0
13662 10092 77 36 Name 0 0 0
15367 11954 96 49 Name 0 0 0
15616 1340 124 43 Name 0 0 0
7807 5119 74 62 Name 0 0 0
4078 15994 102 53 Name 0 0 0
13868 10952 112 33 Name 0 0 0
9304 10454 101 33 Name 0 0 0
9625 12749 117 56 Name 0 0 0
4067 8764 114 57 Name 0 0 0
13045 12177 105 47 Name 0 0 0
10281 3528 89 51 Name 0 0 0
4909 6802 103 42 Name 0 0 0
15227 13702 95 57 Name 0 0 0
5442 2543 98 47 Name 0 0 0
13283 9212 67 59 Name 0 0 0
2645 4167 88 60 Name 0 0 0
11300 4142 101 55 Name 0 0 0
1441 7725 98 35 Name 0 0 0
14758 14919 68 52 Name 0 0 0
7556 15810 119 35 Name 0 0 0
968 11301 114 61 Name 0 0 0
2279 5154 123 54 Name 0 0 0
2660 5596 117 48 Name 0 0 0
5304 12885 74 38 Name 0 0 0
7369 10848 78 41 Name 0 0 0
6358 14372 96 46 Name 0 0 0
4207 5434 123 63 Name 0 0 0
12428 3768 99 53 Name 0 0 0
10712 6849 110 56 Name 0 0 0
7630 12752 99 52 Name 0 0 0
15071 10056 70 37 Name 0 0 0
184 11076 100 61 Name 0 0 0
14897 13668 64 44 Name 0 0 0
13847 607 99 43 Name 0 0 0
13144 12859 86 56 Name 0 0 0
14785 16322 126 54 Name 0 0 0
7512 12048 83 45 Name 0 0 0
15061 13233 104 61 Name 0 0 0
2875 13233 128 46 Name 0 0 0
1405 9745 78 63 Name 0 0 0
7130 4201 76 42 Name 0 0 0
6418 7765 111 39 Name 0 0 0
15461 3116 98 45 Name 0 0 0
15089 246 120 58 Name 0 0 0
5995 7698 97 42 Name 0 0 0
13685 894 83 39 Name 0 0 0
15587 9310 127 41 Name 0 0 0
9224 3897 113 55 Name 0 0 0
3016 1045 66 61 Name 0 0 0
1629 201 89 51 Name 0 0 0
12887 14981 123 51 Name 0 0 0
11159 343 69 52 Name 0 0 0
2198 7555 117 57 Name 0 0 0
11812 11520 104 48 Name 0 0 0
15233 1166 75 54 Name 0 0 0
451 14240 81 57 Name 0 0 0
1147 10145 72 36 Name 0 0 0
5821 318 107 35 Name 0 0 0
8401 8347 80 43 Name 0 0 0
7117 3214 74 59 Name 0 0 0
320 16347 65 59 Name 0 0 0
14068 15450 66 61 Name 0 0 0
15203 6987 98 57 Name 0 0 0
575 10654 120 55 Name 0 0 0
14780 15783 74 43 Name 0 0 0
12314 10425 109 46 Name 0 0 0
4849 5679 105 54 Name 0 0 0
648 13431 98 55 Name 0 0 0
13774 8691 64 42 Name 0 0 0
4304 13947 102 62 Name 0 0 0
385 6372 107 56 Name 0 0 0
12203 3782 96 53 Name 0 0 0
14099 2856 81 52 Name 0 0 0
3360 12420 88 54 Name 0 0 0
12502 2526 65 40 Name 0 0 0
10038 7580 85 58 Name 0 0 0
13099 5815 88 55 Name 0 0 0
2862 6090 91 39 Name 0 0 0
2477 1758 69 50 Name 0 0 0
6209 12304 75 56 Name 0 0 0
1449 7827 84 41 Name 0 0 0
10123 11936 124 64 Name 0 0 0
16188 3744 96 39 Name 0 0 0
5732 15550 100 64 Name 0 0 0
4332 887 112 46 Name 0 0 0
5289 14767 89 59 Name 0 0 0
4480 14271 70 54 Name 0 0 0
9138 1566 93 51 Name 0 0 0
3848 15192 111 64 Name 0 0 0
2126 14492 72 53 Name 0 0 0
8348 289 65 40 Name 0 0 0
9658 3463 86 58 Name 0 0 0
16337 8946 86 53 Name 0 0 0
14993 210 124 54 Name 0 0 0
2259 6564 99 54 Name 0 0 0
14198 452 110 41 Name 0 0 0
1347 33 86 39 Name 0 0 0
10571 5785 110 37 Name 0 0 0
1102 4867 117 32 Name 0 0 0
902 11651 76 58 Name 0 0 0
2204 501 73 38 Name 0 0 0
8542 2670 79 53 Name 0 0 0
7283 16022 100 59 Name 0 0 0
9216 8288 82 46 Name 0 0 0
6175 15224 72 52 Name 0 0 0
2530 14786 92 61 Name 0 0 0
13201 7685 87 54 Name 0 0 0
4829 15029 66 49 Name 0 0 0
12325 9357 99 48 Name 0 0 0
7544 15736 102 54 Name 0 0 0
11124 13423 108 49 Name 0 0 0
4295 7670 87 54 Name 0 0 0
5458 16122 87 38 Name 0 0 0
5402 943 106 63 Name 0 0 0
8995 4085 125 63 Name 0 0 0
5812 8012 117 63 Name 0 0 0
3556 15689 124 54 Name 0 0 0
13918 10620 84 43 Name 0 0 0
1162 1708 119 39 Name 0 0 0
4100 7592 108 32 Name 0 0 0
6245 14356 93 47 Name 0 0 0
13386 9667 123 62 Name 0 0 0
8561 6142 95 64 Name 0 0 0
7159 2530 102 59 Name 0 0 0
5368 6556 78 50 Name 0 0 0
15589 14637 128 48 Name 0 0 0
4609 5119 92 42 Name 0 0 0
4217 7126 124 52 Name 0 0 0
5282 46 104 35 Name 0 0 0
9467 13283 72 51 Name 0 0 0
12 12921 110 37 Name 0 0 0
15199 6738 120 63 Name 0 0 0
15564 12661 127 46 Name 0 0 0
6663 9222 103 38 Name 0 0 0
6226 13776 113 52 Name 0 0 0
4452 12518 101 37 Name 0 0 0
1563 3995 120 58 Name 0 0 0
14570 3158 100 49 Name 0 0 0
11078 10022 72 63 Name 0 0 0
10103 12529 93 59 Name 0 0 0
11769 16065 109 42 Name 0 0 0
13320 4657 78 54 Name 0 0 0
5588 6163 95 50 Name 0 0 0
1594 852 68 60 Name 0 0 0
7341 15938 118 51 Name 0 0 0
74 15819 67 62 Name 0 0 0
614 853 107 39 Name 0 0 0
1775 14917 77 35 Name 0 0 0
3065 10392 115 50 Name 0 0 0
12247 14834 119 55 Name 0 0 0
13477 15419 91 37 Name 0 0 0
5772 11358 83 45 Name 0 0 0
10128 2694 104 57 Name 0 0 0
3917 8747 111 41 Name 0 0 0
734 11728 79 40 Name 0 0 0
688 3495 81 39 Name 0 0 0
10345 522 86 34 Name 0 0 0
7298 7354 91 39 Name 0 0 0
8610 6979 108 45 Name 0 0 0
5353 293 72 62 Name 0 0 0
5720 14974 126 59 Name 0 0 0
12482 7778 124 38 Name 0 0 0
9392 15567 98 41 Name 0 0 0
13909 1897 102 58 Name 0 0 0
4218 11097 87 37 Name 0 0 0
33 11357 84 43 Name 0 0 0
670 5843 115 46 Name 0 0 0
15650 16005 89 55 Name 0 0 0
3866 15899 107 53 Name 0 0 0
2709 1618 106 55 Name 0 0 0
6523 10992 92 61 Name 0 0 0
15264 8483 87 40 Name 0 0 0
5448 6023 105 59 Name 0 0 0
6420 875 85 52 Name 0 0 0
15132 6742 113 57 Name 0 0 0
14789 13596 110 44 Name 0 0 0
378 11828 116 64 Name 0 0 0
6874 198 120 53 Name 0 0 0
15434 8891 81 33 Name 0 0 0
1783 2102 108 48 Name 0 0 0
10519 11538 124 38 Name 0 0 0
12512 4156 78 48 Name 0 0 0
6794 9751 119 34 Name 0 0 0
15454 15462 75 57 Name 0 0 0
13445 1320 70 57 Name 0 0 0
10444 14187 111 58 Name 0 0 0
8196 13513 78 57 Name 0 0 0
1060 1599 98 64 Name 0 0 0
9156 13866 69 58 Name 0 0 0
4198 7711 125 61 Name 0 0 0
3594 4791 98 53 Name 0 0 0
973 2051 87 59 Name 0 0 0
12332 137 120 33 Name 0 0 0
13319 12128 88 44 Name 0 0 0
6700 10509 97 44 Name 0 0 0
11036 14281 97 51 Name 0 0 0
677 12346 89 57 Name 0 0 0
3272 708 123 50 Name 0 0 0
15972 2094 77 39 Name 0 0 0
4639 16346 84 63 Name 0 0 0
5466 2486 111 54 Name 0 0 0
1519 2608 81 36 Name 0 0 0
12029 6179 79 50 Name 0 0 0
4704 1318 89 49 Name 0 0 0
5805 9915 108 33 Name 0 0 0
7644 7747 111 48 Name 0 0 0
3610 15705 87 57 Name 0 0 0
1450 5239 117 59 Name 0 0 0
15911 12052 107 57 Name 0 0 0
2960 4739 74 49 Name 0 0 0
6091 10680 122 56 Name 0 0 0
7219 15471 77 49 Name 0 0 0
15653 13113 94 48 Name 0 0 0
8597 1120 123 40 Name 0 0 0
2885 10286 94 56 Name 0 0 0
9015 5038 108 41 Name 0 0 0
8667 1551 98 59 Name 0 0 0
3816 8077 65 52 Name 0 0 0
13497 12875 83 41 Name 0 0 0
741 14918 98 42 Name 0 0 0
16165 2867 114 62 Name 0 0 0
7902 1238 93 46 Name 0 0 0
4683 13684 127 43 Name 0 0 0
10359 13955 87 43 Name 0 0 0
x-Min=0
x-Max=16384
y-Min=0
y-Max=16384
min label height=32.0
max label height=64.0
min label width=64.0
max label width=128.0
