1024
7660 6512 375 16 Name 0 0 0
1636 2641 38 16 Name 0 0 0
3143 2319 314 16 Name 0 0 0
6685 2570 442 16 Name 0 0 0
4209 2245 187 16 Name 0 0 0
965 6384 251 16 Name 0 0 0
2477 8000 511 16 Name 0 0 0
6900 1524 316 16 Name 0 0 0
7573 7028 118 16 Name 0 0 0
3775 3271 210 16 Name 0 0 0
3169 7570 111 16 Name 0 0 0
6874 5780 176 16 Name 0 0 0
6397 648 293 16 Name 0 0 0
5378 4512 259 16 Name 0 0 0
449 3021 168 16 Name 0 0 0
1215 964 333 16 Name 0 0 0
1701 6918 501 16 Name 0 0 0
2228 6174 299 16 Name 0 0 0
3959 3145 160 16 Name 0 0 0
4449 1649 110 16 Name 0 0 0
5597 6204 429 16 Name 0 0 0
4060 5454 236 16 Name 0 0 0
2331 1278 483 16 Name 0 0 0
4570 2738 373 16 Name 0 0 0
3105 2549 360 16 Name 0 0 0
393 2463 270 16 Name 0 0 0
3283 347 100 16 Name 0 0 0
5385 2197 440 16 Name 0 0 0
2471 8152 270 16 Name 0 0 0
6387 5208 286 16 Name 0 0 0
6973 2137 291 16 Name 0 0 0
7020 5223 296 16 Name 0 0 0
4172 3653 457 16 Name 0 0 0
3729 7695 270 16 Name 0 0 0
2997 5309 91 16 Name 0 0 0
7204 1257 477 16 Name 0 0 0
278 5959 271 16 Name 0 0 0
2641 4255 185 16 Name 0 0 0
1479 3474 115 16 Name 0 0 0
2351 5876 510 16 Name 0 0 0
5985 7444 510 16 Name 0 0 0
5537 6827 333 16 Name 0 0 0
1588 7864 482 16 Name 0 0 0
5724 5006 37 16 Name 0 0 0
6534 3758 282 16 Name 0 0 0
3962 1028 318 16 Name 0 0 0
5797 4706 256 16 Name 0 0 0
7263 562 229 16 Name 0 0 0
1831 1031 65 16 Name 0 0 0
3704 6071 471 16 Name 0 0 0
2456 3039 289 16 Name 0 0 0
5319 7336 414 16 Name 0 0 0
912 2764 71 16 Name 0 0 0
3239 2430 388 16 Name 0 0 0
6550 4794 235 16 Name 0 0 0
1115 3291 337 16 Name 0 0 0
1319 4807 500 16 Name 0 0 0
3520 1406 66 16 Name 0 0 0
4366 2508 217 16 Name 0 0 0
8138 3191 70 16 Name 0 0 0
5039 5815 290 16 Name 0 0 0
3808 6537 312 16 Name 0 0 0
3477 7441 399 16 Name 0 0 0
948 6497 469 16 Name 0 0 0
5109 5049 177 16 Name 0 0 0
1114 4128 108 16 Name 0 0 0
5956 3622 167 16 Name 0 0 0
2566 1608 222 16 Name 0 0 0
2393 128 334 16 Name 0 0 0
6888 7892 182 16 Name 0 0 0
3501 6484 60 16 Name 0 0 0
2948 7410 169 16 Name 0 0 0
3564 564 394 16 Name 0 0 0
4480 4838 401 16 Name 0 0 0
4043 4888 33 16 Name 0 0 0
5981 5097 134 16 Name 0 0 0
3820 1835 426 16 Name 0 0 0
426 2356 168 16 Name 0 0 0
3530 3144 190 16 Name 0 0 0
199 2124 489 16 Name 0 0 0
7862 6324 397 16 Name 0 0 0
3586 4699 446 16 Name 0 0 0
6469 3981 501 16 Name 0 0 0
6537 6168 436 16 Name 0 0 0
7337 3257 273 16 Name 0 0 0
2215 543 295 16 Name 0 0 0
4830 4212 139 16 Name 0 0 0
1494 1223 306 16 Name 0 0 0
7419 386 159 16 Name 0 0 0
3848 558 428 16 Name 0 0 0
1630 6801 246 16 Name 0 0 0
646 4939 192 16 Name 0 0 0
6651 1542 282 16 Name 0 0 0
4549 2717 338 16 Name 0 0 0
881 215 331 16 Name 0 0 0
6819 1907 245 16 Name 0 0 0
6690 8106 195 16 Name 0 0 0
541 1219 453 16 Name 0 0 0
6528 1263 51 16 Name 0 0 0
302 5657 501 16 Name 0 0 0
3853 6769 326 16 Name 0 0 0
813 7023 435 16 Name 0 0 0
6206 3080 213 16 Name 0 0 0
5177 1271 428 16 Name 0 0 0
1148 618 102 16 Name 0 0 0
5808 3445 396 16 Name 0 0 0
6051 2819 185 16 Name 0 0 0
6973 2140 44 16 Name 0 0 0
5742 8024 74 16 Name 0 0 0
3603 2304 74 16 Name 0 0 0
7411 5710 317 16 Name 0 0 0
3532 695 378 16 Name 0 0 0
1370 6521 294 16 Name 0 0 0
7238 3946 408 16 Name 0 0 0
4649 5343 209 16 Name 0 0 0
787 2276 355 16 Name 0 0 0
3499 186 335 16 Name 0 0 0
7127 4406 443 16 Name 0 0 0
3833 5722 436 16 Name 0 0 0
4538 5393 76 16 Name 0 0 0
6270 6325 284 16 Name 0 0 0
7795 1515 231 16 Name 0 0 0
7201 2062 488 16 Name 0 0 0
5867 2611 469 16 Name 0 0 0
5463 5002 146 16 Name 0 0 0
6590 2623 341 16 Name 0 0 0
801 1171 449 16 Name 0 0 0
3973 4114 298 16 Name 0 0 0
5394 5163 358 16 Name 0 0 0
324 4197 404 16 Name 0 0 0
5858 789 457 16 Name 0 0 0
5946 3843 392 16 Name 0 0 0
6185 6832 92 16 Name 0 0 0
6258 7761 341 16 Name 0 0 0
1519 6742 411 16 Name 0 0 0
5726 2419 95 16 Name 0 0 0
1564 475 89 16 Name 0 0 0
1330 3395 74 16 Name 0 0 0
537 7116 219 16 Name 0 0 0
6565 7432 146 16 Name 0 0 0
8058 4100 381 16 Name 0 0 0
2268 3872 56 16 Name 0 0 0
6722 7252 403 16 Name 0 0 0
5115 8184 506 16 Name 0 0 0
1360 3040 173 16 Name 0 0 0
6592 7639 416 16 Name 0 0 0
2519 6343 95 16 Name 0 0 0
6371 6332 391 16 Name 0 0 0
6352 5299 174 16 Name 0 0 0
4320 6368 262 16 Name 0 0 0
3462 3846 269 16 Name 0 0 0
7310 3134 472 16 Name 0 0 0
4269 4912 194 16 Name 0 0 0
7577 4789 490 16 Name 0 0 0
85 4255 211 16 Name 0 0 0
1673 3386 310 16 Name 0 0 0
6330 7996 433 16 Name 0 0 0
4113 4049 415 16 Name 0 0 0
3463 6163 104 16 Name 0 0 0
5687 381 196 16 Name 0 0 0
6957 7477 305 16 Name 0 0 0
1985 3496 376 16 Name 0 0 0
7765 4972 148 16 Name 0 0 0
3550 5732 350 16 Name 0 0 0
163 7039 501 16 Name 0 0 0
5893 7183 99 16 Name 0 0 0
6418 2417 228 16 Name 0 0 0
4480 6530 45 16 Name 0 0 0
4541 819 402 16 Name 0 0 0
3512 1533 424 16 Name 0 0 0
6108 4783 359 16 Name 0 0 0
2667 7558 324 16 Name 0 0 0
2696 7593 292 16 Name 0 0 0
754 687 237 16 Name 0 0 0
175 3026 150 16 Name 0 0 0
3763 1401 503 16 Name 0 0 0
1123 3245 188 16 Name 0 0 0
252 7451 283 16 Name 0 0 0
4336 4003 472 16 Name 0 0 0
3892 2505 156 16 Name 0 0 0
1159 7553 157 16 Name 0 0 0
3073 1248 152 16 Name 0 0 0
3096 6758 293 16 Name 0 0 0
5355 4549 403 16 Name 0 0 0
3909 7226 395 16 Name 0 0 0
6281 6518 70 16 Name 0 0 0
6793 3597 303 16 Name 0 0 0
5482 1939 306 16 Name 0 0 0
3437 1803 275 16 Name 0 0 0
1671 2483 510 16 Name 0 0 0
4324 7527 83 16 Name 0 0 0
1920 6499 320 16 Name 0 0 0
7468 496 48 16 Name 0 0 0
3924 977 244 16 Name 0 0 0
6082 4945 62 16 Name 0 0 0
4207 5896 290 16 Name 0 0 0
737 6798 125 16 Name 0 0 0
347 5126 504 16 Name 0 0 0
8128 7373 319 16 Name 0 0 0
6788 5148 198 16 Name 0 0 0
41 2979 290 16 Name 0 0 0
6420 614 91 16 Name 0 0 0
859 1421 136 16 Name 0 0 0
4750 3166 317 16 Name 0 0 0
2248 8091 120 16 Name 0 0 0
137 298 197 16 Name 0 0 0
7544 5972 275 16 Name 0 0 0
6957 3096 364 16 Name 0 0 0
2336 4054 362 16 Name 0 0 0
2669 6147 385 16 Name 0 0 0
946 36 432 16 Name 0 0 0
4225 7339 412 16 Name 0 0 0
6219 2851 43 16 Name 0 0 0
123 4223 99 16 Name 0 0 0
1750 3763 230 16 Name 0 0 0
5495 3267 418 16 Name 0 0 0
6482 7977 351 16 Name 0 0 0
1619 363 321 16 Name 0 0 0
5401 747 487 16 Name 0 0 0
7484 7845 33 16 Name 0 0 0
6653 2961 277 16 Name 0 0 0
588 6363 65 16 Name 0 0 0
6031 8191 484 16 Name 0 0 0
565 4341 445 16 Name 0 0 0
3960 1804 298 16 Name 0 0 0
234 456 447 16 Name 0 0 0
2501 1491 236 16 Name 0 0 0
1190 6814 231 16 Name 0 0 0
1274 5278 116 16 Name 0 0 0
3143 5335 179 16 Name 0 0 0
4844 1722 278 16 Name 0 0 0
1849 5378 38 16 Name 0 0 0
6197 2631 446 16 Name 0 0 0
2888 4481 242 16 Name 0 0 0
572 4466 459 16 Name 0 0 0
1527 5587 422 16 Name 0 0 0
6617 6826 318 16 Name 0 0 0
2239 6036 500 16 Name 0 0 0
6114 4013 163 16 Name 0 0 0
4714 7805 463 16 Name 0 0 0
2665 2126 473 16 Name 0 0 0
2087 8145 173 16 Name 0 0 0
1021 1857 491 16 Name 0 0 0
1829 6523 47 16 Name 0 0 0
3816 7829 227 16 Name 0 0 0
4895 7241 47 16 Name 0 0 0
7638 1570 368 16 Name 0 0 0
537 5502 482 16 Name 0 0 0
7383 1826 459 16 Name 0 0 0
7210 3307 312 16 Name 0 0 0
5924 2326 298 16 Name 0 0 0
431 4583 43 16 Name 0 0 0
2678 2994 274 16 Name 0 0 0
3794 5879 62 16 Name 0 0 0
4079 7636 315 16 Name 0 0 0
3002 1924 287 16 Name 0 0 0
6685 1613 440 16 Name 0 0 0
3028 7871 126 16 Name 0 0 0
5855 6968 232 16 Name 0 0 0
1388 7857 356 16 Name 0 0 0
4570 1704 74 16 Name 0 0 0
4662 2634 182 16 Name 0 0 0
8061 2898 378 16 Name 0 0 0
2904 2377 488 16 Name 0 0 0
3827 2872 437 16 Name 0 0 0
3539 5335 375 16 Name 0 0 0
3936 7441 338 16 Name 0 0 0
6311 2063 184 16 Name 0 0 0
2869 340 492 16 Name 0 0 0
3210 7969 131 16 Name 0 0 0
4134 4037 406 16 Name 0 0 0
1409 7056 489 16 Name 0 0 0
4585 647 428 16 Name 0 0 0
7896 786 432 16 Name 0 0 0
2240 849 151 16 Name 0 0 0
8102 4740 371 16 Name 0 0 0
4594 781 159 16 Name 0 0 0
109 4635 401 16 Name 0 0 0
1317 3357 453 16 Name 0 0 0
871 381 201 16 Name 0 0 0
573 2272 214 16 Name 0 0 0
7305 5517 403 16 Name 0 0 0
5557 5936 186 16 Name 0 0 0
923 4099 173 16 Name 0 0 0
3591 4503 370 16 Name 0 0 0
4945 1221 267 16 Name 0 0 0
5438 6978 433 16 Name 0 0 0
4900 1944 377 16 Name 0 0 0
4835 1700 147 16 Name 0 0 0
6909 5283 175 16 Name 0 0 0
3973 3266 97 16 Name 0 0 0
2198 6262 95 16 Name 0 0 0
7016 6358 398 16 Name 0 0 0
5595 581 174 16 Name 0 0 0
6343 357 80 16 Name 0 0 0
4475 6445 253 16 Name 0 0 0
1974 6333 404 16 Name 0 0 0
2188 5858 271 16 Name 0 0 0
6746 7584 503 16 Name 0 0 0
2455 4546 82 16 Name 0 0 0
6506 3292 219 16 Name 0 0 0
7990 5880 185 16 Name 0 0 0
7498 5095 106 16 Name 0 0 0
954 7641 137 16 Name 0 0 0
4109 2134 509 16 Name 0 0 0
2507 7817 249 16 Name 0 0 0
7370 7618 495 16 Name 0 0 0
1889 1939 51 16 Name 0 0 0
6902 365 152 16 Name 0 0 0
388 5667 363 16 Name 0 0 0
4746 7840 433 16 Name 0 0 0
7341 6099 333 16 Name 0 0 0
3533 74 78 16 Name 0 0 0
2329 2237 195 16 Name 0 0 0
7354 5692 120 16 Name 0 0 0
986 2180 167 16 Name 0 0 0
7827 7581 131 16 Name 0 0 0
168 1471 76 16 Name 0 0 0
1460 2218 159 16 Name 0 0 0
7153 2383 336 16 Name 0 0 0
2972 7425 100 16 Name 0 0 0
6875 4579 202 16 Name 0 0 0
4316 7180 250 16 Name 0 0 0
4048 1459 153 16 Name 0 0 0
2949 2552 100 16 Name 0 0 0
5619 3933 161 16 Name 0 0 0
3736 8119 372 16 Name 0 0 0
940 700 344 16 Name 0 0 0
6462 992 82 16 Name 0 0 0
6493 7109 334 16 Name 0 0 0
5079 5971 506 16 Name 0 0 0
2269 7721 89 16 Name 0 0 0
657 431 195 16 Name 0 0 0
4642 4444 466 16 Name 0 0 0
8143 3377 206 16 Name 0 0 0
5517 4336 46 16 Name 0 0 0
4994 1189 96 16 Name 0 0 0
1675 3687 157 16 Name 0 0 0
3436 5040 373 16 Name 0 0 0
1044 4705 505 16 Name 0 0 0
4871 7662 202 16 Name 0 0 0
1534 3951 452 16 Name 0 0 0
5295 4304 78 16 Name 0 0 0
7763 2096 432 16 Name 0 0 0
2899 2805 194 16 Name 0 0 0
534 7775 319 16 Name 0 0 0
963 4254 181 16 Name 0 0 0
2898 2723 48 16 Name 0 0 0
3438 7788 282 16 Name 0 0 0
4455 2457 305 16 Name 0 0 0
5789 3308 396 16 Name 0 0 0
5915 7201 221 16 Name 0 0 0
3497 16 435 16 Name 0 0 0
670 7857 173 16 Name 0 0 0
4233 1804 126 16 Name 0 0 0
1219 2692 203 16 Name 0 0 0
4666 5054 66 16 Name 0 0 0
257 789 114 16 Name 0 0 0
5618 4211 87 16 Name 0 0 0
11 1430 138 16 Name 0 0 0
8039 3046 420 16 Name 0 0 0
2845 6136 277 16 Name 0 0 0
6124 388 238 16 Name 0 0 0
747 499 391 16 Name 0 0 0
2676 7373 266 16 Name 0 0 0
7932 4208 199 16 Name 0 0 0
5609 6903 401 16 Name 0 0 0
7595 7256 335 16 Name 0 0 0
1315 3783 122 16 Name 0 0 0
660 4137 174 16 Name 0 0 0
286 4166 180 16 Name 0 0 0
1360 6260 69 16 Name 0 0 0
604 5690 330 16 Name 0 0 0
790 463 158 16 Name 0 0 0
6994 4239 416 16 Name 0 0 0
1533 6666 123 16 Name 0 0 0
1496 5430 143 16 Name 0 0 0
7254 446 475 16 Name 0 0 0
3819 3835 226 16 Name 0 0 0
7098 7004 478 16 Name 0 0 0
4294 3660 502 16 Name 0 0 0
625 7291 284 16 Name 0 0 0
3462 5473 283 16 Name 0 0 0
7381 5756 438 16 Name 0 0 0
3897 1332 228 16 Name 0 0 0
1853 2113 113 16 Name 0 0 0
3986 7708 289 16 Name 0 0 0
5768 2809 180 16 Name 0 0 0
84 3589 453 16 Name 0 0 0
4502 3066 63 16 Name 0 0 0
316 7685 163 16 Name 0 0 0
3190 6833 282 16 Name 0 0 0
4133 1334 499 16 Name 0 0 0
6332 424 168 16 Name 0 0 0
512 503 63 16 Name 0 0 0
3492 5814 79 16 Name 0 0 0
1782 6282 180 16 Name 0 0 0
7875 6199 488 16 Name 0 0 0
2480 635 266 16 Name 0 0 0
7608 8036 412 16 Name 0 0 0
7082 6663 285 16 Name 0 0 0
2730 4378 301 16 Name 0 0 0
7680 7334 351 16 Name 0 0 0
1475 1887 167 16 Name 0 0 0
4770 7148 493 16 Name 0 0 0
3736 4571 466 16 Name 0 0 0
7522 3688 412 16 Name 0 0 0
5832 4202 57 16 Name 0 0 0
3684 7088 193 16 Name 0 0 0
2655 4592 187 16 Name 0 0 0
1894 7437 474 16 Name 0 0 0
4804 5096 269 16 Name 0 0 0
6434 5954 500 16 Name 0 0 0
5911 4665 472 16 Name 0 0 0
1021 4895 124 16 Name 0 0 0
7746 7149 198 16 Name 0 0 0
2609 3520 189 16 Name 0 0 0
2696 3769 398 16 Name 0 0 0
94 7196 493 16 Name 0 0 0
7144 5184 229 16 Name 0 0 0
6816 5434 117 16 Name 0 0 0
5033 7359 150 16 Name 0 0 0
4307 7191 89 16 Name 0 0 0
2647 1561 182 16 Name 0 0 0
1997 3591 196 16 Name 0 0 0
7458 4502 468 16 Name 0 0 0
4992 1020 133 16 Name 0 0 0
7391 3911 36 16 Name 0 0 0
1458 4573 217 16 Name 0 0 0
3216 5365 357 16 Name 0 0 0
2794 291 396 16 Name 0 0 0
922 1757 66 16 Name 0 0 0
3987 2536 222 16 Name 0 0 0
1986 4006 501 16 Name 0 0 0
489 4723 311 16 Name 0 0 0
7759 1982 381 16 Name 0 0 0
830 6542 148 16 Name 0 0 0
6218 2046 161 16 Name 0 0 0
2819 7836 78 16 Name 0 0 0
4687 7752 133 16 Name 0 0 0
4484 3443 111 16 Name 0 0 0
7586 5327 317 16 Name 0 0 0
5353 751 248 16 Name 0 0 0
5822 865 289 16 Name 0 0 0
2425 4241 94 16 Name 0 0 0
4615 6711 340 16 Name 0 0 0
4705 4785 487 16 Name 0 0 0
6527 4592 462 16 Name 0 0 0
596 4491 463 16 Name 0 0 0
2397 2516 465 16 Name 0 0 0
846 7603 477 16 Name 0 0 0
6310 2062 306 16 Name 0 0 0
1600 6608 184 16 Name 0 0 0
5998 5609 181 16 Name 0 0 0
7810 1439 206 16 Name 0 0 0
2628 2218 114 16 Name 0 0 0
1332 4656 365 16 Name 0 0 0
5834 8015 511 16 Name 0 0 0
2663 1714 283 16 Name 0 0 0
2672 5613 98 16 Name 0 0 0
7333 6868 440 16 Name 0 0 0
2649 3397 498 16 Name 0 0 0
6957 3913 238 16 Name 0 0 0
4284 6602 400 16 Name 0 0 0
4548 7661 360 16 Name 0 0 0
6086 6112 480 16 Name 0 0 0
4092 4849 402 16 Name 0 0 0
4939 801 42 16 Name 0 0 0
4764 6149 413 16 Name 0 0 0
6256 1827 310 16 Name 0 0 0
2783 7704 352 16 Name 0 0 0
2086 2414 496 16 Name 0 0 0
2077 3027 295 16 Name 0 0 0
3822 496 214 16 Name 0 0 0
88 5937 329 16 Name 0 0 0
4341 3504 359 16 Name 0 0 0
3530 3513 313 16 Name 0 0 0
5056 1384 463 16 Name 0 0 0
4575 980 300 16 Name 0 0 0
6959 5238 287 16 Name 0 0 0
2323 7677 136 16 Name 0 0 0
8044 7528 422 16 Name 0 0 0
6854 6851 471 16 Name 0 0 0
1087 5833 127 16 Name 0 0 0
8191 8012 224 16 Name 0 0 0
6480 4187 151 16 Name 0 0 0
6014 6461 190 16 Name 0 0 0
5851 602 387 16 Name 0 0 0
2887 2746 348 16 Name 0 0 0
3817 7573 401 16 Name 0 0 0
8041 1354 248 16 Name 0 0 0
2405 1746 452 16 Name 0 0 0
1846 7186 249 16 Name 0 0 0
5334 7651 433 16 Name 0 0 0
4579 6982 326 16 Name 0 0 0
7697 5576 157 16 Name 0 0 0
4999 7938 100 16 Name 0 0 0
3638 5483 507 16 Name 0 0 0
3147 3315 485 16 Name 0 0 0
2780 4035 162 16 Name 0 0 0
8062 1392 226 16 Name 0 0 0
388 3342 488 16 Name 0 0 0
4093 2692 51 16 Name 0 0 0
6926 924 486 16 Name 0 0 0
2810 2403 294 16 Name 0 0 0
529 3076 206 16 Name 0 0 0
2736 5698 155 16 Name 0 0 0
2486 6308 153 16 Name 0 0 0
4388 78 71 16 Name 0 0 0
4872 6028 406 16 Name 0 0 0
4383 224 173 16 Name 0 0 0
1788 3955 469 16 Name 0 0 0
7944 1677 407 16 Name 0 0 0
6424 6672 72 16 Name 0 0 0
7079 4449 425 16 Name 0 0 0
4195 192 128 16 Name 0 0 0
8013 751 136 16 Name 0 0 0
7616 1597 499 16 Name 0 0 0
4659 5251 318 16 Name 0 0 0
3001 3561 368 16 Name 0 0 0
2522 5425 65 16 Name 0 0 0
5843 4564 265 16 Name 0 0 0
2343 6446 200 16 Name 0 0 0
6500 198 306 16 Name 0 0 0
5511 1528 370 16 Name 0 0 0
2121 3546 284 16 Name 0 0 0
2721 8084 494 16 Name 0 0 0
1187 6798 224 16 Name 0 0 0
3648 5794 77 16 Name 0 0 0
3451 1730 76 16 Name 0 0 0
7825 178 328 16 Name 0 0 0
1890 5280 114 16 Name 0 0 0
2796 6014 356 16 Name 0 0 0
4074 2100 428 16 Name 0 0 0
944 5527 232 16 Name 0 0 0
2424 7427 163 16 Name 0 0 0
4194 5853 290 16 Name 0 0 0
1669 7178 414 16 Name 0 0 0
1408 1091 36 16 Name 0 0 0
6809 3322 226 16 Name 0 0 0
3441 2122 282 16 Name 0 0 0
8189 3133 380 16 Name 0 0 0
2387 979 62 16 Name 0 0 0
7504 1571 432 16 Name 0 0 0
3607 7530 59 16 Name 0 0 0
1439 7665 52 16 Name 0 0 0
1190 4696 204 16 Name 0 0 0
7518 7122 374 16 Name 0 0 0
2277 7361 157 16 Name 0 0 0
285 6058 49 16 Name 0 0 0
6905 6219 234 16 Name 0 0 0
6318 6408 101 16 Name 0 0 0
5588 427 179 16 Name 0 0 0
3015 4392 432 16 Name 0 0 0
6712 2787 176 16 Name 0 0 0
1336 856 364 16 Name 0 0 0
3568 1462 465 16 Name 0 0 0
8076 2570 234 16 Name 0 0 0
4813 2565 63 16 Name 0 0 0
4327 817 471 16 Name 0 0 0
1272 2019 382 16 Name 0 0 0
2129 6725 310 16 Name 0 0 0
3659 1968 88 16 Name 0 0 0
4173 4489 300 16 Name 0 0 0
1543 5233 99 16 Name 0 0 0
1146 7696 503 16 Name 0 0 0
27 5948 364 16 Name 0 0 0
7800 3559 299 16 Name 0 0 0
5651 2334 208 16 Name 0 0 0
3347 5483 454 16 Name 0 0 0
2274 6155 394 16 Name 0 0 0
4865 7753 492 16 Name 0 0 0
3684 3966 217 16 Name 0 0 0
1815 3380 394 16 Name 0 0 0
1678 6931 483 16 Name 0 0 0
1128 2009 140 16 Name 0 0 0
5435 7989 139 16 Name 0 0 0
5132 7682 44 16 Name 0 0 0
7970 7084 388 16 Name 0 0 0
2027 3615 185 16 Name 0 0 0
7680 397 478 16 Name 0 0 0
3761 6859 465 16 Name 0 0 0
265 6232 210 16 Name 0 0 0
2307 4669 500 16 Name 0 0 0
5431 859 319 16 Name 0 0 0
3695 4447 297 16 Name 0 0 0
7166 1774 329 16 Name 0 0 0
239 1068 459 16 Name 0 0 0
1047 6295 268 16 Name 0 0 0
6154 5338 494 16 Name 0 0 0
5369 7483 472 16 Name 0 0 0
4060 2584 264 16 Name 0 0 0
6451 2455 75 16 Name 0 0 0
5344 5194 81 16 Name 0 0 0
6608 4709 372 16 Name 0 0 0
573 4121 48 16 Name 0 0 0
1550 5128 333 16 Name 0 0 0
687 960 240 16 Name 0 0 0
2398 4284 209 16 Name 0 0 0
776 7090 153 16 Name 0 0 0
5840 2811 98 16 Name 0 0 0
1594 5904 333 16 Name 0 0 0
1191 6266 61 16 Name 0 0 0
2262 4282 207 16 Name 0 0 0
5161 4579 253 16 Name 0 0 0
6920 5439 130 16 Name 0 0 0
6303 5110 505 16 Name 0 0 0
3856 7786 326 16 Name 0 0 0
4410 3260 384 16 Name 0 0 0
986 3551 214 16 Name 0 0 0
369 1246 258 16 Name 0 0 0
4905 3671 82 16 Name 0 0 0
2950 8013 85 16 Name 0 0 0
3449 2778 93 16 Name 0 0 0
6891 4160 387 16 Name 0 0 0
4045 629 226 16 Name 0 0 0
4585 7966 38 16 Name 0 0 0
809 7375 264 16 Name 0 0 0
3102 2280 196 16 Name 0 0 0
4269 1735 305 16 Name 0 0 0
4475 8068 154 16 Name 0 0 0
1845 1435 263 16 Name 0 0 0
3518 5443 222 16 Name 0 0 0
6290 97 252 16 Name 0 0 0
2959 4698 68 16 Name 0 0 0
1117 3553 227 16 Name 0 0 0
3824 5873 121 16 Name 0 0 0
4226 1854 345 16 Name 0 0 0
5084 2806 105 16 Name 0 0 0
6622 1501 187 16 Name 0 0 0
6118 5037 501 16 Name 0 0 0
6582 7182 64 16 Name 0 0 0
2748 4254 92 16 Name 0 0 0
5620 802 128 16 Name 0 0 0
2341 7295 228 16 Name 0 0 0
5138 2570 364 16 Name 0 0 0
971 788 469 16 Name 0 0 0
4284 6817 383 16 Name 0 0 0
148 8084 73 16 Name 0 0 0
1618 641 512 16 Name 0 0 0
114 6871 80 16 Name 0 0 0
5160 1301 285 16 Name 0 0 0
3500 1009 392 16 Name 0 0 0
2107 2985 317 16 Name 0 0 0
6217 2209 436 16 Name 0 0 0
6721 2258 327 16 Name 0 0 0
6620 5365 96 16 Name 0 0 0
3910 3594 33 16 Name 0 0 0
7406 6064 130 16 Name 0 0 0
6564 743 125 16 Name 0 0 0
2439 5062 228 16 Name 0 0 0
1275 8104 80 16 Name 0 0 0
5385 7889 193 16 Name 0 0 0
191 6300 101 16 Name 0 0 0
7939 2247 382 16 Name 0 0 0
2892 6716 342 16 Name 0 0 0
3439 4255 99 16 Name 0 0 0
1265 1027 225 16 Name 0 0 0
7510 1979 88 16 Name 0 0 0
6231 3502 362 16 Name 0 0 0
4423 1676 241 16 Name 0 0 0
2598 6798 207 16 Name 0 0 0
5316 516 172 16 Name 0 0 0
6798 4197 135 16 Name 0 0 0
6679 5629 81 16 Name 0 0 0
3924 6517 259 16 Name 0 0 0
427 3107 292 16 Name 0 0 0
3165 2746 252 16 Name 0 0 0
3084 6537 257 16 Name 0 0 0
2548 7023 494 16 Name 0 0 0
2588 7888 331 16 Name 0 0 0
4892 8149 412 16 Name 0 0 0
3347 3382 473 16 Name 0 0 0
2966 1409 504 16 Name 0 0 0
396 1286 399 16 Name 0 0 0
5951 5065 247 16 Name 0 0 0
5623 145 192 16 Name 0 0 0
2036 5325 88 16 Name 0 0 0
1118 4747 369 16 Name 0 0 0
1761 3670 267 16 Name 0 0 0
5937 2094 221 16 Name 0 0 0
3029 7817 228 16 Name 0 0 0
5805 3203 204 16 Name 0 0 0
2316 4505 88 16 Name 0 0 0
2377 5214 112 16 Name 0 0 0
7261 2436 274 16 Name 0 0 0
6386 2735 280 16 Name 0 0 0
6915 292 405 16 Name 0 0 0
7032 3318 142 16 Name 0 0 0
2641 2564 327 16 Name 0 0 0
2775 3003 478 16 Name 0 0 0
2514 2470 508 16 Name 0 0 0
1657 3854 238 16 Name 0 0 0
6513 2591 107 16 Name 0 0 0
5350 4993 329 16 Name 0 0 0
3875 2356 492 16 Name 0 0 0
2310 2744 372 16 Name 0 0 0
8159 2769 300 16 Name 0 0 0
6375 2316 332 16 Name 0 0 0
7635 2996 344 16 Name 0 0 0
7590 1533 312 16 Name 0 0 0
441 1113 199 16 Name 0 0 0
4597 5747 481 16 Name 0 0 0
109 4475 191 16 Name 0 0 0
7784 5521 385 16 Name 0 0 0
3869 1366 463 16 Name 0 0 0
7683 3303 329 16 Name 0 0 0
3573 2982 465 16 Name 0 0 0
1623 4991 499 16 Name 0 0 0
5999 5297 378 16 Name 0 0 0
405 7963 438 16 Name 0 0 0
993 7423 252 16 Name 0 0 0
4466 4785 378 16 Name 0 0 0
4381 7622 422 16 Name 0 0 0
3747 3746 170 16 Name 0 0 0
5606 3724 475 16 Name 0 0 0
3169 71 503 16 Name 0 0 0
4678 7611 280 16 Name 0 0 0
2765 5599 101 16 Name 0 0 0
7166 7593 291 16 Name 0 0 0
5086 7817 50 16 Name 0 0 0
5642 6616 185 16 Name 0 0 0
246 3986 466 16 Name 0 0 0
778 1502 482 16 Name 0 0 0
998 1153 390 16 Name 0 0 0
7531 5420 312 16 Name 0 0 0
6486 23 60 16 Name 0 0 0
1636 3033 211 16 Name 0 0 0
548 4936 261 16 Name 0 0 0
7728 6644 243 16 Name 0 0 0
5351 7677 182 16 Name 0 0 0
7211 646 500 16 Name 0 0 0
927 1468 114 16 Name 0 0 0
1742 7710 466 16 Name 0 0 0
6939 891 277 16 Name 0 0 0
729 2642 450 16 Name 0 0 0
7821 2829 235 16 Name 0 0 0
3281 1483 142 16 Name 0 0 0
669 2405 173 16 Name 0 0 0
8134 3284 504 16 Name 0 0 0
712 7852 323 16 Name 0 0 0
6193 3273 362 16 Name 0 0 0
1749 504 376 16 Name 0 0 0
665 6803 85 16 Name 0 0 0
2739 1028 416 16 Name 0 0 0
55 5825 281 16 Name 0 0 0
1268 4562 302 16 Name 0 0 0
7317 2192 468 16 Name 0 0 0
6731 2754 102 16 Name 0 0 0
5867 3584 480 16 Name 0 0 0
7030 828 72 16 Name 0 0 0
413 1566 215 16 Name 0 0 0
4891 2911 376 16 Name 0 0 0
1986 6399 465 16 Name 0 0 0
8027 173 235 16 Name 0 0 0
5073 6081 411 16 Name 0 0 0
4602 5136 397 16 Name 0 0 0
3978 3019 306 16 Name 0 0 0
34 4367 506 16 Name 0 0 0
1810 2772 215 16 Name 0 0 0
5785 7174 196 16 Name 0 0 0
1007 908 208 16 Name 0 0 0
1127 414 116 16 Name 0 0 0
1665 4471 145 16 Name 0 0 0
5152 8115 403 16 Name 0 0 0
2033 6453 404 16 Name 0 0 0
7383 7919 150 16 Name 0 0 0
3369 2279 156 16 Name 0 0 0
4399 3156 76 16 Name 0 0 0
2435 5063 58 16 Name 0 0 0
2468 432 61 16 Name 0 0 0
312 8060 119 16 Name 0 0 0
2744 584 193 16 Name 0 0 0
3458 4218 429 16 Name 0 0 0
7265 6817 431 16 Name 0 0 0
3002 3953 90 16 Name 0 0 0
7498 1685 87 16 Name 0 0 0
4743 4215 382 16 Name 0 0 0
7768 3728 431 16 Name 0 0 0
3513 2406 504 16 Name 0 0 0
4198 1449 93 16 Name 0 0 0
5303 6430 383 16 Name 0 0 0
4567 3921 240 16 Name 0 0 0
3781 5317 375 16 Name 0 0 0
4180 4588 139 16 Name 0 0 0
5053 3374 302 16 Name 0 0 0
5561 3428 385 16 Name 0 0 0
5019 6566 281 16 Name 0 0 0
5653 6606 196 16 Name 0 0 0
6914 553 206 16 Name 0 0 0
1211 3898 306 16 Name 0 0 0
1225 2205 175 16 Name 0 0 0
562 731 319 16 Name 0 0 0
7771 568 265 16 Name 0 0 0
4360 7619 496 16 Name 0 0 0
1248 6392 130 16 Name 0 0 0
3117 7056 453 16 Name 0 0 0
8070 1066 355 16 Name 0 0 0
5714 7997 77 16 Name 0 0 0
6489 3510 505 16 Name 0 0 0
2038 6421 160 16 Name 0 0 0
888 3737 184 16 Name 0 0 0
4373 7670 445 16 Name 0 0 0
6473 2745 356 16 Name 0 0 0
7571 1596 295 16 Name 0 0 0
3854 7006 510 16 Name 0 0 0
6377 5998 241 16 Name 0 0 0
64 7788 261 16 Name 0 0 0
2425 3141 301 16 Name 0 0 0
4329 1 484 16 Name 0 0 0
5698 6271 33 16 Name 0 0 0
6924 4926 338 16 Name 0 0 0
8109 6713 57 16 Name 0 0 0
6450 7967 418 16 Name 0 0 0
1684 1519 324 16 Name 0 0 0
4635 2496 362 16 Name 0 0 0
7408 7772 104 16 Name 0 0 0
3492 6764 345 16 Name 0 0 0
2373 3263 293 16 Name 0 0 0
4635 5464 390 16 Name 0 0 0
1103 5400 323 16 Name 0 0 0
827 3677 136 16 Name 0 0 0
788 7029 391 16 Name 0 0 0
5694 6470 102 16 Name 0 0 0
4779 3633 458 16 Name 0 0 0
2157 3502 386 16 Name 0 0 0
6730 6796 269 16 Name 0 0 0
4782 112 235 16 Name 0 0 0
1929 1192 168 16 Name 0 0 0
7674 7081 235 16 Name 0 0 0
4538 3179 162 16 Name 0 0 0
2452 2869 159 16 Name 0 0 0
4243 1310 76 16 Name 0 0 0
6434 4804 189 16 Name 0 0 0
4473 4463 118 16 Name 0 0 0
3285 1881 45 16 Name 0 0 0
181 2154 374 16 Name 0 0 0
1148 4211 370 16 Name 0 0 0
1601 372 257 16 Name 0 0 0
19 7290 71 16 Name 0 0 0
6866 4078 197 16 Name 0 0 0
989 3258 370 16 Name 0 0 0
7243 5612 145 16 Name 0 0 0
4937 2306 468 16 Name 0 0 0
3905 3978 484 16 Name 0 0 0
5183 312 387 16 Name 0 0 0
6910 5855 214 16 Name 0 0 0
6904 3965 380 16 Name 0 0 0
5172 709 42 16 Name 0 0 0
3845 2542 257 16 Name 0 0 0
5564 5400 261 16 Name 0 0 0
4462 3397 231 16 Name 0 0 0
2151 7362 395 16 Name 0 0 0
1267 6785 194 16 Name 0 0 0
6382 990 166 16 Name 0 0 0
7303 4607 40 16 Name 0 0 0
7119 4851 363 16 Name 0 0 0
6393 3971 241 16 Name 0 0 0
5286 158 434 16 Name 0 0 0
3127 4333 143 16 Name 0 0 0
4736 5003 319 16 Name 0 0 0
2400 6001 440 16 Name 0 0 0
7757 7844 369 16 Name 0 0 0
64 5262 376 16 Name 0 0 0
6490 7174 212 16 Name 0 0 0
2037 4546 134 16 Name 0 0 0
1801 3910 142 16 Name 0 0 0
4782 5860 174 16 Name 0 0 0
6420 865 107 16 Name 0 0 0
2710 6000 228 16 Name 0 0 0
6786 2862 278 16 Name 0 0 0
4192 1981 418 16 Name 0 0 0
188 3962 369 16 Name 0 0 0
7642 1452 260 16 Name 0 0 0
55 2186 43 16 Name 0 0 0
7905 7320 133 16 Name 0 0 0
7539 1664 93 16 Name 0 0 0
1275 7451 336 16 Name 0 0 0
6965 7487 462 16 Name 0 0 0
4113 6889 305 16 Name 0 0 0
6140 1485 203 16 Name 0 0 0
2563 2826 322 16 Name 0 0 0
5526 7998 435 16 Name 0 0 0
777 2882 239 16 Name 0 0 0
3892 680 233 16 Name 0 0 0
7830 5116 106 16 Name 0 0 0
6682 1817 298 16 Name 0 0 0
452 7082 499 16 Name 0 0 0
6630 7915 102 16 Name 0 0 0
6622 4978 425 16 Name 0 0 0
2451 1214 266 16 Name 0 0 0
1859 3414 479 16 Name 0 0 0
3537 4121 45 16 Name 0 0 0
8055 6841 48 16 Name 0 0 0
7735 6352 46 16 Name 0 0 0
4792 2655 111 16 Name 0 0 0
3163 4085 285 16 Name 0 0 0
7868 6013 219 16 Name 0 0 0
7304 3810 283 16 Name 0 0 0
7029 2335 222 16 Name 0 0 0
3048 518 63 16 Name 0 0 0
183 3087 220 16 Name 0 0 0
7302 5779 366 16 Name 0 0 0
5969 6296 295 16 Name 0 0 0
1783 77 238 16 Name 0 0 0
1078 2825 459 16 Name 0 0 0
5130 3879 240 16 Name 0 0 0
2684 5184 181 16 Name 0 0 0
1892 60 198 16 Name 0 0 0
2503 6150 263 16 Name 0 0 0
2383 5245 103 16 Name 0 0 0
2468 4039 91 16 Name 0 0 0
135 8088 310 16 Name 0 0 0
1368 292 141 16 Name 0 0 0
133 6241 123 16 Name 0 0 0
3999 233 65 16 Name 0 0 0
3587 4381 510 16 Name 0 0 0
4586 4808 395 16 Name 0 0 0
7384 3288 221 16 Name 0 0 0
5537 2905 177 16 Name 0 0 0
4771 2267 166 16 Name 0 0 0
4543 2496 226 16 Name 0 0 0
5419 29 347 16 Name 0 0 0
5019 662 380 16 Name 0 0 0
228 4978 229 16 Name 0 0 0
7732 991 346 16 Name 0 0 0
7463 6263 68 16 Name 0 0 0
743 6351 270 16 Name 0 0 0
1635 6843 494 16 Name 0 0 0
8179 3327 407 16 Name 0 0 0
7458 4155 176 16 Name 0 0 0
1606 4952 402 16 Name 0 0 0
1763 259 96 16 Name 0 0 0
6023 5479 91 16 Name 0 0 0
5036 2896 109 16 Name 0 0 0
2942 5733 204 16 Name 0 0 0
1405 932 391 16 Name 0 0 0
612 1833 48 16 Name 0 0 0
194 6658 258 16 Name 0 0 0
6504 3920 172 16 Name 0 0 0
6955 6941 150 16 Name 0 0 0
7508 3721 116 16 Name 0 0 0
3478 1218 260 16 Name 0 0 0
1620 7114 253 16 Name 0 0 0
4569 7322 97 16 Name 0 0 0
2767 6651 451 16 Name 0 0 0
7452 358 331 16 Name 0 0 0
867 1825 50 16 Name 0 0 0
7697 1450 272 16 Name 0 0 0
2539 5535 216 16 Name 0 0 0
2650 3891 183 16 Name 0 0 0
6622 7366 295 16 Name 0 0 0
3712 1745 259 16 Name 0 0 0
2503 2828 249 16 Name 0 0 0
6765 868 318 16 Name 0 0 0
3743 5597 303 16 Name 0 0 0
2432 5803 381 16 Name 0 0 0
541 7383 216 16 Name 0 0 0
7640 1911 102 16 Name 0 0 0
5457 4172 338 16 Name 0 0 0
3550 6449 500 16 Name 0 0 0
1664 7348 128 16 Name 0 0 0
2435 968 171 16 Name 0 0 0
4663 3395 261 16 Name 0 0 0
1949 1436 461 16 Name 0 0 0
2006 4726 382 16 Name 0 0 0
4400 7714 296 16 Name 0 0 0
7704 3770 238 16 Name 0 0 0
3594 39 323 16 Name 0 0 0
1622 5331 455 16 Name 0 0 0
2168 6067 294 16 Name 0 0 0
2471 1514 34 16 Name 0 0 0
3488 6440 400 16 Name 0 0 0
2600 3866 179 16 Name 0 0 0
126 868 112 16 Name 0 0 0
7783 3838 292 16 Name 0 0 0
1217 3168 473 16 Name 0 0 0
2206 3837 365 16 Name 0 0 0
3139 1621 216 16 Name 0 0 0
4922 3902 40 16 Name 0 0 0
6836 4990 385 16 Name 0 0 0
2780 4054 372 16 Name 0 0 0
5648 1575 348 16 Name 0 0 0
7842 204 338 16 Name 0 0 0
6212 301 426 16 Name 0 0 0
6082 727 160 16 Name 0 0 0
3459 7609 312 16 Name 0 0 0
1582 7629 397 16 Name 0 0 0
5218 1197 119 16 Name 0 0 0
7170 7680 172 16 Name 0 0 0
5234 2067 114 16 Name 0 0 0
5568 2792 411 16 Name 0 0 0
8002 4958 63 16 Name 0 0 0
3540 7735 327 16 Name 0 0 0
7735 2718 458 16 Name 0 0 0
1983 1504 142 16 Name 0 0 0
1936 5436 372 16 Name 0 0 0
186 2840 76 16 Name 0 0 0
2575 1769 111 16 Name 0 0 0
4094 2441 89 16 Name 0 0 0
3188 879 222 16 Name 0 0 0
3601 7073 200 16 Name 0 0 0
5493 7606 240 16 Name 0 0 0
3809 2790 129 16 Name 0 0 0
6362 2242 64 16 Name 0 0 0
2269 623 163 16 Name 0 0 0
4699 4202 331 16 Name 0 0 0
4798 6386 297 16 Name 0 0 0
802 3008 73 16 Name 0 0 0
3782 4867 399 16 Name 0 0 0
6375 142 454 16 Name 0 0 0
2165 5272 411 16 Name 0 0 0
1028 3180 398 16 Name 0 0 0
1062 5645 127 16 Name 0 0 0
6786 5461 308 16 Name 0 0 0
7204 4937 218 16 Name 0 0 0
1430 5952 272 16 Name 0 0 0
2355 4798 341 16 Name 0 0 0
4132 6768 138 16 Name 0 0 0
3614 3332 257 16 Name 0 0 0
111 1519 193 16 Name 0 0 0
7111 4889 327 16 Name 0 0 0
7775 1704 287 16 Name 0 0 0
3135 8005 139 16 Name 0 0 0
x-Min=0
x-Max=8192
y-Min=0
y-Max=8192
min label height=16.0
max label height=16.0
min label width=32.0
max label width=512
