1024
6560 705 47 19 Name 0 0 0
4146 4690 317 28 Name 0 0 0
2576 7151 118 40 Name 0 0 0
2473 302 463 42 Name 0 0 0
5545 2769 55 28 Name 0 0 0
231 8184 359 34 Name 0 0 0
1559 3502 61 21 Name 0 0 0
5741 7445 448 26 Name 0 0 0
1972 2194 99 35 Name 0 0 0
5856 3593 441 28 Name 0 0 0
5868 2123 294 29 Name 0 0 0
6300 1523 47 48 Name 0 0 0
6775 7276 386 25 Name 0 0 0
4994 1323 286 17 Name 0 0 0
5559 35 414 45 Name 0 0 0
6016 2999 338 17 Name 0 0 0
531 1442 195 27 Name 0 0 0
5455 1905 92 17 Name 0 0 0
3606 4148 511 17 Name 0 0 0
6545 2815 99 29 Name 0 0 0
1254 8106 250 46 Name 0 0 0
1269 6944 161 39 Name 0 0 0
6980 1687 36 42 Name 0 0 0
1603 3328 175 35 Name 0 0 0
4191 4555 448 41 Name 0 0 0
6210 3282 112 35 Name 0 0 0
1543 3749 311 31 Name 0 0 0
6055 6021 431 17 Name 0 0 0
5656 1369 371 41 Name 0 0 0
6391 1373 92 36 Name 0 0 0
1205 1026 267 20 Name 0 0 0
6662 755 291 35 Name 0 0 0
3384 1214 258 36 Name 0 0 0
1903 8091 66 20 Name 0 0 0
5588 5878 137 31 Name 0 0 0
1537 2895 412 31 Name 0 0 0
4948 5477 177 43 Name 0 0 0
4467 7613 389 33 Name 0 0 0
828 6005 75 44 Name 0 0 0
2832 2573 460 23 Name 0 0 0
1748 709 447 26 Name 0 0 0
3455 4869 100 26 Name 0 0 0
4549 2284 503 21 Name 0 0 0
1336 5022 246 25 Name 0 0 0
4411 3340 481 48 Name 0 0 0
655 3177 90 20 Name 0 0 0
7652 8047 215 18 Name 0 0 0
4776 4856 86 25 Name 0 0 0
5357 472 79 47 Name 0 0 0
5653 1382 215 18 Name 0 0 0
3216 7025 393 36 Name 0 0 0
2136 4581 73 27 Name 0 0 0
5305 7453 483 47 Name 0 0 0
5160 6371 73 43 Name 0 0 0
4450 405 321 48 Name 0 0 0
1184 4044 278 18 Name 0 0 0
5353 3307 146 41 Name 0 0 0
121 1955 454 46 Name 0 0 0
2219 335 119 19 Name 0 0 0
2053 5729 241 37 Name 0 0 0
2153 1183 487 23 Name 0 0 0
4723 1338 326 30 Name 0 0 0
4320 4950 302 44 Name 0 0 0
2205 993 156 16 Name 0 0 0
2714 5342 121 42 Name 0 0 0
7832 1341 39 25 Name 0 0 0
5690 671 49 41 Name 0 0 0
2315 2321 295 31 Name 0 0 0
1836 7240 297 22 Name 0 0 0
4339 499 250 32 Name 0 0 0
4893 1121 113 45 Name 0 0 0
7739 818 417 39 Name 0 0 0
5931 5633 493 35 Name 0 0 0
6119 5165 390 33 Name 0 0 0
7937 7210 72 20 Name 0 0 0
4080 4742 352 33 Name 0 0 0
4439 2681 57 32 Name 0 0 0
665 6638 131 41 Name 0 0 0
4261 8057 32 18 Name 0 0 0
650 5954 250 24 Name 0 0 0
1137 5619 161 38 Name 0 0 0
3175 2669 328 30 Name 0 0 0
1254 6392 341 17 Name 0 0 0
2383 6756 91 34 Name 0 0 0
2291 1563 177 21 Name 0 0 0
567 633 114 39 Name 0 0 0
4160 7363 245 45 Name 0 0 0
2342 7339 453 18 Name 0 0 0
1293 6056 271 18 Name 0 0 0
4830 7873 367 18 Name 0 0 0
2935 3523 53 33 Name 0 0 0
5810 5479 307 31 Name 0 0 0
5872 4364 314 42 Name 0 0 0
8103 4411 224 41 Name 0 0 0
1721 6109 222 35 Name 0 0 0
5932 5128 69 28 Name 0 0 0
1441 6433 468 31 Name 0 0 0
6899 2112 136 18 Name 0 0 0
6908 5989 268 16 Name 0 0 0
2306 1895 33 34 Name 0 0 0
5485 7842 476 25 Name 0 0 0
1808 2718 446 30 Name 0 0 0
5038 5844 55 34 Name 0 0 0
6327 900 489 35 Name 0 0 0
6742 2611 423 42 Name 0 0 0
2264 2534 261 48 Name 0 0 0
1655 7665 257 17 Name 0 0 0
7168 912 118 41 Name 0 0 0
3048 2650 173 23 Name 0 0 0
3040 255 496 35 Name 0 0 0
4579 4185 353 36 Name 0 0 0
2521 2764 272 43 Name 0 0 0
5039 8109 498 28 Name 0 0 0
2483 941 378 38 Name 0 0 0
7552 4582 426 22 Name 0 0 0
942 2699 227 25 Name 0 0 0
4102 6023 408 29 Name 0 0 0
3829 1645 133 28 Name 0 0 0
3291 942 355 23 Name 0 0 0
3666 6374 200 40 Name 0 0 0
7255 1239 125 37 Name 0 0 0
554 5391 274 25 Name 0 0 0
2103 2156 270 38 Name 0 0 0
5201 6288 466 20 Name 0 0 0
4179 574 420 34 Name 0 0 0
6234 4367 337 47 Name 0 0 0
7293 5440 41 17 Name 0 0 0
5272 3693 139 47 Name 0 0 0
5155 7750 495 29 Name 0 0 0
2995 3551 358 43 Name 0 0 0
2036 2446 108 27 Name 0 0 0
7977 1901 457 33 Name 0 0 0
1742 7726 202 24 Name 0 0 0
3970 2978 309 27 Name 0 0 0
3265 315 402 42 Name 0 0 0
5432 2225 193 32 Name 0 0 0
1276 760 293 21 Name 0 0 0
5341 806 173 35 Name 0 0 0
2865 4657 463 23 Name 0 0 0
4974 4755 96 43 Name 0 0 0
1391 3032 63 40 Name 0 0 0
526 731 387 47 Name 0 0 0
3826 984 247 47 Name 0 0 0
1903 1341 351 21 Name 0 0 0
514 1020 153 24 Name 0 0 0
3490 1638 379 40 Name 0 0 0
7873 3483 96 44 Name 0 0 0
7192 6074 395 26 Name 0 0 0
733 8164 472 29 Name 0 0 0
6904 4117 104 33 Name 0 0 0
5860 7981 262 16 Name 0 0 0
7710 1940 149 43 Name 0 0 0
1395 8103 131 37 Name 0 0 0
4150 5084 286 44 Name 0 0 0
2036 893 158 25 Name 0 0 0
989 2282 66 21 Name 0 0 0
5788 2352 96 42 Name 0 0 0
7040 57 155 24 Name 0 0 0
6403 7142 381 43 Name 0 0 0
2594 7337 457 27 Name 0 0 0
3016 899 132 36 Name 0 0 0
1952 3835 352 47 Name 0 0 0
3193 6296 137 21 Name 0 0 0
2205 6051 458 34 Name 0 0 0
6900 7587 35 22 Name 0 0 0
3298 5086 507 46 Name 0 0 0
6913 6265 88 25 Name 0 0 0
6469 4265 405 37 Name 0 0 0
2007 7632 324 29 Name 0 0 0
1273 2854 130 38 Name 0 0 0
4933 5437 270 46 Name 0 0 0
5283 7838 178 43 Name 0 0 0
6603 6891 411 40 Name 0 0 0
497 6352 52 37 Name 0 0 0
2705 79 149 44 Name 0 0 0
6160 7553 303 21 Name 0 0 0
6798 2286 397 19 Name 0 0 0
2525 8142 181 18 Name 0 0 0
5976 6274 477 47 Name 0 0 0
437 904 188 39 Name 0 0 0
5283 7173 76 39 Name 0 0 0
5189 2598 250 20 Name 0 0 0
6312 6811 372 35 Name 0 0 0
6850 538 314 25 Name 0 0 0
5532 4251 315 34 Name 0 0 0
7357 7556 194 47 Name 0 0 0
1098 6266 177 48 Name 0 0 0
2289 1356 510 34 Name 0 0 0
3055 1485 179 17 Name 0 0 0
5547 2478 391 26 Name 0 0 0
6575 1636 306 33 Name 0 0 0
4313 2736 171 45 Name 0 0 0
6977 643 127 31 Name 0 0 0
1062 5108 362 25 Name 0 0 0
4143 3338 122 28 Name 0 0 0
2141 6523 449 22 Name 0 0 0
812 2644 402 27 Name 0 0 0
1589 4146 150 37 Name 0 0 0
4695 2695 212 18 Name 0 0 0
6805 129 256 32 Name 0 0 0
3455 7024 391 46 Name 0 0 0
690 1642 328 47 Name 0 0 0
5617 7937 413 35 Name 0 0 0
3451 1973 92 23 Name 0 0 0
5146 7679 375 18 Name 0 0 0
6577 6154 229 20 Name 0 0 0
3978 2869 61 32 Name 0 0 0
6645 7626 349 39 Name 0 0 0
2552 6892 458 43 Name 0 0 0
750 2534 121 31 Name 0 0 0
3836 3790 455 28 Name 0 0 0
5439 3718 484 45 Name 0 0 0
297 5381 255 32 Name 0 0 0
4553 6730 425 20 Name 0 0 0
2214 8119 333 33 Name 0 0 0
3048 7137 385 37 Name 0 0 0
990 6681 396 32 Name 0 0 0
715 6294 303 40 Name 0 0 0
1656 3640 459 45 Name 0 0 0
3253 931 357 38 Name 0 0 0
1107 2579 505 34 Name 0 0 0
5513 6193 167 16 Name 0 0 0
6254 4291 83 20 Name 0 0 0
8158 6470 142 23 Name 0 0 0
6784 4607 203 35 Name 0 0 0
1383 459 239 41 Name 0 0 0
1025 4059 466 47 Name 0 0 0
1406 5511 203 46 Name 0 0 0
2560 7684 466 26 Name 0 0 0
2327 1684 47 27 Name 0 0 0
1055 876 506 34 Name 0 0 0
5998 3882 379 18 Name 0 0 0
1341 2310 327 47 Name 0 0 0
5963 6703 364 36 Name 0 0 0
4176 4078 116 27 Name 0 0 0
1068 5059 107 38 Name 0 0 0
3901 8135 200 20 Name 0 0 0
6091 526 194 43 Name 0 0 0
892 3955 301 32 Name 0 0 0
4720 4963 129 29 Name 0 0 0
3528 4879 125 48 Name 0 0 0
1498 8081 213 35 Name 0 0 0
1432 570 37 18 Name 0 0 0
286 518 68 41 Name 0 0 0
4855 4279 415 40 Name 0 0 0
2442 5725 56 38 Name 0 0 0
3660 4151 50 47 Name 0 0 0
5536 5424 258 29 Name 0 0 0
6623 7879 339 27 Name 0 0 0
6776 3748 218 17 Name 0 0 0
4455 6866 485 34 Name 0 0 0
3484 5299 504 20 Name 0 0 0
4128 4373 68 28 Name 0 0 0
3884 3096 287 41 Name 0 0 0
4916 3631 437 39 Name 0 0 0
4379 7214 442 41 Name 0 0 0
2291 351 302 39 Name 0 0 0
4705 1582 332 20 Name 0 0 0
1764 2391 493 25 Name 0 0 0
720 5639 238 40 Name 0 0 0
7057 3580 33 28 Name 0 0 0
4966 1304 404 26 Name 0 0 0
7155 981 112 24 Name 0 0 0
4634 2525 470 17 Name 0 0 0
451 5723 501 48 Name 0 0 0
7748 5529 202 36 Name 0 0 0
3111 5541 457 28 Name 0 0 0
839 2610 208 20 Name 0 0 0
842 4241 485 22 Name 0 0 0
1933 6141 241 30 Name 0 0 0
6997 2549 424 20 Name 0 0 0
7705 3358 39 46 Name 0 0 0
1823 6497 336 24 Name 0 0 0
2612 1383 294 30 Name 0 0 0
735 492 354 19 Name 0 0 0
5093 2205 429 18 Name 0 0 0
4268 484 378 18 Name 0 0 0
745 7462 330 19 Name 0 0 0
1411 983 258 37 Name 0 0 0
563 7418 422 26 Name 0 0 0
4187 2617 296 42 Name 0 0 0
6448 1531 426 43 Name 0 0 0
7596 5921 59 38 Name 0 0 0
5626 3385 121 39 Name 0 0 0
1088 3345 194 35 Name 0 0 0
6092 387 327 36 Name 0 0 0
3614 150 331 37 Name 0 0 0
2915 1332 473 27 Name 0 0 0
4782 8185 98 41 Name 0 0 0
1019 6549 265 40 Name 0 0 0
736 7984 466 48 Name 0 0 0
429 1865 405 34 Name 0 0 0
5999 4368 347 31 Name 0 0 0
5555 3618 300 37 Name 0 0 0
3047 783 465 27 Name 0 0 0
8022 208 255 47 Name 0 0 0
8035 5272 407 20 Name 0 0 0
4769 3069 396 47 Name 0 0 0
6707 6694 263 27 Name 0 0 0
1167 772 168 23 Name 0 0 0
985 2557 379 30 Name 0 0 0
1966 6431 308 28 Name 0 0 0
2917 1200 305 17 Name 0 0 0
6870 3647 288 28 Name 0 0 0
4658 7893 469 17 Name 0 0 0
6767 6444 447 46 Name 0 0 0
2083 3224 492 43 Name 0 0 0
2102 1138 349 21 Name 0 0 0
4149 4125 210 17 Name 0 0 0
6783 793 195 44 Name 0 0 0
6144 7749 258 22 Name 0 0 0
7156 3932 339 33 Name 0 0 0
5438 6273 497 40 Name 0 0 0
2765 6445 350 17 Name 0 0 0
3048 4501 45 40 Name 0 0 0
4473 4175 438 23 Name 0 0 0
2977 2173 410 20 Name 0 0 0
6360 5922 340 37 Name 0 0 0
2570 2901 423 18 Name 0 0 0
412 3258 229 43 Name 0 0 0
6619 328 247 41 Name 0 0 0
8065 6508 497 38 Name 0 0 0
1672 5115 462 17 Name 0 0 0
1013 6377 358 16 Name 0 0 0
5543 5447 246 39 Name 0 0 0
5740 3023 384 20 Name 0 0 0
5590 2012 190 24 Name 0 0 0
7312 4430 422 37 Name 0 0 0
885 6653 277 24 Name 0 0 0
6133 604 261 20 Name 0 0 0
1934 5500 486 33 Name 0 0 0
2379 840 132 43 Name 0 0 0
4991 5027 119 30 Name 0 0 0
3336 2918 285 32 Name 0 0 0
6575 3144 312 30 Name 0 0 0
7956 6928 477 43 Name 0 0 0
5486 4369 97 20 Name 0 0 0
436 1104 248 24 Name 0 0 0
502 158 197 18 Name 0 0 0
4924 2838 61 32 Name 0 0 0
7208 6768 284 39 Name 0 0 0
7305 7381 98 19 Name 0 0 0
2032 4844 201 29 Name 0 0 0
7293 3807 251 21 Name 0 0 0
1109 279 37 44 Name 0 0 0
7448 4316 300 37 Name 0 0 0
4028 7725 327 41 Name 0 0 0
778 6221 417 22 Name 0 0 0
4937 7619 343 39 Name 0 0 0
7261 749 372 46 Name 0 0 0
6271 3236 212 39 Name 0 0 0
6455 1013 423 30 Name 0 0 0
7634 4987 384 22 Name 0 0 0
4289 649 244 36 Name 0 0 0
5170 6087 429 28 Name 0 0 0
5098 2940 99 36 Name 0 0 0
5445 7312 180 36 Name 0 0 0
8035 5924 100 25 Name 0 0 0
4098 6569 70 38 Name 0 0 0
5359 6868 217 26 Name 0 0 0
8071 1226 386 27 Name 0 0 0
4294 7378 179 42 Name 0 0 0
7082 3024 56 22 Name 0 0 0
1568 2227 434 25 Name 0 0 0
4219 88 119 35 Name 0 0 0
3487 6605 251 48 Name 0 0 0
89 5722 466 42 Name 0 0 0
7577 228 331 28 Name 0 0 0
7226 6565 386 47 Name 0 0 0
6808 4671 450 37 Name 0 0 0
2307 5029 484 44 Name 0 0 0
7204 6694 139 33 Name 0 0 0
5727 2010 138 21 Name 0 0 0
5272 3599 245 36 Name 0 0 0
180 3958 273 42 Name 0 0 0
6553 5873 312 16 Name 0 0 0
3310 732 262 41 Name 0 0 0
3959 47 343 40 Name 0 0 0
2932 1034 356 24 Name 0 0 0
1164 1548 127 44 Name 0 0 0
3778 2926 330 39 Name 0 0 0
4378 4894 464 45 Name 0 0 0
7255 6370 200 35 Name 0 0 0
6046 2637 389 41 Name 0 0 0
8120 1672 93 16 Name 0 0 0
7099 917 87 25 Name 0 0 0
824 6443 384 44 Name 0 0 0
5448 4020 341 26 Name 0 0 0
4428 215 118 37 Name 0 0 0
7914 3277 419 28 Name 0 0 0
1694 4525 322 26 Name 0 0 0
5768 18 238 21 Name 0 0 0
6852 7180 56 44 Name 0 0 0
2235 2495 316 36 Name 0 0 0
5577 4651 42 29 Name 0 0 0
595 1929 216 18 Name 0 0 0
7071 5785 277 41 Name 0 0 0
5091 7709 216 36 Name 0 0 0
2554 96 450 47 Name 0 0 0
2226 6465 126 19 Name 0 0 0
7368 3530 244 39 Name 0 0 0
3172 2482 313 23 Name 0 0 0
6961 4432 452 41 Name 0 0 0
6703 6419 225 47 Name 0 0 0
2410 4158 450 44 Name 0 0 0
2384 2955 294 28 Name 0 0 0
2724 6855 337 21 Name 0 0 0
7389 4587 500 45 Name 0 0 0
5913 7310 71 34 Name 0 0 0
1517 217 339 29 Name 0 0 0
5718 3834 428 22 Name 0 0 0
5886 7876 409 38 Name 0 0 0
1785 7722 108 40 Name 0 0 0
6697 3860 327 27 Name 0 0 0
7806 3225 261 33 Name 0 0 0
6889 849 377 16 Name 0 0 0
3861 113 172 46 Name 0 0 0
331 6034 286 42 Name 0 0 0
404 6003 256 31 Name 0 0 0
5683 5669 101 34 Name 0 0 0
2084 1973 203 46 Name 0 0 0
225 2208 383 41 Name 0 0 0
2066 7915 338 21 Name 0 0 0
4120 5237 363 40 Name 0 0 0
6312 6263 113 31 Name 0 0 0
7991 441 124 17 Name 0 0 0
6151 6011 79 28 Name 0 0 0
1640 7511 458 34 Name 0 0 0
1752 630 195 35 Name 0 0 0
5607 1002 384 40 Name 0 0 0
3603 5673 91 27 Name 0 0 0
3378 7766 266 32 Name 0 0 0
2320 2984 259 48 Name 0 0 0
3632 7031 410 18 Name 0 0 0
2933 4883 51 30 Name 0 0 0
4903 3529 112 42 Name 0 0 0
6171 7678 177 27 Name 0 0 0
413 5401 339 40 Name 0 0 0
3937 2117 141 26 Name 0 0 0
6954 2752 307 26 Name 0 0 0
5131 4923 332 34 Name 0 0 0
3217 4894 287 30 Name 0 0 0
2393 309 428 45 Name 0 0 0
3921 7052 68 27 Name 0 0 0
7901 3452 179 23 Name 0 0 0
3195 4778 475 32 Name 0 0 0
2651 809 250 28 Name 0 0 0
3455 3109 246 19 Name 0 0 0
7334 6108 372 22 Name 0 0 0
3199 1001 344 21 Name 0 0 0
7150 915 466 44 Name 0 0 0
7224 6707 310 31 Name 0 0 0
5488 7571 258 44 Name 0 0 0
3071 5794 109 17 Name 0 0 0
3786 5755 495 20 Name 0 0 0
3764 1254 434 21 Name 0 0 0
7941 2723 170 32 Name 0 0 0
538 3406 504 23 Name 0 0 0
7818 5998 36 45 Name 0 0 0
7453 623 295 32 Name 0 0 0
274 5402 502 35 Name 0 0 0
1738 4315 142 33 Name 0 0 0
5126 3201 303 16 Name 0 0 0
2605 412 259 30 Name 0 0 0
7201 2345 33 45 Name 0 0 0
6141 2171 152 41 Name 0 0 0
2817 7789 462 47 Name 0 0 0
1415 6019 107 46 Name 0 0 0
418 7702 152 18 Name 0 0 0
158 3883 407 33 Name 0 0 0
1536 3232 306 42 Name 0 0 0
5784 148 167 47 Name 0 0 0
5307 4835 268 30 Name 0 0 0
6715 7261 84 45 Name 0 0 0
2406 6047 321 38 Name 0 0 0
651 3658 67 30 Name 0 0 0
5341 5539 398 29 Name 0 0 0
6556 2029 450 43 Name 0 0 0
4467 3185 79 46 Name 0 0 0
7677 8025 238 41 Name 0 0 0
5377 641 292 46 Name 0 0 0
7966 6970 404 44 Name 0 0 0
6020 1808 196 43 Name 0 0 0
2382 7460 299 46 Name 0 0 0
3531 5344 274 45 Name 0 0 0
3811 8003 396 26 Name 0 0 0
5667 3671 128 36 Name 0 0 0
938 6487 468 23 Name 0 0 0
3280 5660 445 29 Name 0 0 0
3933 3473 502 42 Name 0 0 0
7630 1146 502 35 Name 0 0 0
5773 7826 389 18 Name 0 0 0
5323 4738 511 48 Name 0 0 0
6744 6573 223 23 Name 0 0 0
4988 5284 244 26 Name 0 0 0
2959 7114 397 27 Name 0 0 0
4905 5905 490 32 Name 0 0 0
924 2808 325 22 Name 0 0 0
3935 7292 97 34 Name 0 0 0
6701 595 62 17 Name 0 0 0
529 4425 440 31 Name 0 0 0
259 1250 193 40 Name 0 0 0
3292 1444 246 33 Name 0 0 0
3607 1363 251 26 Name 0 0 0
2291 2030 425 35 Name 0 0 0
6145 889 290 39 Name 0 0 0
2710 2355 134 43 Name 0 0 0
2430 4645 86 25 Name 0 0 0
7207 4412 504 44 Name 0 0 0
6710 1268 210 17 Name 0 0 0
6732 5869 128 35 Name 0 0 0
7020 894 399 34 Name 0 0 0
3066 2376 214 19 Name 0 0 0
1173 5052 346 37 Name 0 0 0
1822 3254 494 31 Name 0 0 0
336 1245 352 22 Name 0 0 0
8075 7771 339 46 Name 0 0 0
4490 6305 345 22 Name 0 0 0
5711 6656 494 27 Name 0 0 0
6638 4702 225 32 Name 0 0 0
2701 2103 397 29 Name 0 0 0
6223 3607 35 26 Name 0 0 0
5951 5708 451 39 Name 0 0 0
3523 3598 154 27 Name 0 0 0
1541 3461 292 22 Name 0 0 0
4800 7202 306 25 Name 0 0 0
6559 7325 341 24 Name 0 0 0
8046 4831 368 23 Name 0 0 0
4669 2164 345 46 Name 0 0 0
1128 3765 129 45 Name 0 0 0
2412 6295 398 43 Name 0 0 0
3663 1278 382 17 Name 0 0 0
7191 3335 84 38 Name 0 0 0
7797 6376 203 23 Name 0 0 0
1102 1428 155 28 Name 0 0 0
4347 7675 254 36 Name 0 0 0
3062 5281 56 44 Name 0 0 0
541 802 434 41 Name 0 0 0
2819 4110 41 45 Name 0 0 0
3890 6480 381 33 Name 0 0 0
4149 4381 231 43 Name 0 0 0
6186 7345 271 29 Name 0 0 0
1423 5089 435 43 Name 0 0 0
6249 3370 426 26 Name 0 0 0
6014 3399 272 31 Name 0 0 0
3748 5178 346 35 Name 0 0 0
7234 3738 271 46 Name 0 0 0
2531 7385 55 41 Name 0 0 0
6767 154 120 44 Name 0 0 0
3472 5122 141 26 Name 0 0 0
6298 3206 226 20 Name 0 0 0
795 2026 36 41 Name 0 0 0
211 4229 359 27 Name 0 0 0
5270 6328 160 19 Name 0 0 0
5086 7482 174 46 Name 0 0 0
1414 3502 172 31 Name 0 0 0
4870 4109 435 41 Name 0 0 0
3839 221 169 21 Name 0 0 0
3295 6624 270 26 Name 0 0 0
3551 4136 318 27 Name 0 0 0
7410 4847 461 46 Name 0 0 0
5435 1650 473 35 Name 0 0 0
3873 5663 280 17 Name 0 0 0
1927 5196 189 35 Name 0 0 0
5179 6590 147 19 Name 0 0 0
3245 7946 277 21 Name 0 0 0
6139 6144 244 37 Name 0 0 0
6275 357 355 45 Name 0 0 0
6744 3214 177 24 Name 0 0 0
5104 984 195 30 Name 0 0 0
1605 8125 177 20 Name 0 0 0
1647 1876 441 33 Name 0 0 0
4817 7478 467 26 Name 0 0 0
4414 2975 459 46 Name 0 0 0
2322 1657 369 34 Name 0 0 0
6876 2279 293 17 Name 0 0 0
4146 5013 247 41 Name 0 0 0
2873 2634 492 17 Name 0 0 0
2899 5787 389 21 Name 0 0 0
5301 5596 248 29 Name 0 0 0
2341 6257 149 22 Name 0 0 0
6954 1378 254 19 Name 0 0 0
2081 6506 252 28 Name 0 0 0
929 4425 265 40 Name 0 0 0
5135 5005 76 34 Name 0 0 0
7757 120 343 24 Name 0 0 0
429 894 217 29 Name 0 0 0
5869 6171 445 18 Name 0 0 0
1435 2024 355 44 Name 0 0 0
3928 7479 98 16 Name 0 0 0
4563 4623 206 17 Name 0 0 0
3025 7897 132 34 Name 0 0 0
5621 5215 326 37 Name 0 0 0
243 3072 405 20 Name 0 0 0
711 7684 61 18 Name 0 0 0
2921 5054 509 37 Name 0 0 0
859 1358 359 42 Name 0 0 0
7214 7913 324 37 Name 0 0 0
4329 4004 490 33 Name 0 0 0
7307 677 229 16 Name 0 0 0
1308 782 192 19 Name 0 0 0
3531 5083 74 21 Name 0 0 0
5070 1166 440 33 Name 0 0 0
7364 5896 433 17 Name 0 0 0
304 3466 431 38 Name 0 0 0
587 3930 286 41 Name 0 0 0
3770 6170 325 48 Name 0 0 0
5208 6575 158 20 Name 0 0 0
2939 5949 337 19 Name 0 0 0
1877 6581 297 25 Name 0 0 0
3743 2664 396 29 Name 0 0 0
2256 5554 404 42 Name 0 0 0
4549 5471 423 17 Name 0 0 0
7171 2788 466 23 Name 0 0 0
2924 7516 184 28 Name 0 0 0
302 7731 473 23 Name 0 0 0
8063 2066 475 19 Name 0 0 0
4025 2448 415 44 Name 0 0 0
5157 3054 77 34 Name 0 0 0
71 2525 235 37 Name 0 0 0
4717 1536 449 46 Name 0 0 0
6233 6202 439 44 Name 0 0 0
7648 5631 130 33 Name 0 0 0
7258 2685 158 41 Name 0 0 0
4649 6052 141 17 Name 0 0 0
7058 5951 473 27 Name 0 0 0
6643 983 306 29 Name 0 0 0
3365 1584 265 28 Name 0 0 0
1194 3933 431 38 Name 0 0 0
3262 2187 420 34 Name 0 0 0
7521 6574 115 31 Name 0 0 0
519 5554 328 36 Name 0 0 0
65 1898 309 46 Name 0 0 0
5709 125 212 39 Name 0 0 0
2609 942 180 42 Name 0 0 0
2047 7148 37 23 Name 0 0 0
1557 1983 172 45 Name 0 0 0
1347 5389 101 28 Name 0 0 0
2246 5690 490 40 Name 0 0 0
5666 7331 393 31 Name 0 0 0
4507 2869 474 35 Name 0 0 0
259 1286 309 20 Name 0 0 0
7804 3493 76 31 Name 0 0 0
4197 5483 368 47 Name 0 0 0
8183 2714 149 46 Name 0 0 0
7529 252 444 41 Name 0 0 0
6518 218 66 19 Name 0 0 0
335 4025 418 39 Name 0 0 0
4128 4898 225 26 Name 0 0 0
4885 4917 337 20 Name 0 0 0
191 2245 107 20 Name 0 0 0
5501 1268 337 29 Name 0 0 0
2831 1999 116 23 Name 0 0 0
7078 5019 242 20 Name 0 0 0
5235 6063 265 45 Name 0 0 0
8007 8144 99 37 Name 0 0 0
7668 4429 92 37 Name 0 0 0
4070 3927 413 22 Name 0 0 0
1655 5514 296 18 Name 0 0 0
3241 7114 140 29 Name 0 0 0
6776 6883 376 20 Name 0 0 0
5563 5524 336 47 Name 0 0 0
4241 1511 101 17 Name 0 0 0
8039 7006 154 44 Name 0 0 0
6604 3459 104 36 Name 0 0 0
5665 3540 286 36 Name 0 0 0
4786 92 471 23 Name 0 0 0
5627 4544 139 27 Name 0 0 0
342 2084 504 29 Name 0 0 0
3153 4520 250 19 Name 0 0 0
4077 3884 191 40 Name 0 0 0
1091 885 177 45 Name 0 0 0
6722 2868 327 44 Name 0 0 0
8058 1837 210 32 Name 0 0 0
745 3712 97 26 Name 0 0 0
5204 1337 243 47 Name 0 0 0
5517 2292 271 41 Name 0 0 0
1199 2985 160 26 Name 0 0 0
232 5497 448 36 Name 0 0 0
3425 1586 218 40 Name 0 0 0
5844 1632 246 18 Name 0 0 0
6645 1755 136 24 Name 0 0 0
1874 4703 352 25 Name 0 0 0
4658 2038 494 47 Name 0 0 0
6746 6280 165 30 Name 0 0 0
2334 2291 248 27 Name 0 0 0
4921 7618 195 40 Name 0 0 0
5686 1509 152 40 Name 0 0 0
4807 5993 88 21 Name 0 0 0
5452 7784 219 20 Name 0 0 0
5668 29 168 17 Name 0 0 0
3817 2918 264 45 Name 0 0 0
6106 6446 229 17 Name 0 0 0
371 1180 432 17 Name 0 0 0
404 1020 185 29 Name 0 0 0
2817 3789 186 25 Name 0 0 0
7738 2679 372 36 Name 0 0 0
2351 1057 223 22 Name 0 0 0
4561 3505 177 33 Name 0 0 0
193 2383 159 46 Name 0 0 0
7085 7393 81 48 Name 0 0 0
6305 5311 332 20 Name 0 0 0
2396 4738 477 43 Name 0 0 0
4697 7768 283 18 Name 0 0 0
5380 799 387 28 Name 0 0 0
1761 5060 236 22 Name 0 0 0
1362 3448 74 35 Name 0 0 0
6069 7603 165 27 Name 0 0 0
3910 6056 347 41 Name 0 0 0
6685 4102 361 22 Name 0 0 0
1909 4579 101 40 Name 0 0 0
2318 4078 231 37 Name 0 0 0
985 5191 151 22 Name 0 0 0
63 7248 90 43 Name 0 0 0
4109 6183 462 27 Name 0 0 0
5166 761 46 30 Name 0 0 0
3925 4502 254 44 Name 0 0 0
958 5130 404 45 Name 0 0 0
2215 1178 319 32 Name 0 0 0
4961 6159 94 26 Name 0 0 0
7608 4447 245 23 Name 0 0 0
1497 3568 94 47 Name 0 0 0
7412 3777 159 46 Name 0 0 0
3097 667 189 20 Name 0 0 0
2429 2490 310 37 Name 0 0 0
6116 5962 145 38 Name 0 0 0
4731 3625 391 29 Name 0 0 0
7054 6517 346 47 Name 0 0 0
3600 99 311 18 Name 0 0 0
5720 6080 295 37 Name 0 0 0
2797 4225 122 26 Name 0 0 0
7386 5348 432 22 Name 0 0 0
257 4091 207 26 Name 0 0 0
2144 5754 246 45 Name 0 0 0
1358 5308 473 30 Name 0 0 0
7852 659 174 16 Name 0 0 0
2362 2562 254 20 Name 0 0 0
3322 4122 321 25 Name 0 0 0
8149 2413 362 41 Name 0 0 0
6998 7606 73 29 Name 0 0 0
3378 7519 271 36 Name 0 0 0
4193 5693 369 20 Name 0 0 0
4937 7008 343 39 Name 0 0 0
4125 6986 199 40 Name 0 0 0
5436 6468 138 33 Name 0 0 0
5697 7229 76 30 Name 0 0 0
6981 484 238 21 Name 0 0 0
2514 1316 446 30 Name 0 0 0
1587 4295 129 30 Name 0 0 0
1121 7660 390 29 Name 0 0 0
4025 2547 163 27 Name 0 0 0
5781 2046 132 33 Name 0 0 0
1881 6362 273 32 Name 0 0 0
4208 1000 40 31 Name 0 0 0
4941 4952 66 29 Name 0 0 0
1167 6170 61 32 Name 0 0 0
5230 7518 501 35 Name 0 0 0
7681 4528 199 40 Name 0 0 0
4237 1194 309 35 Name 0 0 0
3630 2934 153 47 Name 0 0 0
4681 4066 39 35 Name 0 0 0
7965 723 96 34 Name 0 0 0
7830 2727 186 20 Name 0 0 0
2535 4662 334 34 Name 0 0 0
3481 8041 299 29 Name 0 0 0
3078 6246 370 18 Name 0 0 0
2935 8025 388 26 Name 0 0 0
7862 5806 510 45 Name 0 0 0
8076 6241 252 44 Name 0 0 0
6871 1029 143 41 Name 0 0 0
2587 1 369 47 Name 0 0 0
8007 2214 419 36 Name 0 0 0
5197 3139 468 39 Name 0 0 0
6784 7290 171 47 Name 0 0 0
2755 3516 267 36 Name 0 0 0
1524 7369 108 31 Name 0 0 0
1014 4687 462 36 Name 0 0 0
3566 858 58 30 Name 0 0 0
2690 4407 363 46 Name 0 0 0
7869 7650 495 16 Name 0 0 0
5202 5114 240 22 Name 0 0 0
3977 2145 177 45 Name 0 0 0
7117 7267 381 34 Name 0 0 0
2175 5265 445 27 Name 0 0 0
4427 4947 414 43 Name 0 0 0
4338 3809 131 41 Name 0 0 0
7336 1519 145 45 Name 0 0 0
7968 6837 304 22 Name 0 0 0
1372 3492 321 20 Name 0 0 0
7842 2364 117 40 Name 0 0 0
3377 7141 510 42 Name 0 0 0
1297 4639 143 30 Name 0 0 0
4338 7181 261 21 Name 0 0 0
1096 6452 43 39 Name 0 0 0
3670 4980 430 23 Name 0 0 0
6300 3722 380 26 Name 0 0 0
6387 507 188 43 Name 0 0 0
6875 602 262 24 Name 0 0 0
5506 1023 201 24 Name 0 0 0
325 3765 126 33 Name 0 0 0
475 7723 382 44 Name 0 0 0
3956 7077 103 34 Name 0 0 0
6594 7196 379 25 Name 0 0 0
572 2670 333 20 Name 0 0 0
6981 5286 489 48 Name 0 0 0
1833 4343 485 38 Name 0 0 0
2393 4448 200 39 Name 0 0 0
900 6698 62 43 Name 0 0 0
230 6133 280 38 Name 0 0 0
4072 2246 85 19 Name 0 0 0
2525 7187 89 23 Name 0 0 0
8058 3607 378 28 Name 0 0 0
6860 4466 421 45 Name 0 0 0
6320 6116 406 26 Name 0 0 0
6538 421 501 17 Name 0 0 0
3356 1457 452 34 Name 0 0 0
4629 4952 375 16 Name 0 0 0
3974 3743 146 27 Name 0 0 0
4633 1548 342 24 Name 0 0 0
5096 7383 60 27 Name 0 0 0
5936 7857 320 18 Name 0 0 0
411 5548 331 34 Name 0 0 0
4026 3430 445 32 Name 0 0 0
8118 3260 490 45 Name 0 0 0
5420 2270 289 33 Name 0 0 0
2657 101 237 20 Name 0 0 0
2770 2504 139 45 Name 0 0 0
536 3071 375 21 Name 0 0 0
5465 4124 407 34 Name 0 0 0
819 5237 278 47 Name 0 0 0
7056 2307 99 35 Name 0 0 0
1314 652 455 17 Name 0 0 0
7782 1117 469 33 Name 0 0 0
6977 5255 272 42 Name 0 0 0
4820 7614 177 29 Name 0 0 0
6525 6816 204 27 Name 0 0 0
4518 7006 491 45 Name 0 0 0
6740 300 281 22 Name 0 0 0
3242 3123 248 24 Name 0 0 0
17 4043 314 39 Name 0 0 0
33 1210 217 24 Name 0 0 0
6959 5949 39 36 Name 0 0 0
7946 570 383 41 Name 0 0 0
4414 3714 323 39 Name 0 0 0
6676 4854 360 31 Name 0 0 0
2855 3584 463 37 Name 0 0 0
2929 2876 144 35 Name 0 0 0
2305 5447 40 16 Name 0 0 0
2969 6939 281 20 Name 0 0 0
32 7224 176 33 Name 0 0 0
8 2382 144 25 Name 0 0 0
3790 2720 245 32 Name 0 0 0
7036 4534 428 30 Name 0 0 0
1275 4676 224 17 Name 0 0 0
2390 7379 358 18 Name 0 0 0
3837 3894 243 21 Name 0 0 0
7292 6640 174 43 Name 0 0 0
4096 2584 366 26 Name 0 0 0
5421 5423 187 21 Name 0 0 0
282 688 105 37 Name 0 0 0
5840 147 403 23 Name 0 0 0
6200 5680 278 31 Name 0 0 0
693 2205 139 42 Name 0 0 0
4115 3421 133 44 Name 0 0 0
7955 6994 217 32 Name 0 0 0
2870 6544 408 37 Name 0 0 0
2753 769 224 37 Name 0 0 0
926 6091 364 18 Name 0 0 0
451 1205 108 25 Name 0 0 0
3579 4162 182 43 Name 0 0 0
7574 1258 120 47 Name 0 0 0
558 7517 352 45 Name 0 0 0
4500 1092 462 39 Name 0 0 0
2663 3863 498 27 Name 0 0 0
6638 3225 243 20 Name 0 0 0
628 81 334 31 Name 0 0 0
4162 6408 110 30 Name 0 0 0
5445 2176 320 43 Name 0 0 0
4217 338 189 45 Name 0 0 0
971 3504 86 46 Name 0 0 0
2207 4239 278 28 Name 0 0 0
3237 4787 249 16 Name 0 0 0
3591 2713 128 43 Name 0 0 0
7791 6587 255 23 Name 0 0 0
1919 6385 459 43 Name 0 0 0
6533 1296 73 43 Name 0 0 0
6074 6221 248 46 Name 0 0 0
4409 7037 337 33 Name 0 0 0
5041 7689 110 32 Name 0 0 0
922 7652 50 23 Name 0 0 0
274 5650 314 33 Name 0 0 0
6318 2900 355 33 Name 0 0 0
6663 5496 288 44 Name 0 0 0
597 5223 461 18 Name 0 0 0
7481 5 332 38 Name 0 0 0
4079 3912 42 16 Name 0 0 0
3426 2755 359 36 Name 0 0 0
1258 1339 363 39 Name 0 0 0
6304 5734 227 42 Name 0 0 0
6782 872 284 34 Name 0 0 0
2092 7600 113 46 Name 0 0 0
6059 1997 302 23 Name 0 0 0
5923 8076 214 24 Name 0 0 0
1180 4765 321 39 Name 0 0 0
4764 2056 131 44 Name 0 0 0
8001 5581 35 18 Name 0 0 0
5910 2771 208 39 Name 0 0 0
7119 1690 205 22 Name 0 0 0
4419 4376 122 47 Name 0 0 0
1064 885 324 16 Name 0 0 0
1433 7257 184 22 Name 0 0 0
6598 1339 266 23 Name 0 0 0
6919 7328 439 38 Name 0 0 0
7314 5581 443 36 Name 0 0 0
5413 670 286 36 Name 0 0 0
803 5741 358 32 Name 0 0 0
4038 1599 369 32 Name 0 0 0
946 1566 67 29 Name 0 0 0
8094 5037 226 38 Name 0 0 0
4169 1094 218 22 Name 0 0 0
1495 6255 73 43 Name 0 0 0
6007 4307 437 35 Name 0 0 0
1458 3285 486 24 Name 0 0 0
3416 325 162 22 Name 0 0 0
573 7252 299 18 Name 0 0 0
7690 3762 228 47 Name 0 0 0
2046 5120 312 48 Name 0 0 0
959 2544 469 35 Name 0 0 0
2790 4043 507 27 Name 0 0 0
6294 578 60 36 Name 0 0 0
4199 4007 333 43 Name 0 0 0
1175 7164 228 28 Name 0 0 0
7084 6437 133 42 Name 0 0 0
6264 7385 457 30 Name 0 0 0
5828 7221 61 28 Name 0 0 0
7769 2864 415 32 Name 0 0 0
1823 3918 118 46 Name 0 0 0
2429 32 411 19 Name 0 0 0
5765 3866 350 39 Name 0 0 0
7344 5363 183 39 Name 0 0 0
2284 4012 355 47 Name 0 0 0
6856 6054 45 21 Name 0 0 0
5038 6543 170 34 Name 0 0 0
2822 6642 371 42 Name 0 0 0
592 537 406 26 Name 0 0 0
4068 4434 155 21 Name 0 0 0
7764 85 215 33 Name 0 0 0
6455 1339 405 32 Name 0 0 0
2881 5522 389 25 Name 0 0 0
3811 7533 491 22 Name 0 0 0
5746 849 260 34 Name 0 0 0
6187 3537 307 23 Name 0 0 0
7535 7442 197 23 Name 0 0 0
6013 7739 228 40 Name 0 0 0
5249 7250 175 28 Name 0 0 0
3650 1046 150 22 Name 0 0 0
778 7385 426 45 Name 0 0 0
5945 6080 192 33 Name 0 0 0
5309 5079 390 47 Name 0 0 0
3923 3082 339 36 Name 0 0 0
1965 3474 364 22 Name 0 0 0
4596 1863 380 24 Name 0 0 0
6073 6204 195 48 Name 0 0 0
4275 1718 373 40 Name 0 0 0
142 78 289 23 Name 0 0 0
1669 1013 299 44 Name 0 0 0
7886 3919 437 20 Name 0 0 0
1759 1903 482 47 Name 0 0 0
1947 684 192 25 Name 0 0 0
7253 5055 341 25 Name 0 0 0
63 4705 202 30 Name 0 0 0
360 5834 293 32 Name 0 0 0
2348 6144 101 33 Name 0 0 0
907 916 62 40 Name 0 0 0
4855 1399 297 29 Name 0 0 0
1681 3665 232 47 Name 0 0 0
2631 7989 159 37 Name 0 0 0
4032 4535 309 47 Name 0 0 0
6890 7544 299 38 Name 0 0 0
2724 3153 199 27 Name 0 0 0
2441 5583 451 32 Name 0 0 0
1602 6353 509 36 Name 0 0 0
5908 4070 234 35 Name 0 0 0
5595 2628 461 29 Name 0 0 0
2398 6040 262 31 Name 0 0 0
1838 2044 332 32 Name 0 0 0
7444 951 63 16 Name 0 0 0
5814 6857 55 40 Name 0 0 0
5589 4380 396 27 Name 0 0 0
6426 7880 228 20 Name 0 0 0
1152 3531 57 34 Name 0 0 0
5201 2860 176 38 Name 0 0 0
7614 1373 230 31 Name 0 0 0
4440 7049 47 30 Name 0 0 0
2 1400 173 22 Name 0 0 0
4592 7725 332 31 Name 0 0 0
5134 3910 210 28 Name 0 0 0
7900 1548 168 30 Name 0 0 0
3535 3514 419 19 Name 0 0 0
2916 1622 75 47 Name 0 0 0
4872 7220 476 22 Name 0 0 0
5143 5515 316 28 Name 0 0 0
1205 3569 226 47 Name 0 0 0
2857 6122 375 40 Name 0 0 0
1210 7359 203 41 Name 0 0 0
6250 8146 221 29 Name 0 0 0
3767 1311 144 35 Name 0 0 0
1385 569 246 30 Name 0 0 0
626 1749 336 24 Name 0 0 0
278 5295 91 32 Name 0 0 0
7071 5336 415 47 Name 0 0 0
349 262 263 23 Name 0 0 0
3462 4109 106 25 Name 0 0 0
6495 1596 262 28 Name 0 0 0
5680 8010 273 26 Name 0 0 0
2769 2090 364 25 Name 0 0 0
6309 852 93 17 Name 0 0 0
3657 6765 443 33 Name 0 0 0
6119 2567 105 28 Name 0 0 0
3108 3964 174 25 Name 0 0 0
616 6586 355 19 Name 0 0 0
4178 4299 511 41 Name 0 0 0
7626 7370 255 26 Name 0 0 0
3162 8088 507 48 Name 0 0 0
x-Min=0
x-Max=8192
y-Min=0
y-Max=8192
min label height=16.0
max label height=48.0
min label width=32.0
max label width=512
