1024
1634 1956 27 6 Name 0 0 0
903 1762 16 9 Name 0 0 0
1024 727 26 10 Name 0 0 0
550 1914 15 8 Name 0 0 0
1542 1527 30 11 Name 0 0 0
871 1983 20 12 Name 0 0 0
649 1358 10 9 Name 0 0 0
115 565 16 6 Name 0 0 0
1982 1908 14 6 Name 0 0 0
189 179 27 7 Name 0 0 0
519 445 18 7 Name 0 0 0
104 436 20 7 Name 0 0 0
1116 1176 27 8 Name 0 0 0
976 1664 22 6 Name 0 0 0
494 1399 21 10 Name 0 0 0
483 496 8 4 Name 0 0 0
1998 942 15 8 Name 0 0 0
1096 2034 27 5 Name 0 0 0
1230 308 25 7 Name 0 0 0
1394 1684 13 5 Name 0 0 0
1913 748 11 5 Name 0 0 0
1131 899 26 5 Name 0 0 0
78 31 23 4 Name 0 0 0
1408 1028 25 11 Name 0 0 0
391 1844 32 7 Name 0 0 0
1480 1100 14 11 Name 0 0 0
836 514 15 6 Name 0 0 0
450 1453 19 6 Name 0 0 0
1875 1911 12 9 Name 0 0 0
786 653 28 11 Name 0 0 0
518 1213 28 7 Name 0 0 0
956 1515 30 8 Name 0 0 0
576 615 12 11 Name 0 0 0
1968 360 25 11 Name 0 0 0
1019 1409 24 6 Name 0 0 0
1385 1731 20 7 Name 0 0 0
803 1527 23 9 Name 0 0 0
804 348 10 5 Name 0 0 0
1732 151 10 9 Name 0 0 0
1225 1498 24 6 Name 0 0 0
869 1046 25 8 Name 0 0 0
1106 1815 18 11 Name 0 0 0
1365 1021 30 11 Name 0 0 0
1324 1842 19 9 Name 0 0 0
1725 1328 26 11 Name 0 0 0
88 822 16 8 Name 0 0 0
1296 41 22 6 Name 0 0 0
1074 1022 19 11 Name 0 0 0
133 1103 22 5 Name 0 0 0
909 1611 11 9 Name 0 0 0
1299 63 13 10 Name 0 0 0
1596 566 28 12 Name 0 0 0
500 1337 12 5 Name 0 0 0
24 1085 27 10 Name 0 0 0
1721 1545 13 11 Name 0 0 0
1438 700 13 8 Name 0 0 0
1226 667 13 10 Name 0 0 0
697 1774 18 8 Name 0 0 0
1783 235 11 8 Name 0 0 0
1516 851 27 9 Name 0 0 0
848 80 10 7 Name 0 0 0
389 1643 13 8 Name 0 0 0
1300 637 18 7 Name 0 0 0
1928 1412 12 6 Name 0 0 0
61 116 16 5 Name 0 0 0
431 402 14 12 Name 0 0 0
804 1584 14 6 Name 0 0 0
520 1009 18 7 Name 0 0 0
1279 1087 29 7 Name 0 0 0
249 165 19 8 Name 0 0 0
2026 1293 8 11 Name 0 0 0
920 1517 10 12 Name 0 0 0
1724 1326 31 10 Name 0 0 0
476 570 11 8 Name 0 0 0
9 742 31 11 Name 0 0 0
355 143 23 8 Name 0 0 0
1885 369 31 7 Name 0 0 0
1045 107 27 7 Name 0 0 0
999 1854 13 7 Name 0 0 0
194 1718 23 9 Name 0 0 0
1305 411 11 11 Name 0 0 0
956 699 28 7 Name 0 0 0
276 724 11 5 Name 0 0 0
749 1237 16 5 Name 0 0 0
715 126 24 12 Name 0 0 0
1092 835 24 8 Name 0 0 0
440 103 30 11 Name 0 0 0
72 673 29 6 Name 0 0 0
1119 172 29 6 Name 0 0 0
1619 835 29 11 Name 0 0 0
850 18 19 6 Name 0 0 0
1355 19 16 8 Name 0 0 0
644 1016 14 11 Name 0 0 0
1704 1849 24 9 Name 0 0 0
609 1096 12 7 Name 0 0 0
831 1800 28 6 Name 0 0 0
336 1296 23 8 Name 0 0 0
675 168 22 6 Name 0 0 0
1357 1418 10 8 Name 0 0 0
1418 1674 31 8 Name 0 0 0
1635 687 30 12 Name 0 0 0
512 1000 31 4 Name 0 0 0
277 1931 31 5 Name 0 0 0
1273 735 10 8 Name 0 0 0
694 1327 23 6 Name 0 0 0
368 124 12 8 Name 0 0 0
2020 1520 19 5 Name 0 0 0
1321 260 16 8 Name 0 0 0
1948 1326 15 7 Name 0 0 0
1978 835 11 5 Name 0 0 0
212 1343 17 9 Name 0 0 0
1619 1282 16 10 Name 0 0 0
400 240 12 8 Name 0 0 0
1315 132 13 10 Name 0 0 0
1388 21 14 10 Name 0 0 0
395 1311 18 8 Name 0 0 0
90 346 15 9 Name 0 0 0
1663 151 28 4 Name 0 0 0
1660 1764 8 9 Name 0 0 0
1465 531 30 6 Name 0 0 0
821 1304 32 9 Name 0 0 0
1411 1684 30 9 Name 0 0 0
1867 138 29 10 Name 0 0 0
600 1986 19 9 Name 0 0 0
1953 1596 25 7 Name 0 0 0
397 1373 23 9 Name 0 0 0
819 812 23 9 Name 0 0 0
2021 979 25 10 Name 0 0 0
791 1869 26 6 Name 0 0 0
1690 1494 12 10 Name 0 0 0
662 1017 10 8 Name 0 0 0
1989 27 31 11 Name 0 0 0
325 457 18 6 Name 0 0 0
1310 1813 32 8 Name 0 0 0
952 1442 27 7 Name 0 0 0
1760 1133 21 4 Name 0 0 0
492 532 13 9 Name 0 0 0
111 249 10 12 Name 0 0 0
782 946 23 10 Name 0 0 0
1256 931 23 6 Name 0 0 0
1778 232 20 10 Name 0 0 0
947 96 14 5 Name 0 0 0
1820 395 20 8 Name 0 0 0
788 392 18 9 Name 0 0 0
1260 425 12 5 Name 0 0 0
584 205 31 7 Name 0 0 0
1124 52 30 8 Name 0 0 0
1233 614 18 8 Name 0 0 0
1783 1355 15 6 Name 0 0 0
1494 213 23 6 Name 0 0 0
833 1961 23 10 Name 0 0 0
201 1905 12 5 Name 0 0 0
843 1453 23 10 Name 0 0 0
842 124 9 9 Name 0 0 0
1495 1331 21 5 Name 0 0 0
1231 995 21 11 Name 0 0 0
1706 428 19 5 Name 0 0 0
1040 1773 27 10 Name 0 0 0
2018 517 28 9 Name 0 0 0
1389 1377 26 11 Name 0 0 0
1448 1329 10 11 Name 0 0 0
1169 1969 13 11 Name 0 0 0
136 146 22 8 Name 0 0 0
706 1710 29 6 Name 0 0 0
309 1430 30 11 Name 0 0 0
1601 492 15 8 Name 0 0 0
731 1412 21 6 Name 0 0 0
194 1961 19 5 Name 0 0 0
523 1916 24 7 Name 0 0 0
708 435 12 10 Name 0 0 0
1285 1430 18 11 Name 0 0 0
37 57 18 5 Name 0 0 0
808 1849 12 11 Name 0 0 0
1901 1687 19 7 Name 0 0 0
590 1630 17 9 Name 0 0 0
362 1142 20 5 Name 0 0 0
862 1853 13 11 Name 0 0 0
453 287 19 7 Name 0 0 0
2038 1189 31 9 Name 0 0 0
1508 211 17 11 Name 0 0 0
1140 515 16 11 Name 0 0 0
1596 2012 26 5 Name 0 0 0
538 6 8 7 Name 0 0 0
1830 1197 20 10 Name 0 0 0
1588 2000 31 7 Name 0 0 0
752 1320 15 4 Name 0 0 0
1744 1434 8 9 Name 0 0 0
23 936 28 7 Name 0 0 0
822 1007 31 5 Name 0 0 0
867 1732 11 4 Name 0 0 0
671 1487 32 5 Name 0 0 0
611 464 14 7 Name 0 0 0
516 957 14 4 Name 0 0 0
1123 1390 27 8 Name 0 0 0
529 237 24 11 Name 0 0 0
416 1557 14 7 Name 0 0 0
1139 1384 10 6 Name 0 0 0
1210 1127 11 9 Name 0 0 0
63 678 15 11 Name 0 0 0
11 454 30 5 Name 0 0 0
1759 248 27 9 Name 0 0 0
240 273 10 11 Name 0 0 0
1302 993 9 6 Name 0 0 0
2032 30 23 12 Name 0 0 0
1637 437 32 4 Name 0 0 0
1903 602 20 12 Name 0 0 0
138 1075 29 9 Name 0 0 0
1961 1981 9 11 Name 0 0 0
503 772 9 11 Name 0 0 0
1765 1057 12 11 Name 0 0 0
1939 469 11 7 Name 0 0 0
768 507 12 8 Name 0 0 0
776 735 25 8 Name 0 0 0
1717 423 30 6 Name 0 0 0
466 509 12 8 Name 0 0 0
807 172 27 7 Name 0 0 0
1 1093 19 11 Name 0 0 0
1559 1361 30 12 Name 0 0 0
782 1823 20 8 Name 0 0 0
1785 529 14 7 Name 0 0 0
1077 322 25 6 Name 0 0 0
471 276 15 6 Name 0 0 0
1710 1670 24 5 Name 0 0 0
12 1742 32 9 Name 0 0 0
527 399 27 9 Name 0 0 0
1360 454 29 6 Name 0 0 0
2020 1075 30 8 Name 0 0 0
1405 937 24 10 Name 0 0 0
1610 1536 27 7 Name 0 0 0
1534 1098 11 9 Name 0 0 0
1428 532 10 10 Name 0 0 0
1882 301 14 9 Name 0 0 0
931 391 23 5 Name 0 0 0
919 274 17 12 Name 0 0 0
1926 131 14 11 Name 0 0 0
4 339 25 4 Name 0 0 0
1666 1133 28 11 Name 0 0 0
1816 789 26 6 Name 0 0 0
99 1111 18 11 Name 0 0 0
1384 923 30 6 Name 0 0 0
983 1121 14 8 Name 0 0 0
1160 1466 15 6 Name 0 0 0
1984 542 16 7 Name 0 0 0
323 925 16 10 Name 0 0 0
1653 1941 20 11 Name 0 0 0
502 1708 18 12 Name 0 0 0
416 424 28 4 Name 0 0 0
240 806 13 6 Name 0 0 0
453 1638 15 12 Name 0 0 0
1253 1190 19 10 Name 0 0 0
1905 1325 17 6 Name 0 0 0
1019 393 28 10 Name 0 0 0
731 674 9 9 Name 0 0 0
1369 149 23 9 Name 0 0 0
922 1406 12 6 Name 0 0 0
422 1919 20 10 Name 0 0 0
875 961 24 11 Name 0 0 0
1374 647 12 5 Name 0 0 0
333 583 12 10 Name 0 0 0
1824 383 27 8 Name 0 0 0
1699 407 12 6 Name 0 0 0
295 1744 10 11 Name 0 0 0
1494 1537 13 8 Name 0 0 0
1079 719 10 7 Name 0 0 0
1087 180 12 11 Name 0 0 0
410 880 31 5 Name 0 0 0
257 1253 30 8 Name 0 0 0
1007 1934 9 11 Name 0 0 0
528 271 22 9 Name 0 0 0
341 104 13 8 Name 0 0 0
1250 880 13 5 Name 0 0 0
40 1043 14 12 Name 0 0 0
1337 1938 16 12 Name 0 0 0
688 1693 25 9 Name 0 0 0
1621 58 16 12 Name 0 0 0
306 34 26 5 Name 0 0 0
1072 940 31 8 Name 0 0 0
1736 1191 22 6 Name 0 0 0
698 1213 29 7 Name 0 0 0
95 138 22 5 Name 0 0 0
1988 1200 22 7 Name 0 0 0
1802 874 18 6 Name 0 0 0
1033 867 25 6 Name 0 0 0
1766 391 19 7 Name 0 0 0
439 983 13 9 Name 0 0 0
1130 872 27 5 Name 0 0 0
552 2034 17 11 Name 0 0 0
69 1539 25 6 Name 0 0 0
1145 1587 21 12 Name 0 0 0
287 976 10 7 Name 0 0 0
1925 6 24 5 Name 0 0 0
1267 948 13 10 Name 0 0 0
1028 1427 28 6 Name 0 0 0
1019 421 19 7 Name 0 0 0
192 344 30 6 Name 0 0 0
34 665 16 11 Name 0 0 0
928 340 13 9 Name 0 0 0
892 1451 16 11 Name 0 0 0
838 1163 28 11 Name 0 0 0
1662 1978 9 8 Name 0 0 0
1101 1239 21 7 Name 0 0 0
1153 41 15 5 Name 0 0 0
534 119 8 11 Name 0 0 0
589 2023 30 7 Name 0 0 0
1592 909 23 6 Name 0 0 0
1465 1992 19 7 Name 0 0 0
39 564 30 6 Name 0 0 0
948 1602 32 8 Name 0 0 0
1637 1636 28 10 Name 0 0 0
790 1021 10 9 Name 0 0 0
2001 696 30 8 Name 0 0 0
1998 978 20 11 Name 0 0 0
497 1190 21 5 Name 0 0 0
15 456 31 12 Name 0 0 0
51 54 14 7 Name 0 0 0
969 79 14 5 Name 0 0 0
1959 2004 21 12 Name 0 0 0
120 761 20 7 Name 0 0 0
1559 1866 12 9 Name 0 0 0
789 759 27 8 Name 0 0 0
198 1556 31 6 Name 0 0 0
270 1862 26 9 Name 0 0 0
1094 718 26 11 Name 0 0 0
1703 1891 28 4 Name 0 0 0
1272 1330 18 11 Name 0 0 0
373 1072 15 8 Name 0 0 0
1241 20 29 4 Name 0 0 0
1463 1238 26 11 Name 0 0 0
539 1993 28 9 Name 0 0 0
943 946 17 10 Name 0 0 0
679 1573 24 6 Name 0 0 0
1043 611 28 5 Name 0 0 0
1883 680 23 10 Name 0 0 0
649 1810 29 5 Name 0 0 0
1001 198 26 7 Name 0 0 0
889 1491 25 11 Name 0 0 0
704 680 24 12 Name 0 0 0
202 218 19 10 Name 0 0 0
1556 1231 17 4 Name 0 0 0
1804 332 18 10 Name 0 0 0
1309 1057 14 12 Name 0 0 0
399 1862 14 5 Name 0 0 0
940 1043 21 10 Name 0 0 0
856 238 30 9 Name 0 0 0
656 1724 22 5 Name 0 0 0
697 1431 11 6 Name 0 0 0
151 1381 29 6 Name 0 0 0
1346 1760 29 4 Name 0 0 0
1593 764 13 4 Name 0 0 0
703 197 23 8 Name 0 0 0
60 173 23 5 Name 0 0 0
1728 1211 9 6 Name 0 0 0
998 1864 9 10 Name 0 0 0
2048 1201 11 10 Name 0 0 0
1729 1089 24 9 Name 0 0 0
97 2037 17 5 Name 0 0 0
269 1634 18 10 Name 0 0 0
1910 1550 26 11 Name 0 0 0
1265 903 20 9 Name 0 0 0
2014 1537 29 10 Name 0 0 0
376 797 23 11 Name 0 0 0
770 1288 11 7 Name 0 0 0
1856 1636 12 6 Name 0 0 0
838 915 17 12 Name 0 0 0
222 2010 24 6 Name 0 0 0
980 286 18 7 Name 0 0 0
941 900 29 5 Name 0 0 0
2034 1897 19 5 Name 0 0 0
368 1889 18 4 Name 0 0 0
469 127 28 6 Name 0 0 0
1506 133 27 6 Name 0 0 0
1501 721 24 6 Name 0 0 0
377 456 21 8 Name 0 0 0
238 1420 11 7 Name 0 0 0
1284 720 18 4 Name 0 0 0
665 839 13 11 Name 0 0 0
1300 1471 19 7 Name 0 0 0
1133 1443 22 7 Name 0 0 0
946 697 32 9 Name 0 0 0
301 704 25 11 Name 0 0 0
1358 1691 26 9 Name 0 0 0
1112 140 25 8 Name 0 0 0
380 76 19 9 Name 0 0 0
1714 1425 22 11 Name 0 0 0
1382 1331 11 11 Name 0 0 0
1954 1100 19 4 Name 0 0 0
1587 1179 15 6 Name 0 0 0
1070 1201 30 6 Name 0 0 0
1815 1444 31 10 Name 0 0 0
1723 544 12 5 Name 0 0 0
1220 657 28 12 Name 0 0 0
552 1356 32 7 Name 0 0 0
713 995 24 5 Name 0 0 0
965 1804 21 10 Name 0 0 0
482 1118 12 11 Name 0 0 0
83 683 27 7 Name 0 0 0
645 1272 31 12 Name 0 0 0
653 1163 16 10 Name 0 0 0
1310 1079 24 8 Name 0 0 0
354 1003 30 5 Name 0 0 0
423 539 24 6 Name 0 0 0
946 426 13 8 Name 0 0 0
1231 1677 8 10 Name 0 0 0
1979 60 23 10 Name 0 0 0
1593 979 29 11 Name 0 0 0
1821 686 19 7 Name 0 0 0
1495 1071 16 7 Name 0 0 0
1696 1712 19 5 Name 0 0 0
94 1719 32 6 Name 0 0 0
124 981 29 10 Name 0 0 0
1469 1880 22 6 Name 0 0 0
77 148 14 7 Name 0 0 0
1919 447 8 9 Name 0 0 0
1265 1255 10 10 Name 0 0 0
118 1678 22 8 Name 0 0 0
1541 254 10 6 Name 0 0 0
1673 1517 26 5 Name 0 0 0
464 1598 25 7 Name 0 0 0
1536 852 14 7 Name 0 0 0
1696 658 27 4 Name 0 0 0
610 324 15 8 Name 0 0 0
1819 834 22 7 Name 0 0 0
1160 1072 26 8 Name 0 0 0
1813 867 16 6 Name 0 0 0
197 1492 30 6 Name 0 0 0
485 329 15 8 Name 0 0 0
998 1998 29 9 Name 0 0 0
488 1134 16 9 Name 0 0 0
1688 118 22 10 Name 0 0 0
1990 150 11 8 Name 0 0 0
900 1617 21 9 Name 0 0 0
1070 1920 17 5 Name 0 0 0
582 138 20 8 Name 0 0 0
658 384 27 7 Name 0 0 0
1398 864 31 7 Name 0 0 0
1108 331 12 9 Name 0 0 0
587 1599 26 7 Name 0 0 0
1390 1663 24 5 Name 0 0 0
1009 446 10 8 Name 0 0 0
739 910 20 11 Name 0 0 0
271 443 14 8 Name 0 0 0
90 310 11 6 Name 0 0 0
197 735 20 4 Name 0 0 0
202 1539 26 6 Name 0 0 0
1255 688 25 7 Name 0 0 0
1529 1865 18 11 Name 0 0 0
454 487 19 11 Name 0 0 0
772 1635 8 6 Name 0 0 0
1688 1819 15 8 Name 0 0 0
1894 146 13 8 Name 0 0 0
1652 338 18 4 Name 0 0 0
1235 1259 26 12 Name 0 0 0
1073 1386 24 5 Name 0 0 0
689 1145 25 8 Name 0 0 0
694 395 25 7 Name 0 0 0
367 1626 21 4 Name 0 0 0
1763 834 18 11 Name 0 0 0
1511 1958 21 8 Name 0 0 0
1007 940 10 9 Name 0 0 0
942 1753 25 11 Name 0 0 0
1793 1913 30 10 Name 0 0 0
613 1798 20 12 Name 0 0 0
33 258 17 9 Name 0 0 0
714 1655 23 5 Name 0 0 0
1166 137 25 9 Name 0 0 0
1993 1557 27 6 Name 0 0 0
1679 923 30 6 Name 0 0 0
904 1376 12 9 Name 0 0 0
91 468 17 7 Name 0 0 0
555 143 27 9 Name 0 0 0
1534 966 11 5 Name 0 0 0
496 305 14 10 Name 0 0 0
263 1258 17 5 Name 0 0 0
247 1733 14 7 Name 0 0 0
679 1871 18 6 Name 0 0 0
678 1370 24 12 Name 0 0 0
1207 1500 15 8 Name 0 0 0
1112 1405 23 10 Name 0 0 0
414 1802 13 4 Name 0 0 0
921 346 14 10 Name 0 0 0
849 936 9 6 Name 0 0 0
1739 1864 30 10 Name 0 0 0
183 307 11 9 Name 0 0 0
1841 133 27 10 Name 0 0 0
350 807 14 7 Name 0 0 0
185 87 32 5 Name 0 0 0
1029 652 25 9 Name 0 0 0
1394 1366 16 11 Name 0 0 0
1763 625 31 8 Name 0 0 0
610 948 29 7 Name 0 0 0
1443 1346 14 7 Name 0 0 0
1139 1542 17 5 Name 0 0 0
20 1444 18 8 Name 0 0 0
499 1534 27 10 Name 0 0 0
1852 1339 27 7 Name 0 0 0
576 1031 12 5 Name 0 0 0
845 1381 21 6 Name 0 0 0
1458 2013 9 5 Name 0 0 0
1825 849 14 8 Name 0 0 0
1480 1167 28 5 Name 0 0 0
1229 1610 28 11 Name 0 0 0
125 228 31 4 Name 0 0 0
543 192 16 11 Name 0 0 0
1521 1692 11 7 Name 0 0 0
302 1682 10 8 Name 0 0 0
1208 1937 18 8 Name 0 0 0
381 1285 15 9 Name 0 0 0
713 676 14 8 Name 0 0 0
1553 1346 18 11 Name 0 0 0
386 564 12 10 Name 0 0 0
1700 1329 31 12 Name 0 0 0
1573 1729 15 9 Name 0 0 0
1867 1294 17 6 Name 0 0 0
877 1657 23 8 Name 0 0 0
794 1700 13 5 Name 0 0 0
1087 1584 23 8 Name 0 0 0
1019 346 22 9 Name 0 0 0
888 441 24 7 Name 0 0 0
868 1293 13 9 Name 0 0 0
1685 2033 27 9 Name 0 0 0
119 1187 17 10 Name 0 0 0
1929 1092 17 8 Name 0 0 0
824 1230 10 11 Name 0 0 0
191 180 23 9 Name 0 0 0
594 1592 23 9 Name 0 0 0
1164 2030 18 10 Name 0 0 0
1623 1254 25 5 Name 0 0 0
1294 530 28 7 Name 0 0 0
620 1514 15 6 Name 0 0 0
569 1539 32 11 Name 0 0 0
462 924 13 10 Name 0 0 0
1961 613 24 11 Name 0 0 0
1274 861 11 7 Name 0 0 0
296 1746 27 9 Name 0 0 0
1977 1379 8 9 Name 0 0 0
1500 1583 21 10 Name 0 0 0
984 1879 27 7 Name 0 0 0
473 1621 30 5 Name 0 0 0
985 1548 29 10 Name 0 0 0
326 1082 14 8 Name 0 0 0
804 1779 9 5 Name 0 0 0
69 1035 9 9 Name 0 0 0
912 1925 8 4 Name 0 0 0
1027 650 19 9 Name 0 0 0
1252 347 22 12 Name 0 0 0
1596 259 13 10 Name 0 0 0
1730 1877 22 9 Name 0 0 0
1150 984 14 4 Name 0 0 0
1388 309 21 11 Name 0 0 0
1659 1924 11 12 Name 0 0 0
1666 763 9 6 Name 0 0 0
359 1968 26 11 Name 0 0 0
1202 1685 19 9 Name 0 0 0
1077 1856 29 4 Name 0 0 0
1500 867 8 9 Name 0 0 0
1826 1866 23 6 Name 0 0 0
1050 446 19 12 Name 0 0 0
325 1142 20 4 Name 0 0 0
467 649 20 6 Name 0 0 0
1842 35 20 6 Name 0 0 0
453 1188 19 7 Name 0 0 0
35 826 27 5 Name 0 0 0
1880 1280 31 5 Name 0 0 0
16 777 23 8 Name 0 0 0
1337 370 27 7 Name 0 0 0
85 1889 20 5 Name 0 0 0
705 322 13 5 Name 0 0 0
1152 1473 18 10 Name 0 0 0
1841 1728 13 8 Name 0 0 0
1662 869 15 10 Name 0 0 0
1623 1178 30 10 Name 0 0 0
2020 1941 31 7 Name 0 0 0
1401 291 21 9 Name 0 0 0
903 321 17 8 Name 0 0 0
518 82 21 9 Name 0 0 0
226 1599 22 8 Name 0 0 0
1210 256 17 9 Name 0 0 0
1694 1194 25 8 Name 0 0 0
1730 1136 15 8 Name 0 0 0
743 1865 27 12 Name 0 0 0
190 533 32 9 Name 0 0 0
947 1992 22 10 Name 0 0 0
1249 1423 24 5 Name 0 0 0
299 614 17 7 Name 0 0 0
1134 179 30 8 Name 0 0 0
748 1920 9 10 Name 0 0 0
843 1777 8 12 Name 0 0 0
1975 924 13 8 Name 0 0 0
154 1576 20 8 Name 0 0 0
1008 31 14 7 Name 0 0 0
646 127 20 9 Name 0 0 0
1191 1330 29 10 Name 0 0 0
773 1119 31 11 Name 0 0 0
979 973 12 7 Name 0 0 0
879 546 20 5 Name 0 0 0
1323 551 31 9 Name 0 0 0
643 1739 20 10 Name 0 0 0
149 960 27 11 Name 0 0 0
8 1849 29 5 Name 0 0 0
1431 321 14 8 Name 0 0 0
1522 1901 16 10 Name 0 0 0
1355 1003 22 5 Name 0 0 0
1352 756 27 5 Name 0 0 0
1652 741 14 10 Name 0 0 0
665 2020 17 9 Name 0 0 0
32 796 19 5 Name 0 0 0
296 1354 26 8 Name 0 0 0
1530 312 18 7 Name 0 0 0
1704 880 13 6 Name 0 0 0
1745 1543 29 6 Name 0 0 0
41 206 26 6 Name 0 0 0
711 45 28 4 Name 0 0 0
1625 343 22 8 Name 0 0 0
1387 237 17 5 Name 0 0 0
1292 613 30 7 Name 0 0 0
1207 1680 17 6 Name 0 0 0
32 1223 23 8 Name 0 0 0
852 341 11 4 Name 0 0 0
1021 1503 32 9 Name 0 0 0
753 383 18 5 Name 0 0 0
544 2033 16 5 Name 0 0 0
2033 579 8 8 Name 0 0 0
1821 1791 24 9 Name 0 0 0
1799 744 31 10 Name 0 0 0
1074 1469 12 5 Name 0 0 0
1380 1 18 10 Name 0 0 0
1530 8 24 11 Name 0 0 0
952 1525 22 7 Name 0 0 0
783 874 19 5 Name 0 0 0
91 1729 22 10 Name 0 0 0
1912 1877 19 8 Name 0 0 0
322 1055 28 7 Name 0 0 0
667 1832 28 8 Name 0 0 0
1276 1041 23 4 Name 0 0 0
1701 1475 31 5 Name 0 0 0
1028 1512 29 11 Name 0 0 0
1532 1722 31 8 Name 0 0 0
1448 482 15 8 Name 0 0 0
1321 377 11 9 Name 0 0 0
906 190 26 10 Name 0 0 0
1389 309 12 8 Name 0 0 0
1355 672 30 6 Name 0 0 0
356 138 19 7 Name 0 0 0
362 1758 31 7 Name 0 0 0
1126 1353 25 9 Name 0 0 0
1158 639 17 10 Name 0 0 0
91 1173 23 8 Name 0 0 0
287 1782 16 8 Name 0 0 0
1675 1184 13 5 Name 0 0 0
373 1069 19 4 Name 0 0 0
2023 1482 21 5 Name 0 0 0
1767 1087 18 5 Name 0 0 0
350 1191 29 7 Name 0 0 0
1950 1150 21 12 Name 0 0 0
80 1054 15 10 Name 0 0 0
1491 1413 26 12 Name 0 0 0
1460 1654 18 9 Name 0 0 0
543 752 28 9 Name 0 0 0
412 1098 31 11 Name 0 0 0
506 85 31 10 Name 0 0 0
779 106 26 10 Name 0 0 0
1347 908 28 12 Name 0 0 0
1959 1925 21 5 Name 0 0 0
910 1707 18 7 Name 0 0 0
1705 1616 9 5 Name 0 0 0
1555 1268 19 11 Name 0 0 0
665 1935 15 6 Name 0 0 0
110 269 22 10 Name 0 0 0
1289 1960 23 12 Name 0 0 0
2037 1350 13 9 Name 0 0 0
937 127 32 4 Name 0 0 0
483 1115 22 11 Name 0 0 0
1344 1943 10 9 Name 0 0 0
292 1865 12 11 Name 0 0 0
2 606 24 7 Name 0 0 0
1524 1873 21 7 Name 0 0 0
1067 925 13 5 Name 0 0 0
635 660 25 7 Name 0 0 0
1274 1412 32 10 Name 0 0 0
1629 1865 28 8 Name 0 0 0
1572 1757 16 6 Name 0 0 0
990 1765 30 9 Name 0 0 0
1709 404 11 5 Name 0 0 0
1703 916 16 9 Name 0 0 0
1971 1296 29 6 Name 0 0 0
866 1803 19 7 Name 0 0 0
181 1271 32 4 Name 0 0 0
1356 837 28 7 Name 0 0 0
202 1424 19 4 Name 0 0 0
1765 1675 30 8 Name 0 0 0
1653 26 17 4 Name 0 0 0
1705 1739 27 7 Name 0 0 0
1228 462 29 10 Name 0 0 0
1230 2002 9 9 Name 0 0 0
1881 592 29 5 Name 0 0 0
1226 211 23 5 Name 0 0 0
1016 680 19 9 Name 0 0 0
1162 638 9 7 Name 0 0 0
2004 464 18 10 Name 0 0 0
683 1569 20 11 Name 0 0 0
173 1216 25 10 Name 0 0 0
691 583 12 6 Name 0 0 0
767 17 21 10 Name 0 0 0
1768 557 23 8 Name 0 0 0
929 331 14 8 Name 0 0 0
583 1681 22 5 Name 0 0 0
1523 1001 24 5 Name 0 0 0
1427 994 9 7 Name 0 0 0
1012 1242 12 5 Name 0 0 0
1616 283 15 5 Name 0 0 0
1380 1489 9 11 Name 0 0 0
1297 340 28 9 Name 0 0 0
332 1509 11 10 Name 0 0 0
1828 667 28 11 Name 0 0 0
576 453 27 6 Name 0 0 0
698 1350 18 7 Name 0 0 0
1372 1417 28 8 Name 0 0 0
144 569 25 6 Name 0 0 0
1456 2 8 4 Name 0 0 0
1373 1255 26 10 Name 0 0 0
1403 1603 11 11 Name 0 0 0
665 1968 12 11 Name 0 0 0
1173 1522 29 9 Name 0 0 0
1729 131 18 10 Name 0 0 0
1196 678 14 12 Name 0 0 0
1400 1543 22 6 Name 0 0 0
58 102 26 12 Name 0 0 0
1771 1057 8 9 Name 0 0 0
1077 236 23 6 Name 0 0 0
1593 1109 20 8 Name 0 0 0
1658 932 19 7 Name 0 0 0
520 1494 8 7 Name 0 0 0
239 1982 14 5 Name 0 0 0
413 1817 23 6 Name 0 0 0
606 1535 11 7 Name 0 0 0
596 384 9 12 Name 0 0 0
991 1240 18 7 Name 0 0 0
1004 1787 23 8 Name 0 0 0
1703 1795 12 8 Name 0 0 0
1499 473 12 10 Name 0 0 0
736 817 17 5 Name 0 0 0
1457 1622 10 8 Name 0 0 0
162 541 23 9 Name 0 0 0
195 759 14 10 Name 0 0 0
653 945 17 9 Name 0 0 0
769 158 12 7 Name 0 0 0
850 305 27 7 Name 0 0 0
641 1935 28 10 Name 0 0 0
1844 228 30 4 Name 0 0 0
2043 977 23 5 Name 0 0 0
1180 1024 23 9 Name 0 0 0
377 1911 26 10 Name 0 0 0
782 2031 11 10 Name 0 0 0
1701 631 9 6 Name 0 0 0
32 2037 11 6 Name 0 0 0
1611 14 10 6 Name 0 0 0
559 1577 25 7 Name 0 0 0
600 1074 29 12 Name 0 0 0
405 1507 22 5 Name 0 0 0
944 354 23 5 Name 0 0 0
171 460 22 10 Name 0 0 0
1644 22 20 8 Name 0 0 0
742 832 15 8 Name 0 0 0
1184 614 28 12 Name 0 0 0
325 1054 28 10 Name 0 0 0
1453 1188 27 8 Name 0 0 0
659 1558 9 6 Name 0 0 0
1582 1252 10 9 Name 0 0 0
332 1697 8 6 Name 0 0 0
541 820 14 10 Name 0 0 0
1395 1562 24 5 Name 0 0 0
1335 1500 26 12 Name 0 0 0
1533 1717 19 8 Name 0 0 0
489 1752 29 11 Name 0 0 0
419 1596 30 4 Name 0 0 0
808 1481 12 10 Name 0 0 0
411 1724 13 10 Name 0 0 0
1338 604 25 10 Name 0 0 0
1983 1816 13 9 Name 0 0 0
1900 1929 25 9 Name 0 0 0
1687 1561 24 12 Name 0 0 0
1805 1460 22 6 Name 0 0 0
1099 819 17 6 Name 0 0 0
1341 563 24 4 Name 0 0 0
1585 1218 31 5 Name 0 0 0
435 1702 15 4 Name 0 0 0
735 1671 28 9 Name 0 0 0
1446 326 18 10 Name 0 0 0
572 1864 32 4 Name 0 0 0
1683 680 23 10 Name 0 0 0
1058 1293 14 6 Name 0 0 0
720 379 13 6 Name 0 0 0
251 58 15 6 Name 0 0 0
613 409 16 10 Name 0 0 0
1756 602 21 9 Name 0 0 0
1290 1098 26 11 Name 0 0 0
852 1489 25 10 Name 0 0 0
1176 829 19 6 Name 0 0 0
1499 607 25 12 Name 0 0 0
36 1920 17 4 Name 0 0 0
769 1214 14 9 Name 0 0 0
842 2030 27 8 Name 0 0 0
1135 1170 24 7 Name 0 0 0
1500 1888 31 6 Name 0 0 0
1494 1697 31 10 Name 0 0 0
551 1122 15 6 Name 0 0 0
1006 827 31 11 Name 0 0 0
593 206 26 8 Name 0 0 0
266 1006 31 5 Name 0 0 0
155 1713 16 8 Name 0 0 0
308 1574 17 7 Name 0 0 0
1160 2037 9 9 Name 0 0 0
1764 258 14 8 Name 0 0 0
245 14 10 8 Name 0 0 0
245 849 21 10 Name 0 0 0
1855 1783 32 11 Name 0 0 0
941 211 27 5 Name 0 0 0
1049 1761 28 11 Name 0 0 0
1444 1828 24 12 Name 0 0 0
1647 86 10 5 Name 0 0 0
1350 1361 20 9 Name 0 0 0
463 1794 31 10 Name 0 0 0
371 756 18 11 Name 0 0 0
787 1014 17 6 Name 0 0 0
1516 1394 20 8 Name 0 0 0
1684 1314 28 10 Name 0 0 0
209 1317 16 8 Name 0 0 0
1577 1722 18 4 Name 0 0 0
544 30 29 10 Name 0 0 0
1468 2037 30 11 Name 0 0 0
1835 1274 12 8 Name 0 0 0
1667 305 16 7 Name 0 0 0
1881 386 26 8 Name 0 0 0
1109 1913 11 9 Name 0 0 0
1905 1737 26 5 Name 0 0 0
992 849 30 11 Name 0 0 0
711 938 17 10 Name 0 0 0
1661 1147 25 5 Name 0 0 0
682 1447 10 12 Name 0 0 0
372 1360 28 8 Name 0 0 0
1056 124 22 7 Name 0 0 0
280 356 24 10 Name 0 0 0
1571 1932 18 7 Name 0 0 0
1003 2016 26 10 Name 0 0 0
1660 1458 20 12 Name 0 0 0
86 657 10 8 Name 0 0 0
1376 190 18 5 Name 0 0 0
160 1439 16 11 Name 0 0 0
536 1112 20 5 Name 0 0 0
414 1788 10 10 Name 0 0 0
163 1615 15 11 Name 0 0 0
1276 101 14 11 Name 0 0 0
1703 407 30 9 Name 0 0 0
1110 1837 13 8 Name 0 0 0
326 1788 31 6 Name 0 0 0
729 1596 26 11 Name 0 0 0
227 556 29 11 Name 0 0 0
292 118 20 7 Name 0 0 0
385 1350 10 6 Name 0 0 0
1195 43 22 5 Name 0 0 0
1121 1438 31 9 Name 0 0 0
1991 1227 18 9 Name 0 0 0
1431 370 14 10 Name 0 0 0
1600 1249 11 7 Name 0 0 0
1299 1365 24 6 Name 0 0 0
1288 2021 16 8 Name 0 0 0
1668 1365 31 5 Name 0 0 0
1724 1290 27 9 Name 0 0 0
1209 1200 12 11 Name 0 0 0
970 549 11 9 Name 0 0 0
372 1522 18 6 Name 0 0 0
1602 1496 30 7 Name 0 0 0
917 1854 28 12 Name 0 0 0
1348 1472 9 9 Name 0 0 0
854 267 17 11 Name 0 0 0
1135 1447 22 8 Name 0 0 0
800 972 12 8 Name 0 0 0
1364 1437 23 7 Name 0 0 0
1500 122 11 7 Name 0 0 0
1736 68 32 9 Name 0 0 0
1746 993 13 11 Name 0 0 0
299 1363 28 10 Name 0 0 0
351 1639 25 9 Name 0 0 0
919 1315 27 6 Name 0 0 0
677 932 30 11 Name 0 0 0
327 1051 10 5 Name 0 0 0
802 539 28 8 Name 0 0 0
1755 1819 31 11 Name 0 0 0
1266 1500 17 8 Name 0 0 0
1664 1224 8 11 Name 0 0 0
768 1767 18 7 Name 0 0 0
872 463 28 6 Name 0 0 0
1735 1235 8 7 Name 0 0 0
1146 328 30 7 Name 0 0 0
1697 642 16 6 Name 0 0 0
1372 1331 10 10 Name 0 0 0
698 618 25 6 Name 0 0 0
926 510 23 7 Name 0 0 0
281 1026 31 11 Name 0 0 0
1264 1812 30 5 Name 0 0 0
1319 302 12 9 Name 0 0 0
2045 369 24 6 Name 0 0 0
258 1965 16 5 Name 0 0 0
174 292 10 6 Name 0 0 0
1360 1166 11 10 Name 0 0 0
1426 1776 12 8 Name 0 0 0
350 1583 16 7 Name 0 0 0
1767 1044 24 7 Name 0 0 0
7 89 28 8 Name 0 0 0
305 428 31 8 Name 0 0 0
1418 1428 26 5 Name 0 0 0
82 520 15 5 Name 0 0 0
1777 187 10 4 Name 0 0 0
1222 1616 29 5 Name 0 0 0
1904 1933 12 6 Name 0 0 0
73 1004 22 10 Name 0 0 0
208 523 10 5 Name 0 0 0
2038 1770 11 8 Name 0 0 0
1223 1427 20 5 Name 0 0 0
507 674 11 11 Name 0 0 0
1341 289 18 10 Name 0 0 0
1700 1619 23 8 Name 0 0 0
1468 36 15 7 Name 0 0 0
1845 1475 17 6 Name 0 0 0
3 1609 10 8 Name 0 0 0
942 229 23 5 Name 0 0 0
1105 1422 21 9 Name 0 0 0
2028 922 28 11 Name 0 0 0
781 1426 19 12 Name 0 0 0
1971 1513 9 7 Name 0 0 0
26 833 20 10 Name 0 0 0
1895 738 32 7 Name 0 0 0
1600 1419 16 11 Name 0 0 0
703 536 17 6 Name 0 0 0
501 16 30 5 Name 0 0 0
692 1829 27 10 Name 0 0 0
1982 1426 9 9 Name 0 0 0
1974 1661 24 6 Name 0 0 0
399 1399 26 8 Name 0 0 0
544 1886 17 7 Name 0 0 0
539 418 8 9 Name 0 0 0
467 1737 19 10 Name 0 0 0
1599 519 24 7 Name 0 0 0
803 1577 11 6 Name 0 0 0
639 517 24 7 Name 0 0 0
1229 1879 18 10 Name 0 0 0
942 1663 30 8 Name 0 0 0
1303 526 16 7 Name 0 0 0
232 1409 10 4 Name 0 0 0
1901 810 22 10 Name 0 0 0
367 474 11 5 Name 0 0 0
1741 1766 17 6 Name 0 0 0
400 2028 14 5 Name 0 0 0
1608 1685 22 9 Name 0 0 0
20 2048 20 12 Name 0 0 0
352 198 19 4 Name 0 0 0
1668 909 28 9 Name 0 0 0
1916 848 11 11 Name 0 0 0
1574 1802 20 12 Name 0 0 0
1586 1936 14 9 Name 0 0 0
1730 1333 29 10 Name 0 0 0
1332 1938 26 9 Name 0 0 0
508 1974 19 10 Name 0 0 0
301 1736 30 7 Name 0 0 0
1289 1735 17 5 Name 0 0 0
1123 176 12 8 Name 0 0 0
1688 960 31 10 Name 0 0 0
1723 1630 28 8 Name 0 0 0
225 598 31 6 Name 0 0 0
1257 855 17 9 Name 0 0 0
1406 178 25 8 Name 0 0 0
1208 1180 26 11 Name 0 0 0
1840 1020 11 12 Name 0 0 0
116 1798 28 7 Name 0 0 0
1184 1805 27 12 Name 0 0 0
593 1299 11 8 Name 0 0 0
1139 1632 9 11 Name 0 0 0
1673 1897 16 7 Name 0 0 0
257 1713 10 9 Name 0 0 0
524 1158 17 8 Name 0 0 0
771 743 21 9 Name 0 0 0
566 1952 17 6 Name 0 0 0
1912 1077 20 10 Name 0 0 0
573 260 25 6 Name 0 0 0
1913 465 27 7 Name 0 0 0
354 1588 20 7 Name 0 0 0
1338 386 15 5 Name 0 0 0
813 1098 10 9 Name 0 0 0
1086 1727 26 9 Name 0 0 0
1316 651 14 12 Name 0 0 0
1304 649 16 6 Name 0 0 0
1116 1661 9 5 Name 0 0 0
1944 630 23 8 Name 0 0 0
1346 1124 17 9 Name 0 0 0
1968 1395 14 10 Name 0 0 0
791 122 21 11 Name 0 0 0
1666 149 25 9 Name 0 0 0
1986 866 12 11 Name 0 0 0
598 266 29 7 Name 0 0 0
1401 1263 23 9 Name 0 0 0
1819 892 15 7 Name 0 0 0
143 1260 10 6 Name 0 0 0
1618 1954 32 6 Name 0 0 0
1508 1319 26 9 Name 0 0 0
1888 691 21 7 Name 0 0 0
241 1687 17 8 Name 0 0 0
1634 1073 21 5 Name 0 0 0
1582 1533 29 9 Name 0 0 0
1727 1306 11 6 Name 0 0 0
599 904 23 11 Name 0 0 0
1537 748 23 9 Name 0 0 0
298 468 10 7 Name 0 0 0
449 51 31 7 Name 0 0 0
422 886 17 8 Name 0 0 0
326 1268 12 12 Name 0 0 0
718 1617 14 4 Name 0 0 0
615 1361 31 5 Name 0 0 0
1331 1052 10 4 Name 0 0 0
1963 683 30 7 Name 0 0 0
156 675 15 5 Name 0 0 0
1129 1089 11 9 Name 0 0 0
805 1388 18 6 Name 0 0 0
78 540 31 7 Name 0 0 0
1814 850 29 10 Name 0 0 0
x-Min=0
x-Max=2048
y-Min=0
y-Max=2048
min label height=4.0
max label height=12.0
min label width=8.0
max label width=32.0
