1024
15506 6069 84 87 Name 0 0 0
14813 4355 107 50 Name 0 0 0
16076 273 112 52 Name 0 0 0
15299 14755 98 79 Name 0 0 0
14778 14644 85 83 Name 0 0 0
4702 1672 77 42 Name 0 0 0
15155 9384 107 66 Name 0 0 0
8400 12290 106 96 Name 0 0 0
14168 16325 104 56 Name 0 0 0
13866 7455 86 92 Name 0 0 0
1626 14884 82 37 Name 0 0 0
3776 10017 117 57 Name 0 0 0
12520 467 100 69 Name 0 0 0
474 8004 87 93 Name 0 0 0
10834 16181 68 42 Name 0 0 0
4074 5549 79 52 Name 0 0 0
10272 1077 81 73 Name 0 0 0
10736 14800 127 58 Name 0 0 0
2923 8592 82 59 Name 0 0 0
14999 15298 97 50 Name 0 0 0
1647 3452 76 90 Name 0 0 0
6968 10216 124 86 Name 0 0 0
2795 5632 107 54 Name 0 0 0
13316 12818 114 69 Name 0 0 0
14956 1356 79 59 Name 0 0 0
7475 8587 118 47 Name 0 0 0
11732 1369 71 40 Name 0 0 0
3502 5006 86 46 Name 0 0 0
7969 8675 94 72 Name 0 0 0
2214 15063 101 46 Name 0 0 0
5915 5788 80 33 Name 0 0 0
2898 7972 79 84 Name 0 0 0
9666 16030 103 42 Name 0 0 0
6279 10693 122 61 Name 0 0 0
13058 12930 123 46 Name 0 0 0
1248 7099 64 58 Name 0 0 0
6053 3309 120 48 Name 0 0 0
11038 13612 127 68 Name 0 0 0
8917 861 97 67 Name 0 0 0
10749 14092 77 85 Name 0 0 0
5775 1402 99 78 Name 0 0 0
4672 14033 107 44 Name 0 0 0
14867 6248 92 88 Name 0 0 0
15816 10832 112 35 Name 0 0 0
11446 2042 116 67 Name 0 0 0
8531 14284 113 53 Name 0 0 0
10054 10068 66 41 Name 0 0 0
1045 1469 102 75 Name 0 0 0
2676 14245 97 77 Name 0 0 0
1534 3052 120 69 Name 0 0 0
5004 7095 67 54 Name 0 0 0
11421 3370 90 81 Name 0 0 0
14528 7565 123 74 Name 0 0 0
16201 9278 107 88 Name 0 0 0
2594 5160 114 90 Name 0 0 0
2536 4431 122 67 Name 0 0 0
10560 7424 100 86 Name 0 0 0
4713 1104 79 33 Name 0 0 0
3400 5997 76 93 Name 0 0 0
6260 1535 95 53 Name 0 0 0
5333 5830 114 53 Name 0 0 0
14617 10199 105 89 Name 0 0 0
4252 12773 126 69 Name 0 0 0
10264 8714 115 54 Name 0 0 0
15657 12812 109 75 Name 0 0 0
12393 15501 72 91 Name 0 0 0
6531 8124 90 68 Name 0 0 0
4508 9833 80 79 Name 0 0 0
8195 1940 106 40 Name 0 0 0
8467 12721 110 39 Name 0 0 0
16381 13384 68 63 Name 0 0 0
10122 7512 87 46 Name 0 0 0
11111 3762 119 88 Name 0 0 0
11697 6867 116 38 Name 0 0 0
2520 2113 96 71 Name 0 0 0
8258 5910 112 84 Name 0 0 0
1241 815 71 78 Name 0 0 0
1646 5560 125 44 Name 0 0 0
16233 1552 69 71 Name 0 0 0
5707 2705 108 41 Name 0 0 0
14234 16346 93 73 Name 0 0 0
8847 14081 98 83 Name 0 0 0
9471 8125 124 37 Name 0 0 0
12948 6513 69 41 Name 0 0 0
13172 15313 74 33 Name 0 0 0
754 8218 96 53 Name 0 0 0
2749 15494 92 92 Name 0 0 0
6053 6960 123 91 Name 0 0 0
14860 6654 82 40 Name 0 0 0
4348 8397 91 44 Name 0 0 0
8863 1148 69 66 Name 0 0 0
3226 7124 72 44 Name 0 0 0
13691 4163 94 78 Name 0 0 0
7417 6959 66 68 Name 0 0 0
2507 9609 121 44 Name 0 0 0
9422 3716 117 90 Name 0 0 0
3858 10451 82 44 Name 0 0 0
12259 464 112 70 Name 0 0 0
10887 335 95 61 Name 0 0 0
15021 16347 101 75 Name 0 0 0
10289 2041 64 94 Name 0 0 0
3815 1218 120 59 Name 0 0 0
14460 5081 108 47 Name 0 0 0
3096 16207 96 58 Name 0 0 0
13138 11094 85 62 Name 0 0 0
11392 15361 120 73 Name 0 0 0
6143 11842 116 53 Name 0 0 0
2536 245 65 45 Name 0 0 0
10925 11092 89 82 Name 0 0 0
16263 1637 97 60 Name 0 0 0
718 65 96 34 Name 0 0 0
2030 14084 118 92 Name 0 0 0
3489 4272 78 60 Name 0 0 0
3102 9294 107 85 Name 0 0 0
5083 5517 104 74 Name 0 0 0
8246 338 69 61 Name 0 0 0
11653 5435 110 41 Name 0 0 0
14350 5566 118 72 Name 0 0 0
8184 5317 74 79 Name 0 0 0
1664 4852 90 65 Name 0 0 0
13813 6603 117 46 Name 0 0 0
15485 6278 91 85 Name 0 0 0
10272 10699 89 87 Name 0 0 0
4584 10690 80 48 Name 0 0 0
4860 7421 122 50 Name 0 0 0
13364 8720 104 38 Name 0 0 0
752 9572 84 84 Name 0 0 0
6734 8563 92 63 Name 0 0 0
8276 15245 102 72 Name 0 0 0
7725 4719 74 55 Name 0 0 0
11182 10862 109 45 Name 0 0 0
10471 12730 74 52 Name 0 0 0
16366 7475 79 38 Name 0 0 0
3604 567 102 49 Name 0 0 0
1487 1828 112 89 Name 0 0 0
6328 13929 117 89 Name 0 0 0
7666 2194 107 49 Name 0 0 0
9366 1820 127 54 Name 0 0 0
7411 3018 71 73 Name 0 0 0
5712 7401 115 72 Name 0 0 0
6221 8770 94 49 Name 0 0 0
10477 6025 87 43 Name 0 0 0
13664 1765 78 87 Name 0 0 0
14996 14509 72 67 Name 0 0 0
15521 6903 106 72 Name 0 0 0
14292 14202 119 77 Name 0 0 0
13665 5927 116 39 Name 0 0 0
6827 1964 92 75 Name 0 0 0
14103 1205 101 32 Name 0 0 0
3451 12788 96 60 Name 0 0 0
30 996 94 65 Name 0 0 0
11423 1213 99 66 Name 0 0 0
8483 14580 80 42 Name 0 0 0
13062 958 69 89 Name 0 0 0
1309 15049 81 60 Name 0 0 0
8721 8230 100 39 Name 0 0 0
4518 5580 69 77 Name 0 0 0
5905 8473 73 52 Name 0 0 0
9758 16256 116 72 Name 0 0 0
10321 2989 75 64 Name 0 0 0
7137 14803 70 60 Name 0 0 0
2725 1584 115 61 Name 0 0 0
3235 5941 101 58 Name 0 0 0
14122 2426 102 89 Name 0 0 0
12297 2836 79 54 Name 0 0 0
12036 16255 126 88 Name 0 0 0
15089 825 107 91 Name 0 0 0
8292 16061 118 32 Name 0 0 0
8132 13981 77 52 Name 0 0 0
9454 15337 70 87 Name 0 0 0
13756 8665 80 67 Name 0 0 0
11484 14260 100 86 Name 0 0 0
10577 11208 127 34 Name 0 0 0
4049 7751 115 52 Name 0 0 0
11493 2055 128 46 Name 0 0 0
5120 12110 114 43 Name 0 0 0
11581 8014 100 36 Name 0 0 0
13401 13223 120 63 Name 0 0 0
4640 13175 84 36 Name 0 0 0
12739 4020 122 73 Name 0 0 0
784 9901 77 75 Name 0 0 0
4431 9676 118 77 Name 0 0 0
6394 13482 86 58 Name 0 0 0
15826 7634 85 47 Name 0 0 0
8321 7368 117 56 Name 0 0 0
14931 1106 126 55 Name 0 0 0
14086 3212 67 75 Name 0 0 0
11234 440 65 70 Name 0 0 0
15477 16027 66 67 Name 0 0 0
13447 2193 99 70 Name 0 0 0
3210 14322 72 54 Name 0 0 0
14948 256 122 61 Name 0 0 0
465 8232 100 88 Name 0 0 0
15333 10619 81 50 Name 0 0 0
1885 11034 85 63 Name 0 0 0
4205 4164 65 36 Name 0 0 0
5037 4560 111 37 Name 0 0 0
7277 9385 75 79 Name 0 0 0
9784 16091 72 80 Name 0 0 0
8271 11410 85 72 Name 0 0 0
3915 9873 69 66 Name 0 0 0
15747 5079 71 33 Name 0 0 0
3096 11443 111 57 Name 0 0 0
13755 15083 124 91 Name 0 0 0
3345 5518 92 38 Name 0 0 0
4952 14344 76 68 Name 0 0 0
7830 10882 111 52 Name 0 0 0
1388 8531 88 46 Name 0 0 0
3718 14769 113 92 Name 0 0 0
5197 7926 74 45 Name 0 0 0
12355 12645 71 81 Name 0 0 0
15930 15118 93 73 Name 0 0 0
11642 14293 97 72 Name 0 0 0
15772 1514 120 40 Name 0 0 0
7902 146 96 78 Name 0 0 0
587 35 91 64 Name 0 0 0
6664 6243 97 63 Name 0 0 0
13802 11984 117 76 Name 0 0 0
3124 11084 68 47 Name 0 0 0
13284 9571 112 47 Name 0 0 0
3007 6091 123 85 Name 0 0 0
2918 10007 68 81 Name 0 0 0
5963 5166 101 35 Name 0 0 0
9607 11929 104 76 Name 0 0 0
11674 2366 79 81 Name 0 0 0
12371 16043 83 68 Name 0 0 0
2368 1322 96 38 Name 0 0 0
650 13524 118 73 Name 0 0 0
11668 7438 101 57 Name 0 0 0
15853 7408 123 33 Name 0 0 0
5716 16153 109 34 Name 0 0 0
2972 9136 118 61 Name 0 0 0
829 14829 79 95 Name 0 0 0
14528 13998 71 55 Name 0 0 0
13222 4702 82 33 Name 0 0 0
939 6893 95 50 Name 0 0 0
3967 3223 65 64 Name 0 0 0
2830 9098 73 48 Name 0 0 0
13468 14270 91 75 Name 0 0 0
9027 12569 115 60 Name 0 0 0
15218 5207 86 67 Name 0 0 0
1171 14102 93 49 Name 0 0 0
2561 8689 71 33 Name 0 0 0
13726 9838 96 86 Name 0 0 0
14038 12445 97 35 Name 0 0 0
15372 4023 66 43 Name 0 0 0
15362 13654 116 94 Name 0 0 0
9838 11883 108 46 Name 0 0 0
3580 2893 121 74 Name 0 0 0
8915 7235 126 80 Name 0 0 0
9976 2008 117 56 Name 0 0 0
8990 9497 116 89 Name 0 0 0
4304 6503 90 38 Name 0 0 0
427 7769 76 90 Name 0 0 0
4692 9627 116 63 Name 0 0 0
305 7188 75 38 Name 0 0 0
16349 12048 73 90 Name 0 0 0
8696 8410 71 69 Name 0 0 0
14826 699 93 76 Name 0 0 0
6469 1731 112 56 Name 0 0 0
14166 11484 103 74 Name 0 0 0
14835 5355 122 95 Name 0 0 0
2049 2908 126 57 Name 0 0 0
5682 3770 97 78 Name 0 0 0
384 11520 118 68 Name 0 0 0
10807 14822 84 45 Name 0 0 0
16286 14001 117 81 Name 0 0 0
2570 289 94 60 Name 0 0 0
15529 8326 75 63 Name 0 0 0
6749 7536 125 59 Name 0 0 0
958 13891 100 87 Name 0 0 0
10215 5977 77 42 Name 0 0 0
13492 2668 116 83 Name 0 0 0
10642 6221 95 76 Name 0 0 0
11296 15479 76 46 Name 0 0 0
3304 11456 73 75 Name 0 0 0
9612 2914 118 81 Name 0 0 0
2546 12722 122 56 Name 0 0 0
6184 9235 80 47 Name 0 0 0
10338 10291 95 32 Name 0 0 0
6751 14465 98 93 Name 0 0 0
10033 4421 94 42 Name 0 0 0
6182 1486 71 81 Name 0 0 0
13142 8138 109 90 Name 0 0 0
8553 4966 104 62 Name 0 0 0
12614 3538 73 49 Name 0 0 0
13184 3618 66 55 Name 0 0 0
1454 4861 72 46 Name 0 0 0
10753 6593 102 56 Name 0 0 0
7471 3958 109 34 Name 0 0 0
9410 12530 125 51 Name 0 0 0
9315 9430 103 83 Name 0 0 0
10453 6113 122 65 Name 0 0 0
7018 9747 120 89 Name 0 0 0
4233 10285 102 92 Name 0 0 0
3183 14659 98 81 Name 0 0 0
9451 280 72 63 Name 0 0 0
7662 4778 125 39 Name 0 0 0
11221 8312 114 83 Name 0 0 0
12098 5567 119 47 Name 0 0 0
4360 13869 94 68 Name 0 0 0
9825 10595 96 83 Name 0 0 0
14827 911 98 38 Name 0 0 0
6072 11612 113 35 Name 0 0 0
9793 8414 112 91 Name 0 0 0
15859 12219 102 44 Name 0 0 0
12681 4608 95 79 Name 0 0 0
8438 9352 93 62 Name 0 0 0
15653 11642 116 65 Name 0 0 0
7771 10427 116 35 Name 0 0 0
11935 13250 79 70 Name 0 0 0
5982 428 124 79 Name 0 0 0
957 4326 80 33 Name 0 0 0
10457 15103 124 43 Name 0 0 0
3517 8113 113 68 Name 0 0 0
6592 9537 91 76 Name 0 0 0
1813 1177 93 59 Name 0 0 0
12942 11785 87 96 Name 0 0 0
1426 15844 83 79 Name 0 0 0
1294 1953 79 84 Name 0 0 0
7741 5308 74 94 Name 0 0 0
4360 9356 70 40 Name 0 0 0
8565 11459 125 40 Name 0 0 0
6651 10350 66 52 Name 0 0 0
11046 15762 82 36 Name 0 0 0
3265 5729 89 48 Name 0 0 0
1374 5328 90 46 Name 0 0 0
7748 1025 124 82 Name 0 0 0
11237 10108 71 32 Name 0 0 0
16301 1553 81 80 Name 0 0 0
10636 10352 75 73 Name 0 0 0
5520 9292 122 36 Name 0 0 0
2613 6331 99 67 Name 0 0 0
455 14210 86 66 Name 0 0 0
3852 14898 71 51 Name 0 0 0
4501 8365 114 62 Name 0 0 0
3075 10473 76 91 Name 0 0 0
6179 15126 127 61 Name 0 0 0
2644 5728 96 67 Name 0 0 0
1815 12225 82 34 Name 0 0 0
11665 12776 112 60 Name 0 0 0
5156 8468 108 56 Name 0 0 0
11326 2517 70 43 Name 0 0 0
15815 16104 101 57 Name 0 0 0
10344 404 89 68 Name 0 0 0
2994 3731 83 66 Name 0 0 0
16140 13866 113 38 Name 0 0 0
5006 14132 84 54 Name 0 0 0
4374 433 78 74 Name 0 0 0
5257 16004 65 58 Name 0 0 0
14730 4234 81 72 Name 0 0 0
13120 510 73 56 Name 0 0 0
13427 7733 91 43 Name 0 0 0
1230 6345 83 39 Name 0 0 0
7553 1227 102 32 Name 0 0 0
7600 12570 105 42 Name 0 0 0
7455 5568 118 79 Name 0 0 0
14560 4755 110 85 Name 0 0 0
6576 12427 93 71 Name 0 0 0
4084 10691 76 45 Name 0 0 0
1024 12740 81 36 Name 0 0 0
6588 9372 84 87 Name 0 0 0
13736 10079 80 77 Name 0 0 0
77 3424 120 42 Name 0 0 0
453 12226 67 41 Name 0 0 0
10219 625 112 46 Name 0 0 0
99 12495 128 58 Name 0 0 0
13092 10557 83 91 Name 0 0 0
10597 9142 100 38 Name 0 0 0
11717 10108 67 72 Name 0 0 0
13473 6702 89 57 Name 0 0 0
8454 15973 116 70 Name 0 0 0
4487 8680 88 67 Name 0 0 0
1739 2325 71 59 Name 0 0 0
7460 12254 99 77 Name 0 0 0
7586 11140 67 83 Name 0 0 0
12799 5607 77 52 Name 0 0 0
5354 2427 109 67 Name 0 0 0
9805 3448 89 89 Name 0 0 0
12947 10381 90 90 Name 0 0 0
16372 2483 114 62 Name 0 0 0
659 4754 87 43 Name 0 0 0
12235 13033 65 90 Name 0 0 0
14270 49 110 33 Name 0 0 0
15588 6020 113 84 Name 0 0 0
2744 6091 99 42 Name 0 0 0
1210 720 76 41 Name 0 0 0
2471 8705 77 83 Name 0 0 0
11908 9967 91 52 Name 0 0 0
1369 15409 123 83 Name 0 0 0
6018 12842 90 36 Name 0 0 0
1855 9913 81 80 Name 0 0 0
15416 14764 92 60 Name 0 0 0
4588 14138 122 65 Name 0 0 0
2836 2336 113 77 Name 0 0 0
13503 12567 69 46 Name 0 0 0
341 5123 102 42 Name 0 0 0
3712 6421 100 36 Name 0 0 0
4161 6580 102 67 Name 0 0 0
14160 14180 75 33 Name 0 0 0
15074 14346 108 88 Name 0 0 0
6311 12653 79 68 Name 0 0 0
15680 7887 66 37 Name 0 0 0
2275 11900 92 71 Name 0 0 0
8981 9968 127 91 Name 0 0 0
12258 14286 95 55 Name 0 0 0
9485 8297 95 58 Name 0 0 0
13268 5021 81 79 Name 0 0 0
11386 5865 113 57 Name 0 0 0
8051 6736 88 68 Name 0 0 0
9585 6052 70 58 Name 0 0 0
14049 2476 100 76 Name 0 0 0
5690 1569 81 52 Name 0 0 0
8472 3653 88 40 Name 0 0 0
6017 454 96 54 Name 0 0 0
11306 10072 77 62 Name 0 0 0
8808 1796 90 55 Name 0 0 0
482 7456 83 44 Name 0 0 0
13074 10002 90 49 Name 0 0 0
12843 15397 105 53 Name 0 0 0
3599 6952 111 48 Name 0 0 0
6774 6659 116 60 Name 0 0 0
7827 2998 127 60 Name 0 0 0
15104 8222 81 90 Name 0 0 0
2888 14333 85 84 Name 0 0 0
13494 739 78 62 Name 0 0 0
9559 5118 121 57 Name 0 0 0
8927 942 72 79 Name 0 0 0
5800 9013 86 87 Name 0 0 0
12511 14839 108 77 Name 0 0 0
75 2066 109 69 Name 0 0 0
5033 3668 76 79 Name 0 0 0
10984 12969 118 86 Name 0 0 0
632 11100 123 83 Name 0 0 0
9967 13343 101 33 Name 0 0 0
15955 9503 78 59 Name 0 0 0
2452 6033 112 61 Name 0 0 0
1654 15294 104 35 Name 0 0 0
14089 14796 83 84 Name 0 0 0
7150 13273 114 87 Name 0 0 0
10266 7149 112 72 Name 0 0 0
12126 8630 124 93 Name 0 0 0
7571 11837 90 34 Name 0 0 0
12373 13185 126 54 Name 0 0 0
9521 5813 91 40 Name 0 0 0
13219 8815 84 34 Name 0 0 0
1702 15695 69 73 Name 0 0 0
9597 15369 122 56 Name 0 0 0
13192 671 70 75 Name 0 0 0
1991 8214 75 49 Name 0 0 0
13500 8233 109 94 Name 0 0 0
4704 9486 121 43 Name 0 0 0
10834 6333 80 88 Name 0 0 0
11529 13497 122 68 Name 0 0 0
7462 3578 68 46 Name 0 0 0
593 12856 102 88 Name 0 0 0
5908 8381 113 44 Name 0 0 0
6963 2638 109 39 Name 0 0 0
3002 15306 87 62 Name 0 0 0
11397 11206 106 89 Name 0 0 0
5662 6324 98 50 Name 0 0 0
7553 275 97 43 Name 0 0 0
7884 6756 86 62 Name 0 0 0
9434 4848 106 79 Name 0 0 0
484 8636 77 89 Name 0 0 0
12215 4233 115 75 Name 0 0 0
7458 12740 89 88 Name 0 0 0
2250 16102 72 56 Name 0 0 0
8449 8819 104 56 Name 0 0 0
1828 9070 102 39 Name 0 0 0
7129 3378 98 87 Name 0 0 0
16147 8488 84 51 Name 0 0 0
4089 12735 92 73 Name 0 0 0
3677 7287 64 38 Name 0 0 0
15984 12662 107 84 Name 0 0 0
15219 10086 113 68 Name 0 0 0
12164 8560 102 65 Name 0 0 0
1741 1218 93 36 Name 0 0 0
1740 12630 102 70 Name 0 0 0
15710 808 87 72 Name 0 0 0
10729 5717 87 94 Name 0 0 0
7498 2409 102 91 Name 0 0 0
3658 9987 117 45 Name 0 0 0
15794 7263 117 94 Name 0 0 0
1631 2928 120 79 Name 0 0 0
15078 4452 109 33 Name 0 0 0
6845 6055 78 59 Name 0 0 0
13443 6678 116 36 Name 0 0 0
6993 6368 83 76 Name 0 0 0
9739 2893 82 80 Name 0 0 0
11167 2265 86 84 Name 0 0 0
5866 5797 119 65 Name 0 0 0
3433 10542 65 43 Name 0 0 0
7749 7474 127 82 Name 0 0 0
3597 10025 88 83 Name 0 0 0
3003 9260 118 37 Name 0 0 0
15837 8936 93 59 Name 0 0 0
15892 3670 111 93 Name 0 0 0
4346 15855 97 39 Name 0 0 0
10936 3559 125 84 Name 0 0 0
10211 12338 89 95 Name 0 0 0
8147 2161 103 58 Name 0 0 0
2114 5656 93 83 Name 0 0 0
7191 13739 80 36 Name 0 0 0
13933 3737 72 90 Name 0 0 0
14630 10013 78 34 Name 0 0 0
14653 4133 115 49 Name 0 0 0
9714 2224 70 81 Name 0 0 0
2968 8266 94 90 Name 0 0 0
8674 6263 117 37 Name 0 0 0
7948 15445 111 75 Name 0 0 0
9601 14531 119 71 Name 0 0 0
6163 3123 123 56 Name 0 0 0
6199 6601 100 52 Name 0 0 0
16102 3347 124 78 Name 0 0 0
3703 6623 83 42 Name 0 0 0
2313 5110 73 91 Name 0 0 0
16123 9267 97 54 Name 0 0 0
1638 11457 112 56 Name 0 0 0
15042 13868 123 53 Name 0 0 0
14749 1241 101 40 Name 0 0 0
4586 15457 75 68 Name 0 0 0
12353 2659 127 66 Name 0 0 0
1872 4573 69 41 Name 0 0 0
14293 1971 120 82 Name 0 0 0
11945 2103 86 75 Name 0 0 0
13485 8677 111 82 Name 0 0 0
6099 4641 73 78 Name 0 0 0
14674 8253 79 61 Name 0 0 0
7299 4905 122 78 Name 0 0 0
5920 13754 118 52 Name 0 0 0
11618 13210 97 49 Name 0 0 0
10791 5408 89 95 Name 0 0 0
2104 10944 64 35 Name 0 0 0
4285 15646 106 42 Name 0 0 0
7177 6949 88 34 Name 0 0 0
1750 7952 76 92 Name 0 0 0
10982 11299 74 63 Name 0 0 0
10766 5988 69 36 Name 0 0 0
14549 256 79 84 Name 0 0 0
2802 6598 111 72 Name 0 0 0
3752 2546 71 81 Name 0 0 0
8067 13227 114 42 Name 0 0 0
4804 5326 88 56 Name 0 0 0
15141 10425 102 39 Name 0 0 0
13570 5304 98 51 Name 0 0 0
8742 4490 113 41 Name 0 0 0
4904 14334 80 52 Name 0 0 0
4649 9886 102 82 Name 0 0 0
7939 14892 116 85 Name 0 0 0
4852 5966 84 96 Name 0 0 0
12319 8347 118 47 Name 0 0 0
7931 5444 101 63 Name 0 0 0
11950 531 86 90 Name 0 0 0
13325 5021 92 34 Name 0 0 0
10509 99 126 74 Name 0 0 0
1639 1714 112 50 Name 0 0 0
7704 7931 98 54 Name 0 0 0
15566 7194 104 78 Name 0 0 0
12883 11738 98 70 Name 0 0 0
4188 2031 117 47 Name 0 0 0
6440 10625 98 51 Name 0 0 0
6918 2013 65 72 Name 0 0 0
1763 15832 81 74 Name 0 0 0
6708 9032 94 37 Name 0 0 0
9310 1815 107 37 Name 0 0 0
3111 12139 68 95 Name 0 0 0
13039 4857 108 62 Name 0 0 0
6331 15884 68 88 Name 0 0 0
470 10454 127 40 Name 0 0 0
1108 12492 106 55 Name 0 0 0
5031 2789 87 78 Name 0 0 0
15461 2507 79 32 Name 0 0 0
9769 7320 111 62 Name 0 0 0
4331 6091 114 90 Name 0 0 0
1660 5795 125 63 Name 0 0 0
7638 9289 76 69 Name 0 0 0
3501 5324 79 58 Name 0 0 0
7191 967 78 86 Name 0 0 0
14806 9101 73 73 Name 0 0 0
2285 10792 64 41 Name 0 0 0
7875 148 80 57 Name 0 0 0
12 14138 75 47 Name 0 0 0
11978 7068 69 48 Name 0 0 0
4509 14532 78 92 Name 0 0 0
8635 3394 116 80 Name 0 0 0
3282 5866 77 81 Name 0 0 0
5486 12590 117 70 Name 0 0 0
1374 8187 69 59 Name 0 0 0
5362 9154 81 96 Name 0 0 0
3171 12267 112 65 Name 0 0 0
8772 11667 96 63 Name 0 0 0
5724 11215 81 86 Name 0 0 0
2946 9249 117 52 Name 0 0 0
7494 12409 113 77 Name 0 0 0
11387 1953 70 91 Name 0 0 0
2216 4408 73 55 Name 0 0 0
2206 14425 80 42 Name 0 0 0
14265 9675 117 43 Name 0 0 0
13154 11492 112 49 Name 0 0 0
14137 5171 79 80 Name 0 0 0
7592 1905 119 39 Name 0 0 0
14559 10877 78 62 Name 0 0 0
7068 6461 87 39 Name 0 0 0
5821 13599 111 83 Name 0 0 0
2806 579 98 55 Name 0 0 0
6239 8812 93 47 Name 0 0 0
11040 8183 115 85 Name 0 0 0
11897 6301 102 72 Name 0 0 0
12054 4422 112 63 Name 0 0 0
10941 4641 113 85 Name 0 0 0
14885 7240 123 90 Name 0 0 0
16196 2365 88 58 Name 0 0 0
8386 1810 113 67 Name 0 0 0
14949 14583 125 49 Name 0 0 0
996 152 90 70 Name 0 0 0
8009 5527 114 74 Name 0 0 0
10007 9002 79 40 Name 0 0 0
5963 2096 66 36 Name 0 0 0
14338 2585 113 37 Name 0 0 0
11367 7480 98 37 Name 0 0 0
13116 10075 101 36 Name 0 0 0
4313 15059 92 56 Name 0 0 0
8917 10618 68 53 Name 0 0 0
1478 10395 91 85 Name 0 0 0
14117 4268 92 71 Name 0 0 0
4595 15524 66 68 Name 0 0 0
12644 5427 119 92 Name 0 0 0
16104 3377 69 70 Name 0 0 0
10631 8316 91 37 Name 0 0 0
4319 16260 109 77 Name 0 0 0
5824 10018 93 49 Name 0 0 0
9365 3429 95 77 Name 0 0 0
11497 3421 82 74 Name 0 0 0
2719 7714 91 61 Name 0 0 0
15176 10629 126 47 Name 0 0 0
568 9629 94 43 Name 0 0 0
5954 6796 85 46 Name 0 0 0
7467 16121 71 90 Name 0 0 0
15126 10530 73 93 Name 0 0 0
7269 5925 94 50 Name 0 0 0
3900 4753 109 46 Name 0 0 0
16116 6995 115 49 Name 0 0 0
15060 11347 93 83 Name 0 0 0
4024 3082 86 77 Name 0 0 0
7450 2108 108 38 Name 0 0 0
7411 13053 84 59 Name 0 0 0
13042 12738 86 54 Name 0 0 0
8841 9618 120 51 Name 0 0 0
4633 13045 64 38 Name 0 0 0
5887 6319 85 51 Name 0 0 0
3614 14084 91 58 Name 0 0 0
11841 8402 70 69 Name 0 0 0
9772 6956 92 35 Name 0 0 0
2324 7379 91 90 Name 0 0 0
9495 14709 64 60 Name 0 0 0
8034 12257 115 77 Name 0 0 0
3252 4057 113 47 Name 0 0 0
6787 923 98 39 Name 0 0 0
6256 3777 73 64 Name 0 0 0
14972 14555 123 62 Name 0 0 0
16019 10120 87 39 Name 0 0 0
13012 5205 117 39 Name 0 0 0
13932 7023 94 33 Name 0 0 0
15268 15285 87 58 Name 0 0 0
12452 12866 69 83 Name 0 0 0
8814 5236 115 50 Name 0 0 0
5563 645 123 56 Name 0 0 0
4781 9391 78 59 Name 0 0 0
14181 10531 127 58 Name 0 0 0
3878 4903 109 95 Name 0 0 0
4815 13428 81 85 Name 0 0 0
12106 12702 106 34 Name 0 0 0
6674 5301 88 44 Name 0 0 0
13546 7335 109 50 Name 0 0 0
5140 10075 107 72 Name 0 0 0
14360 16143 99 53 Name 0 0 0
8363 12538 85 50 Name 0 0 0
15351 10677 82 80 Name 0 0 0
4317 6741 96 63 Name 0 0 0
1132 1093 119 88 Name 0 0 0
995 848 124 36 Name 0 0 0
10837 1257 118 81 Name 0 0 0
14609 6094 96 74 Name 0 0 0
10767 9321 106 32 Name 0 0 0
5000 5902 95 61 Name 0 0 0
3372 5353 89 60 Name 0 0 0
6780 14124 95 73 Name 0 0 0
14155 4550 79 60 Name 0 0 0
8339 1043 106 71 Name 0 0 0
10844 12388 88 48 Name 0 0 0
9950 3270 81 33 Name 0 0 0
8546 6400 111 32 Name 0 0 0
1163 9066 96 78 Name 0 0 0
15464 9516 66 50 Name 0 0 0
13655 10709 115 89 Name 0 0 0
10350 12176 93 39 Name 0 0 0
13341 6130 98 40 Name 0 0 0
835 6497 71 66 Name 0 0 0
6794 1622 76 49 Name 0 0 0
15339 6142 117 84 Name 0 0 0
15552 15355 101 52 Name 0 0 0
1933 12089 97 76 Name 0 0 0
11190 15826 101 57 Name 0 0 0
5304 6006 93 90 Name 0 0 0
5633 5503 77 55 Name 0 0 0
3345 741 122 45 Name 0 0 0
6049 1788 66 48 Name 0 0 0
10743 15804 116 81 Name 0 0 0
9507 7201 104 37 Name 0 0 0
310 14485 124 42 Name 0 0 0
13911 1259 73 94 Name 0 0 0
6199 13118 76 79 Name 0 0 0
7420 190 68 61 Name 0 0 0
187 14081 87 82 Name 0 0 0
3241 13621 118 74 Name 0 0 0
2455 3180 118 54 Name 0 0 0
14717 6931 111 77 Name 0 0 0
4870 10453 73 86 Name 0 0 0
7644 8030 115 86 Name 0 0 0
11959 11380 106 49 Name 0 0 0
8506 11897 90 44 Name 0 0 0
11846 15180 65 67 Name 0 0 0
3823 6264 72 70 Name 0 0 0
2777 12137 103 75 Name 0 0 0
3828 11866 96 86 Name 0 0 0
15948 10208 103 71 Name 0 0 0
7745 327 112 65 Name 0 0 0
10964 3194 126 70 Name 0 0 0
7218 3044 98 55 Name 0 0 0
9043 1234 72 73 Name 0 0 0
11139 12541 89 89 Name 0 0 0
1110 6310 117 57 Name 0 0 0
9127 19 88 78 Name 0 0 0
9608 12003 113 88 Name 0 0 0
5511 10944 76 62 Name 0 0 0
1382 12010 85 49 Name 0 0 0
4343 13683 98 41 Name 0 0 0
1100 10750 102 80 Name 0 0 0
16131 256 96 33 Name 0 0 0
7867 2987 118 83 Name 0 0 0
316 856 71 78 Name 0 0 0
13417 9500 122 83 Name 0 0 0
8252 4363 118 58 Name 0 0 0
13628 2848 118 53 Name 0 0 0
7145 6258 112 67 Name 0 0 0
1755 1284 93 44 Name 0 0 0
6875 2984 78 79 Name 0 0 0
14175 3362 120 93 Name 0 0 0
10767 359 119 79 Name 0 0 0
11850 12038 77 73 Name 0 0 0
505 12668 86 68 Name 0 0 0
8947 14703 118 33 Name 0 0 0
1605 682 108 63 Name 0 0 0
12549 5698 67 76 Name 0 0 0
16138 7524 85 88 Name 0 0 0
11821 12939 96 60 Name 0 0 0
10221 11799 93 68 Name 0 0 0
5619 2957 116 90 Name 0 0 0
13111 14807 84 67 Name 0 0 0
16125 7385 117 68 Name 0 0 0
8109 16223 68 47 Name 0 0 0
6254 2887 106 74 Name 0 0 0
13728 751 96 56 Name 0 0 0
6132 14644 88 44 Name 0 0 0
4520 11659 120 43 Name 0 0 0
15976 10237 112 40 Name 0 0 0
2702 9833 119 51 Name 0 0 0
6018 1742 101 94 Name 0 0 0
8800 3336 125 83 Name 0 0 0
2598 4828 105 71 Name 0 0 0
2192 16015 64 89 Name 0 0 0
4811 15852 116 34 Name 0 0 0
573 4906 89 56 Name 0 0 0
14181 12781 79 35 Name 0 0 0
9837 9994 92 89 Name 0 0 0
8566 1038 79 34 Name 0 0 0
15686 10579 95 90 Name 0 0 0
4137 11207 105 36 Name 0 0 0
11053 3644 112 87 Name 0 0 0
7116 9222 106 61 Name 0 0 0
7664 8605 90 90 Name 0 0 0
11322 14827 92 55 Name 0 0 0
8851 1618 126 65 Name 0 0 0
13846 11758 66 50 Name 0 0 0
559 3583 128 93 Name 0 0 0
12497 7968 108 96 Name 0 0 0
3758 1542 116 52 Name 0 0 0
5071 15319 118 65 Name 0 0 0
4038 15607 99 82 Name 0 0 0
9718 3604 128 93 Name 0 0 0
5546 1270 86 67 Name 0 0 0
13763 7815 103 94 Name 0 0 0
9007 7488 64 56 Name 0 0 0
3534 1669 110 72 Name 0 0 0
14620 7870 126 91 Name 0 0 0
15057 1352 118 89 Name 0 0 0
5239 3820 66 66 Name 0 0 0
2135 14948 88 42 Name 0 0 0
10965 14444 95 89 Name 0 0 0
4158 9985 83 79 Name 0 0 0
1503 3344 128 33 Name 0 0 0
7186 3604 127 84 Name 0 0 0
8113 9926 124 48 Name 0 0 0
2109 6925 96 54 Name 0 0 0
14854 13303 110 70 Name 0 0 0
16071 13867 103 41 Name 0 0 0
7916 7653 100 69 Name 0 0 0
9245 2938 67 83 Name 0 0 0
6039 13204 120 74 Name 0 0 0
4860 15740 76 49 Name 0 0 0
15667 1435 111 75 Name 0 0 0
13878 8786 66 84 Name 0 0 0
3988 8153 123 43 Name 0 0 0
5563 7212 98 59 Name 0 0 0
12343 5701 116 89 Name 0 0 0
1703 13485 82 81 Name 0 0 0
1838 9895 123 40 Name 0 0 0
2718 2590 89 83 Name 0 0 0
8139 9387 114 34 Name 0 0 0
15140 12646 85 43 Name 0 0 0
13823 13122 94 40 Name 0 0 0
7555 4880 126 90 Name 0 0 0
13602 685 102 72 Name 0 0 0
1706 3250 75 53 Name 0 0 0
2493 3615 76 72 Name 0 0 0
8122 8383 126 52 Name 0 0 0
3570 3533 70 55 Name 0 0 0
9608 15616 76 65 Name 0 0 0
11604 9374 100 90 Name 0 0 0
1716 2283 95 92 Name 0 0 0
2641 11011 116 49 Name 0 0 0
4964 6420 93 69 Name 0 0 0
8179 3891 88 69 Name 0 0 0
3245 1521 92 70 Name 0 0 0
13076 8963 80 65 Name 0 0 0
15557 633 69 45 Name 0 0 0
4269 11956 118 62 Name 0 0 0
8969 12308 78 58 Name 0 0 0
9364 7270 68 37 Name 0 0 0
11036 2750 117 38 Name 0 0 0
1304 5401 109 75 Name 0 0 0
7803 9155 126 86 Name 0 0 0
5505 2009 93 62 Name 0 0 0
10243 12555 128 46 Name 0 0 0
12094 15953 108 70 Name 0 0 0
14120 13959 110 54 Name 0 0 0
3949 11181 115 54 Name 0 0 0
11385 7355 91 77 Name 0 0 0
90 10215 127 56 Name 0 0 0
9607 13874 78 92 Name 0 0 0
310 3974 111 69 Name 0 0 0
8906 13443 127 69 Name 0 0 0
3555 8668 128 56 Name 0 0 0
9844 16052 80 66 Name 0 0 0
4349 2817 76 84 Name 0 0 0
14855 9787 107 37 Name 0 0 0
9450 5167 71 89 Name 0 0 0
15987 14234 120 55 Name 0 0 0
13568 13672 105 34 Name 0 0 0
5959 15373 112 83 Name 0 0 0
2218 4044 87 33 Name 0 0 0
16336 12869 118 82 Name 0 0 0
2010 4496 101 46 Name 0 0 0
16272 14895 126 43 Name 0 0 0
7068 3839 80 95 Name 0 0 0
3229 5759 97 74 Name 0 0 0
4055 14351 80 40 Name 0 0 0
5774 346 89 52 Name 0 0 0
6074 12576 68 91 Name 0 0 0
4590 14554 127 86 Name 0 0 0
16151 12246 111 57 Name 0 0 0
2108 11315 70 41 Name 0 0 0
14055 12521 75 42 Name 0 0 0
4287 7557 64 88 Name 0 0 0
9969 7028 95 94 Name 0 0 0
1398 10758 102 62 Name 0 0 0
13531 77 88 37 Name 0 0 0
12736 4129 111 63 Name 0 0 0
1024 11557 105 35 Name 0 0 0
14846 12932 111 48 Name 0 0 0
3141 1742 116 58 Name 0 0 0
104 14240 119 65 Name 0 0 0
7430 14393 76 44 Name 0 0 0
3606 12006 120 38 Name 0 0 0
14581 9198 123 77 Name 0 0 0
10487 13487 112 68 Name 0 0 0
1791 13694 113 61 Name 0 0 0
3055 3584 99 79 Name 0 0 0
10484 5392 112 79 Name 0 0 0
8853 2357 124 95 Name 0 0 0
4915 14790 78 59 Name 0 0 0
1395 5291 89 53 Name 0 0 0
6261 2127 128 95 Name 0 0 0
3720 12847 98 84 Name 0 0 0
12802 6949 98 36 Name 0 0 0
7911 15187 80 73 Name 0 0 0
5402 5283 117 88 Name 0 0 0
7347 5336 109 41 Name 0 0 0
4164 14117 109 71 Name 0 0 0
8450 3687 70 46 Name 0 0 0
2311 11967 107 46 Name 0 0 0
12774 7306 65 69 Name 0 0 0
1779 14352 119 91 Name 0 0 0
5921 13044 106 88 Name 0 0 0
8998 11636 76 87 Name 0 0 0
7597 4055 103 35 Name 0 0 0
4328 7725 73 36 Name 0 0 0
1890 5818 81 39 Name 0 0 0
696 203 119 55 Name 0 0 0
2913 11952 80 86 Name 0 0 0
4800 5355 113 73 Name 0 0 0
11503 8575 96 65 Name 0 0 0
13506 9508 106 67 Name 0 0 0
7061 13318 77 55 Name 0 0 0
14063 14886 108 36 Name 0 0 0
11865 3476 77 61 Name 0 0 0
10459 8693 108 49 Name 0 0 0
6215 2895 64 49 Name 0 0 0
9408 7529 84 87 Name 0 0 0
3236 12850 78 59 Name 0 0 0
3237 16334 81 68 Name 0 0 0
15595 13283 82 73 Name 0 0 0
11435 8102 128 71 Name 0 0 0
15381 13136 109 65 Name 0 0 0
12334 3487 105 49 Name 0 0 0
9157 7844 85 54 Name 0 0 0
5739 2064 66 49 Name 0 0 0
1104 15073 80 85 Name 0 0 0
5196 10521 82 73 Name 0 0 0
10767 11531 107 88 Name 0 0 0
11276 14370 101 55 Name 0 0 0
7983 11551 125 87 Name 0 0 0
2375 1360 98 68 Name 0 0 0
12586 14670 111 71 Name 0 0 0
3915 10538 77 59 Name 0 0 0
4316 3449 123 43 Name 0 0 0
274 9832 103 40 Name 0 0 0
13876 13998 124 67 Name 0 0 0
6600 4827 89 89 Name 0 0 0
13114 5933 111 38 Name 0 0 0
6199 5797 69 48 Name 0 0 0
13907 5472 109 53 Name 0 0 0
8560 7996 71 74 Name 0 0 0
14959 1745 74 48 Name 0 0 0
16096 4715 115 86 Name 0 0 0
14373 12028 121 52 Name 0 0 0
5841 14932 96 48 Name 0 0 0
57 10782 65 46 Name 0 0 0
14824 15112 88 80 Name 0 0 0
5072 363 127 47 Name 0 0 0
5859 6872 102 45 Name 0 0 0
12585 5538 101 59 Name 0 0 0
10886 2234 92 67 Name 0 0 0
1502 5672 67 75 Name 0 0 0
2963 747 121 69 Name 0 0 0
5156 12544 121 53 Name 0 0 0
6808 7419 116 85 Name 0 0 0
4801 2058 96 58 Name 0 0 0
10071 1022 83 45 Name 0 0 0
9367 5862 93 64 Name 0 0 0
647 11415 100 79 Name 0 0 0
9122 7881 95 95 Name 0 0 0
9178 13830 73 34 Name 0 0 0
1428 13945 111 35 Name 0 0 0
2080 14071 113 84 Name 0 0 0
6367 11255 111 52 Name 0 0 0
8607 613 92 84 Name 0 0 0
4147 13167 81 76 Name 0 0 0
11110 7691 116 55 Name 0 0 0
5990 2515 69 68 Name 0 0 0
13607 2288 113 75 Name 0 0 0
13871 7574 76 43 Name 0 0 0
14923 7174 121 79 Name 0 0 0
7031 10932 70 68 Name 0 0 0
4572 13570 118 60 Name 0 0 0
12957 9964 82 86 Name 0 0 0
15233 3912 85 34 Name 0 0 0
9759 5228 79 59 Name 0 0 0
11961 13949 114 37 Name 0 0 0
9221 4321 104 57 Name 0 0 0
14975 11437 96 50 Name 0 0 0
14605 14570 115 71 Name 0 0 0
5563 12752 119 76 Name 0 0 0
8771 13670 111 67 Name 0 0 0
11494 8162 84 43 Name 0 0 0
10907 15373 88 49 Name 0 0 0
5612 7420 85 94 Name 0 0 0
9764 9799 118 92 Name 0 0 0
6145 8239 80 75 Name 0 0 0
14682 3218 72 62 Name 0 0 0
7246 3221 109 77 Name 0 0 0
8909 12938 75 83 Name 0 0 0
11083 11374 126 95 Name 0 0 0
15517 6627 110 40 Name 0 0 0
4971 5050 92 71 Name 0 0 0
1306 125 125 75 Name 0 0 0
5069 14902 116 76 Name 0 0 0
10223 11512 77 64 Name 0 0 0
6899 5659 128 89 Name 0 0 0
5686 13278 96 69 Name 0 0 0
11283 9026 124 77 Name 0 0 0
11113 11829 70 38 Name 0 0 0
4904 10143 69 50 Name 0 0 0
8463 3055 115 49 Name 0 0 0
12337 10691 109 80 Name 0 0 0
15833 12403 97 50 Name 0 0 0
12074 9610 109 44 Name 0 0 0
9961 6906 126 80 Name 0 0 0
6956 10952 123 55 Name 0 0 0
13655 12406 120 37 Name 0 0 0
16214 12846 98 84 Name 0 0 0
14743 2283 109 72 Name 0 0 0
15182 3946 65 67 Name 0 0 0
6643 6944 75 55 Name 0 0 0
13778 9535 66 59 Name 0 0 0
13236 6158 102 38 Name 0 0 0
12398 5110 85 56 Name 0 0 0
14398 11045 122 92 Name 0 0 0
14188 15746 87 75 Name 0 0 0
8841 9555 116 68 Name 0 0 0
8911 9166 88 59 Name 0 0 0
2735 9953 81 74 Name 0 0 0
8114 5568 100 54 Name 0 0 0
x-Min=0
x-Max=16384
y-Min=0
y-Max=16384
min label height=32.0
max label height=96.0
min label width=64.0
max label width=128.0
