1024
1412 6214 56 16 Name 0 0 0
7996 1944 51 16 Name 0 0 0
1485 6049 36 16 Name 0 0 0
1680 742 40 16 Name 0 0 0
7688 5782 59 16 Name 0 0 0
7374 7823 56 16 Name 0 0 0
4679 766 36 16 Name 0 0 0
7100 5285 43 16 Name 0 0 0
1923 6084 45 16 Name 0 0 0
5698 662 40 16 Name 0 0 0
2601 7356 34 16 Name 0 0 0
8120 5517 54 16 Name 0 0 0
3194 2268 51 16 Name 0 0 0
4613 7503 61 16 Name 0 0 0
7271 3672 46 16 Name 0 0 0
3265 3081 53 16 Name 0 0 0
691 4380 62 16 Name 0 0 0
4584 3047 60 16 Name 0 0 0
2802 1732 53 16 Name 0 0 0
2845 2633 62 16 Name 0 0 0
2746 7106 36 16 Name 0 0 0
4699 3627 61 16 Name 0 0 0
5506 2281 61 16 Name 0 0 0
5478 2897 42 16 Name 0 0 0
2238 2612 43 16 Name 0 0 0
5670 7973 59 16 Name 0 0 0
13 2161 61 16 Name 0 0 0
1683 5420 34 16 Name 0 0 0
474 7501 62 16 Name 0 0 0
3500 6706 37 16 Name 0 0 0
2440 3589 39 16 Name 0 0 0
5294 466 52 16 Name 0 0 0
3555 2216 56 16 Name 0 0 0
5533 3064 32 16 Name 0 0 0
2480 2218 35 16 Name 0 0 0
140 3984 56 16 Name 0 0 0
1700 5594 38 16 Name 0 0 0
2761 719 54 16 Name 0 0 0
2686 1470 49 16 Name 0 0 0
3833 91 39 16 Name 0 0 0
2307 153 43 16 Name 0 0 0
349 6072 52 16 Name 0 0 0
2827 6908 38 16 Name 0 0 0
7781 2296 38 16 Name 0 0 0
5000 5528 45 16 Name 0 0 0
2179 77 51 16 Name 0 0 0
4330 3752 61 16 Name 0 0 0
4195 17 50 16 Name 0 0 0
3891 7680 48 16 Name 0 0 0
7443 5984 45 16 Name 0 0 0
1545 4463 59 16 Name 0 0 0
5343 4763 55 16 Name 0 0 0
93 8067 52 16 Name 0 0 0
5647 7140 52 16 Name 0 0 0
4002 1648 50 16 Name 0 0 0
1592 3546 37 16 Name 0 0 0
2808 7683 61 16 Name 0 0 0
6201 2233 53 16 Name 0 0 0
6968 2865 44 16 Name 0 0 0
4889 361 51 16 Name 0 0 0
4927 7711 56 16 Name 0 0 0
2663 3453 64 16 Name 0 0 0
4747 5032 42 16 Name 0 0 0
936 6755 57 16 Name 0 0 0
5328 5509 53 16 Name 0 0 0
3175 7209 34 16 Name 0 0 0
6906 6441 49 16 Name 0 0 0
4804 928 50 16 Name 0 0 0
6208 546 34 16 Name 0 0 0
5482 6648 43 16 Name 0 0 0
5417 5684 40 16 Name 0 0 0
2408 4816 57 16 Name 0 0 0
5658 6376 57 16 Name 0 0 0
4577 3929 48 16 Name 0 0 0
498 1830 63 16 Name 0 0 0
5520 1191 42 16 Name 0 0 0
3592 6595 51 16 Name 0 0 0
6547 3697 41 16 Name 0 0 0
2816 1272 58 16 Name 0 0 0
7296 2949 42 16 Name 0 0 0
3369 3703 41 16 Name 0 0 0
685 4012 45 16 Name 0 0 0
4695 4877 53 16 Name 0 0 0
3198 2222 34 16 Name 0 0 0
7194 3396 46 16 Name 0 0 0
472 7491 42 16 Name 0 0 0
3819 6950 37 16 Name 0 0 0
4627 5451 37 16 Name 0 0 0
1287 6698 44 16 Name 0 0 0
6455 3091 56 16 Name 0 0 0
2206 2686 45 16 Name 0 0 0
1135 4261 38 16 Name 0 0 0
2064 6803 36 16 Name 0 0 0
209 137 33 16 Name 0 0 0
741 3025 45 16 Name 0 0 0
6512 7451 61 16 Name 0 0 0
6953 5305 53 16 Name 0 0 0
782 5544 42 16 Name 0 0 0
497 7902 48 16 Name 0 0 0
58 8048 57 16 Name 0 0 0
3617 693 45 16 Name 0 0 0
1999 190 50 16 Name 0 0 0
3225 1599 62 16 Name 0 0 0
2887 7983 38 16 Name 0 0 0
1902 2093 45 16 Name 0 0 0
4198 5867 35 16 Name 0 0 0
3843 6214 33 16 Name 0 0 0
4096 7749 43 16 Name 0 0 0
2961 525 35 16 Name 0 0 0
3394 3854 63 16 Name 0 0 0
1016 106 33 16 Name 0 0 0
1226 1824 52 16 Name 0 0 0
912 1244 39 16 Name 0 0 0
1344 4227 60 16 Name 0 0 0
8117 5676 52 16 Name 0 0 0
5930 4437 55 16 Name 0 0 0
3736 1247 36 16 Name 0 0 0
7504 4913 54 16 Name 0 0 0
3223 1387 57 16 Name 0 0 0
529 5273 38 16 Name 0 0 0
6061 5301 58 16 Name 0 0 0
5187 7022 47 16 Name 0 0 0
5986 323 47 16 Name 0 0 0
6001 3654 34 16 Name 0 0 0
4200 6263 42 16 Name 0 0 0
3818 2760 47 16 Name 0 0 0
6848 5375 57 16 Name 0 0 0
1727 4708 35 16 Name 0 0 0
7005 5834 38 16 Name 0 0 0
68 5546 45 16 Name 0 0 0
6862 7057 44 16 Name 0 0 0
6609 5844 34 16 Name 0 0 0
628 5350 42 16 Name 0 0 0
2276 2598 56 16 Name 0 0 0
5295 1154 41 16 Name 0 0 0
3154 5716 59 16 Name 0 0 0
7149 4104 36 16 Name 0 0 0
6210 167 54 16 Name 0 0 0
4348 4062 37 16 Name 0 0 0
4793 244 37 16 Name 0 0 0
3821 7464 36 16 Name 0 0 0
1516 4563 52 16 Name 0 0 0
6861 15 58 16 Name 0 0 0
3583 1688 49 16 Name 0 0 0
2786 958 37 16 Name 0 0 0
5962 1960 58 16 Name 0 0 0
6457 4419 55 16 Name 0 0 0
999 4129 40 16 Name 0 0 0
5285 6652 45 16 Name 0 0 0
2580 6343 43 16 Name 0 0 0
313 1316 51 16 Name 0 0 0
2542 1594 45 16 Name 0 0 0
3296 4964 63 16 Name 0 0 0
4116 6421 33 16 Name 0 0 0
6027 1654 34 16 Name 0 0 0
4745 2288 52 16 Name 0 0 0
5252 4100 41 16 Name 0 0 0
5839 4115 50 16 Name 0 0 0
7909 6219 62 16 Name 0 0 0
6848 7133 45 16 Name 0 0 0
7392 4223 64 16 Name 0 0 0
7476 7136 43 16 Name 0 0 0
357 7116 54 16 Name 0 0 0
4891 7618 50 16 Name 0 0 0
794 2008 61 16 Name 0 0 0
7890 7383 62 16 Name 0 0 0
4253 8180 32 16 Name 0 0 0
4009 6468 33 16 Name 0 0 0
1305 5189 44 16 Name 0 0 0
2314 8091 34 16 Name 0 0 0
6100 2186 40 16 Name 0 0 0
1198 112 54 16 Name 0 0 0
916 6876 63 16 Name 0 0 0
1203 6610 35 16 Name 0 0 0
5478 3472 36 16 Name 0 0 0
2105 6233 53 16 Name 0 0 0
6411 511 45 16 Name 0 0 0
567 7262 41 16 Name 0 0 0
320 921 63 16 Name 0 0 0
1216 5662 40 16 Name 0 0 0
5749 3310 61 16 Name 0 0 0
7512 5049 41 16 Name 0 0 0
1262 7051 37 16 Name 0 0 0
4825 2159 49 16 Name 0 0 0
6848 1846 40 16 Name 0 0 0
1240 2149 50 16 Name 0 0 0
8104 2730 37 16 Name 0 0 0
1063 5504 46 16 Name 0 0 0
5477 482 34 16 Name 0 0 0
4999 5090 42 16 Name 0 0 0
1672 1776 36 16 Name 0 0 0
1088 3391 58 16 Name 0 0 0
1073 5189 56 16 Name 0 0 0
8112 7204 50 16 Name 0 0 0
6901 1431 47 16 Name 0 0 0
2667 5598 55 16 Name 0 0 0
7709 7786 33 16 Name 0 0 0
3185 2883 57 16 Name 0 0 0
3609 5539 64 16 Name 0 0 0
4763 1879 49 16 Name 0 0 0
5509 2708 44 16 Name 0 0 0
7872 5002 57 16 Name 0 0 0
1860 4830 44 16 Name 0 0 0
2950 440 56 16 Name 0 0 0
2707 5763 52 16 Name 0 0 0
3248 8129 41 16 Name 0 0 0
4226 6690 52 16 Name 0 0 0
1845 4482 40 16 Name 0 0 0
1065 2500 63 16 Name 0 0 0
720 6670 44 16 Name 0 0 0
6857 5980 39 16 Name 0 0 0
6299 5984 59 16 Name 0 0 0
2340 4839 55 16 Name 0 0 0
827 1520 47 16 Name 0 0 0
7708 6314 40 16 Name 0 0 0
7883 3993 54 16 Name 0 0 0
1872 4381 40 16 Name 0 0 0
5266 5637 46 16 Name 0 0 0
1550 4936 51 16 Name 0 0 0
5926 5574 38 16 Name 0 0 0
867 3867 51 16 Name 0 0 0
1695 442 36 16 Name 0 0 0
4520 1941 63 16 Name 0 0 0
1175 7071 44 16 Name 0 0 0
2300 7980 49 16 Name 0 0 0
6100 217 49 16 Name 0 0 0
857 4827 35 16 Name 0 0 0
2284 2722 36 16 Name 0 0 0
4011 7283 33 16 Name 0 0 0
1665 845 47 16 Name 0 0 0
515 644 34 16 Name 0 0 0
6122 1278 51 16 Name 0 0 0
8163 1892 57 16 Name 0 0 0
7803 4824 36 16 Name 0 0 0
2047 7761 57 16 Name 0 0 0
2767 828 60 16 Name 0 0 0
5435 2242 58 16 Name 0 0 0
925 5895 55 16 Name 0 0 0
1513 3329 38 16 Name 0 0 0
3080 2378 42 16 Name 0 0 0
1118 352 42 16 Name 0 0 0
1203 821 48 16 Name 0 0 0
4289 1709 39 16 Name 0 0 0
6937 6412 50 16 Name 0 0 0
5097 2246 60 16 Name 0 0 0
4717 1037 37 16 Name 0 0 0
5411 1432 57 16 Name 0 0 0
577 7823 42 16 Name 0 0 0
4109 6455 54 16 Name 0 0 0
1645 5306 63 16 Name 0 0 0
4198 8002 44 16 Name 0 0 0
2667 894 52 16 Name 0 0 0
5288 7355 37 16 Name 0 0 0
2095 1247 60 16 Name 0 0 0
6810 6475 33 16 Name 0 0 0
6848 7013 39 16 Name 0 0 0
3684 7022 50 16 Name 0 0 0
1132 5352 47 16 Name 0 0 0
4112 1207 59 16 Name 0 0 0
2264 8090 37 16 Name 0 0 0
5687 7466 51 16 Name 0 0 0
6197 5291 57 16 Name 0 0 0
5327 6823 38 16 Name 0 0 0
346 6730 48 16 Name 0 0 0
590 4923 37 16 Name 0 0 0
1416 2173 57 16 Name 0 0 0
3068 4305 42 16 Name 0 0 0
3621 5681 50 16 Name 0 0 0
4379 2725 41 16 Name 0 0 0
6363 7806 59 16 Name 0 0 0
2534 5504 61 16 Name 0 0 0
4609 3401 34 16 Name 0 0 0
7786 6204 50 16 Name 0 0 0
4242 4469 51 16 Name 0 0 0
1104 2214 46 16 Name 0 0 0
170 3677 59 16 Name 0 0 0
933 5863 51 16 Name 0 0 0
3043 5551 53 16 Name 0 0 0
3158 6303 44 16 Name 0 0 0
5903 6428 48 16 Name 0 0 0
1237 5975 57 16 Name 0 0 0
1129 3106 52 16 Name 0 0 0
103 600 49 16 Name 0 0 0
2160 4248 57 16 Name 0 0 0
3963 1655 58 16 Name 0 0 0
8067 4016 60 16 Name 0 0 0
7266 89 39 16 Name 0 0 0
4508 2081 61 16 Name 0 0 0
7149 1563 55 16 Name 0 0 0
6045 5111 54 16 Name 0 0 0
5245 2361 55 16 Name 0 0 0
5049 6257 55 16 Name 0 0 0
2989 3877 43 16 Name 0 0 0
1508 8053 63 16 Name 0 0 0
7649 303 57 16 Name 0 0 0
3869 3599 40 16 Name 0 0 0
6153 5224 39 16 Name 0 0 0
3299 4186 45 16 Name 0 0 0
7650 6665 42 16 Name 0 0 0
731 655 59 16 Name 0 0 0
6972 3333 63 16 Name 0 0 0
268 3306 48 16 Name 0 0 0
484 5735 33 16 Name 0 0 0
6367 6968 49 16 Name 0 0 0
1341 5062 48 16 Name 0 0 0
6939 5288 52 16 Name 0 0 0
3498 372 44 16 Name 0 0 0
7136 5065 41 16 Name 0 0 0
385 7779 34 16 Name 0 0 0
7510 1345 35 16 Name 0 0 0
7522 3630 64 16 Name 0 0 0
1650 7985 51 16 Name 0 0 0
7411 5032 32 16 Name 0 0 0
2057 3498 37 16 Name 0 0 0
7309 6798 57 16 Name 0 0 0
1596 89 63 16 Name 0 0 0
1848 737 63 16 Name 0 0 0
2759 5263 58 16 Name 0 0 0
2921 3351 60 16 Name 0 0 0
1185 1246 46 16 Name 0 0 0
666 4700 37 16 Name 0 0 0
8101 7336 40 16 Name 0 0 0
7522 2766 46 16 Name 0 0 0
1749 7218 35 16 Name 0 0 0
8121 1001 58 16 Name 0 0 0
2897 2497 35 16 Name 0 0 0
3297 1855 60 16 Name 0 0 0
7521 624 40 16 Name 0 0 0
905 5073 50 16 Name 0 0 0
7370 6239 56 16 Name 0 0 0
1153 4687 36 16 Name 0 0 0
8143 6345 63 16 Name 0 0 0
4367 818 34 16 Name 0 0 0
6177 5307 46 16 Name 0 0 0
5788 560 53 16 Name 0 0 0
4657 270 47 16 Name 0 0 0
2495 5030 35 16 Name 0 0 0
85 3802 42 16 Name 0 0 0
5378 4109 62 16 Name 0 0 0
1433 770 64 16 Name 0 0 0
6804 6905 60 16 Name 0 0 0
5850 4634 33 16 Name 0 0 0
8191 365 50 16 Name 0 0 0
5782 4004 45 16 Name 0 0 0
2177 2502 48 16 Name 0 0 0
4239 6414 64 16 Name 0 0 0
862 5496 49 16 Name 0 0 0
3593 2189 38 16 Name 0 0 0
8185 205 61 16 Name 0 0 0
7099 1242 60 16 Name 0 0 0
1165 3904 35 16 Name 0 0 0
2804 4835 51 16 Name 0 0 0
3709 1098 44 16 Name 0 0 0
4112 812 63 16 Name 0 0 0
2817 682 51 16 Name 0 0 0
8040 3961 37 16 Name 0 0 0
6629 8176 39 16 Name 0 0 0
7025 3726 37 16 Name 0 0 0
6262 4044 41 16 Name 0 0 0
719 56 41 16 Name 0 0 0
4942 1573 52 16 Name 0 0 0
7709 248 51 16 Name 0 0 0
7021 6948 61 16 Name 0 0 0
7656 3678 41 16 Name 0 0 0
151 4514 43 16 Name 0 0 0
5089 2633 52 16 Name 0 0 0
5668 3161 36 16 Name 0 0 0
5283 4364 58 16 Name 0 0 0
3993 7682 52 16 Name 0 0 0
5984 1795 32 16 Name 0 0 0
6226 882 61 16 Name 0 0 0
912 5854 55 16 Name 0 0 0
8144 5301 62 16 Name 0 0 0
760 2642 44 16 Name 0 0 0
640 3074 34 16 Name 0 0 0
329 786 55 16 Name 0 0 0
3027 2771 33 16 Name 0 0 0
8158 7022 32 16 Name 0 0 0
4802 5574 37 16 Name 0 0 0
6634 1928 56 16 Name 0 0 0
6524 3136 36 16 Name 0 0 0
3075 6566 37 16 Name 0 0 0
7788 3178 38 16 Name 0 0 0
4367 4127 59 16 Name 0 0 0
516 355 57 16 Name 0 0 0
6554 6047 45 16 Name 0 0 0
908 8111 36 16 Name 0 0 0
126 5323 49 16 Name 0 0 0
3591 2105 32 16 Name 0 0 0
3735 5143 59 16 Name 0 0 0
4801 1512 43 16 Name 0 0 0
7349 2208 57 16 Name 0 0 0
3932 1734 46 16 Name 0 0 0
4112 3128 61 16 Name 0 0 0
3751 3441 53 16 Name 0 0 0
7652 6920 62 16 Name 0 0 0
3776 5305 59 16 Name 0 0 0
7844 1985 40 16 Name 0 0 0
2064 3337 40 16 Name 0 0 0
5593 7717 49 16 Name 0 0 0
6884 5083 60 16 Name 0 0 0
6508 7388 39 16 Name 0 0 0
6290 6986 33 16 Name 0 0 0
5763 4896 48 16 Name 0 0 0
7552 2373 34 16 Name 0 0 0
7780 950 64 16 Name 0 0 0
5982 6991 64 16 Name 0 0 0
3707 114 39 16 Name 0 0 0
8019 800 40 16 Name 0 0 0
5293 6059 40 16 Name 0 0 0
5392 861 35 16 Name 0 0 0
3966 5557 46 16 Name 0 0 0
1849 258 42 16 Name 0 0 0
4523 1622 42 16 Name 0 0 0
999 8025 48 16 Name 0 0 0
4730 4036 32 16 Name 0 0 0
457 1842 37 16 Name 0 0 0
4103 699 53 16 Name 0 0 0
4958 3851 52 16 Name 0 0 0
2875 8047 49 16 Name 0 0 0
3715 3343 52 16 Name 0 0 0
2830 4827 42 16 Name 0 0 0
7639 3582 51 16 Name 0 0 0
3775 1254 36 16 Name 0 0 0
5631 5249 33 16 Name 0 0 0
2712 2942 36 16 Name 0 0 0
5941 999 58 16 Name 0 0 0
5820 3551 60 16 Name 0 0 0
1005 2536 33 16 Name 0 0 0
6414 1900 37 16 Name 0 0 0
4703 1933 43 16 Name 0 0 0
2007 4595 48 16 Name 0 0 0
5377 5820 56 16 Name 0 0 0
1725 2615 40 16 Name 0 0 0
6769 1317 51 16 Name 0 0 0
2767 7806 36 16 Name 0 0 0
5555 7020 61 16 Name 0 0 0
439 6580 44 16 Name 0 0 0
3319 4910 42 16 Name 0 0 0
6988 4789 50 16 Name 0 0 0
1661 4654 55 16 Name 0 0 0
5454 5419 64 16 Name 0 0 0
69 2422 60 16 Name 0 0 0
3999 3907 55 16 Name 0 0 0
2193 6539 43 16 Name 0 0 0
7458 6896 61 16 Name 0 0 0
4759 2468 53 16 Name 0 0 0
5072 7028 62 16 Name 0 0 0
3959 6237 63 16 Name 0 0 0
239 5858 50 16 Name 0 0 0
5817 2613 41 16 Name 0 0 0
4776 3516 62 16 Name 0 0 0
7926 441 43 16 Name 0 0 0
6793 2187 42 16 Name 0 0 0
2465 7688 49 16 Name 0 0 0
1642 7536 53 16 Name 0 0 0
4298 6330 35 16 Name 0 0 0
490 3553 60 16 Name 0 0 0
4366 4005 52 16 Name 0 0 0
634 3460 45 16 Name 0 0 0
5487 6856 46 16 Name 0 0 0
5615 5154 39 16 Name 0 0 0
4717 1979 44 16 Name 0 0 0
1848 2288 34 16 Name 0 0 0
4962 3332 35 16 Name 0 0 0
7193 7182 57 16 Name 0 0 0
6433 3630 34 16 Name 0 0 0
3067 2489 46 16 Name 0 0 0
2763 2974 47 16 Name 0 0 0
6427 2107 54 16 Name 0 0 0
7003 5249 45 16 Name 0 0 0
227 3717 39 16 Name 0 0 0
2066 915 36 16 Name 0 0 0
3419 4493 61 16 Name 0 0 0
771 1658 60 16 Name 0 0 0
7525 3869 49 16 Name 0 0 0
4366 6171 48 16 Name 0 0 0
1877 2284 34 16 Name 0 0 0
5228 6882 63 16 Name 0 0 0
1366 735 52 16 Name 0 0 0
2239 3947 62 16 Name 0 0 0
3530 4276 42 16 Name 0 0 0
2760 6355 54 16 Name 0 0 0
84 2994 52 16 Name 0 0 0
8011 809 57 16 Name 0 0 0
226 1758 37 16 Name 0 0 0
71 495 59 16 Name 0 0 0
3457 6849 59 16 Name 0 0 0
2048 1518 34 16 Name 0 0 0
7924 2485 56 16 Name 0 0 0
7937 3588 63 16 Name 0 0 0
5888 2915 43 16 Name 0 0 0
5947 8104 42 16 Name 0 0 0
2789 1728 56 16 Name 0 0 0
4947 8027 34 16 Name 0 0 0
8063 8183 55 16 Name 0 0 0
1706 1597 64 16 Name 0 0 0
179 4354 53 16 Name 0 0 0
1807 1479 49 16 Name 0 0 0
6773 6696 46 16 Name 0 0 0
6423 3970 48 16 Name 0 0 0
1379 6423 64 16 Name 0 0 0
2787 3056 47 16 Name 0 0 0
6292 6917 43 16 Name 0 0 0
4112 4240 41 16 Name 0 0 0
7981 3128 40 16 Name 0 0 0
5969 7581 50 16 Name 0 0 0
3848 3815 47 16 Name 0 0 0
5677 2240 44 16 Name 0 0 0
2964 3425 49 16 Name 0 0 0
3405 6216 52 16 Name 0 0 0
6837 4296 57 16 Name 0 0 0
2508 4407 48 16 Name 0 0 0
2341 764 52 16 Name 0 0 0
6205 3311 46 16 Name 0 0 0
4763 940 39 16 Name 0 0 0
368 5362 52 16 Name 0 0 0
8186 3161 39 16 Name 0 0 0
2315 7571 61 16 Name 0 0 0
2509 6649 44 16 Name 0 0 0
5113 8031 55 16 Name 0 0 0
1435 3436 34 16 Name 0 0 0
8087 309 43 16 Name 0 0 0
2222 5515 44 16 Name 0 0 0
6389 6479 42 16 Name 0 0 0
3901 5336 55 16 Name 0 0 0
3493 4587 33 16 Name 0 0 0
7461 816 35 16 Name 0 0 0
2429 7783 38 16 Name 0 0 0
4490 954 37 16 Name 0 0 0
5784 1939 59 16 Name 0 0 0
5732 4194 50 16 Name 0 0 0
4366 1801 42 16 Name 0 0 0
4960 1558 47 16 Name 0 0 0
2210 866 49 16 Name 0 0 0
7124 5013 37 16 Name 0 0 0
3528 1119 37 16 Name 0 0 0
3960 911 33 16 Name 0 0 0
6507 5865 48 16 Name 0 0 0
68 2158 48 16 Name 0 0 0
6624 7841 45 16 Name 0 0 0
2281 3231 47 16 Name 0 0 0
3513 1455 41 16 Name 0 0 0
1812 3371 41 16 Name 0 0 0
1970 4142 44 16 Name 0 0 0
6472 4584 61 16 Name 0 0 0
6176 3157 49 16 Name 0 0 0
7153 3330 51 16 Name 0 0 0
550 1419 43 16 Name 0 0 0
8056 4485 45 16 Name 0 0 0
154 4310 32 16 Name 0 0 0
3374 622 52 16 Name 0 0 0
1122 7203 42 16 Name 0 0 0
909 307 57 16 Name 0 0 0
4277 4788 47 16 Name 0 0 0
4284 6560 55 16 Name 0 0 0
2769 5864 44 16 Name 0 0 0
628 3850 51 16 Name 0 0 0
6268 5923 37 16 Name 0 0 0
5007 8105 49 16 Name 0 0 0
7390 1949 36 16 Name 0 0 0
5625 7221 45 16 Name 0 0 0
80 5624 35 16 Name 0 0 0
4779 771 40 16 Name 0 0 0
1973 5502 49 16 Name 0 0 0
7830 2333 52 16 Name 0 0 0
3393 1920 57 16 Name 0 0 0
5888 5317 44 16 Name 0 0 0
2281 783 33 16 Name 0 0 0
1216 7469 38 16 Name 0 0 0
3515 2250 54 16 Name 0 0 0
3688 1401 53 16 Name 0 0 0
5504 7789 62 16 Name 0 0 0
3137 3929 53 16 Name 0 0 0
5514 1243 44 16 Name 0 0 0
154 7087 58 16 Name 0 0 0
197 7916 54 16 Name 0 0 0
8014 1306 32 16 Name 0 0 0
5486 4364 58 16 Name 0 0 0
4233 3918 33 16 Name 0 0 0
3694 1747 45 16 Name 0 0 0
2177 6885 63 16 Name 0 0 0
2026 2534 49 16 Name 0 0 0
5586 6449 44 16 Name 0 0 0
5336 7551 62 16 Name 0 0 0
2983 4284 55 16 Name 0 0 0
6290 5669 50 16 Name 0 0 0
355 3201 50 16 Name 0 0 0
3125 2310 52 16 Name 0 0 0
3461 3581 35 16 Name 0 0 0
7760 4088 48 16 Name 0 0 0
3498 2961 54 16 Name 0 0 0
2872 112 45 16 Name 0 0 0
2366 3591 59 16 Name 0 0 0
5415 7890 52 16 Name 0 0 0
7110 5245 58 16 Name 0 0 0
4651 3766 58 16 Name 0 0 0
2836 2376 40 16 Name 0 0 0
4900 2044 44 16 Name 0 0 0
6952 198 38 16 Name 0 0 0
5895 3403 45 16 Name 0 0 0
4787 3939 56 16 Name 0 0 0
3411 2233 61 16 Name 0 0 0
745 1516 54 16 Name 0 0 0
4000 2235 33 16 Name 0 0 0
3651 408 52 16 Name 0 0 0
2380 5131 59 16 Name 0 0 0
7800 3167 47 16 Name 0 0 0
7517 4571 43 16 Name 0 0 0
413 3505 54 16 Name 0 0 0
3100 6337 48 16 Name 0 0 0
5442 4324 55 16 Name 0 0 0
6198 2435 38 16 Name 0 0 0
8158 2193 50 16 Name 0 0 0
7158 3291 42 16 Name 0 0 0
2578 5459 54 16 Name 0 0 0
7162 2522 63 16 Name 0 0 0
3878 2390 41 16 Name 0 0 0
5594 8087 59 16 Name 0 0 0
6229 4035 39 16 Name 0 0 0
1006 8065 53 16 Name 0 0 0
40 5872 42 16 Name 0 0 0
2189 667 60 16 Name 0 0 0
5541 1719 49 16 Name 0 0 0
1320 3747 32 16 Name 0 0 0
290 4948 58 16 Name 0 0 0
3544 333 50 16 Name 0 0 0
7810 1585 40 16 Name 0 0 0
2796 2308 45 16 Name 0 0 0
3055 7529 60 16 Name 0 0 0
5317 761 38 16 Name 0 0 0
3540 6850 52 16 Name 0 0 0
8103 1741 37 16 Name 0 0 0
3924 435 37 16 Name 0 0 0
2683 7093 41 16 Name 0 0 0
971 6829 48 16 Name 0 0 0
4893 6306 45 16 Name 0 0 0
4021 2869 41 16 Name 0 0 0
652 3892 63 16 Name 0 0 0
6216 6746 38 16 Name 0 0 0
6910 2788 34 16 Name 0 0 0
7182 4761 34 16 Name 0 0 0
6499 4313 58 16 Name 0 0 0
1077 2177 60 16 Name 0 0 0
4041 5098 48 16 Name 0 0 0
4519 8107 40 16 Name 0 0 0
8174 2424 34 16 Name 0 0 0
7028 65 48 16 Name 0 0 0
8184 1139 55 16 Name 0 0 0
1580 4791 41 16 Name 0 0 0
4106 6830 61 16 Name 0 0 0
5999 6301 63 16 Name 0 0 0
3880 3034 61 16 Name 0 0 0
4607 3358 36 16 Name 0 0 0
653 6280 49 16 Name 0 0 0
2682 6841 46 16 Name 0 0 0
3250 3066 35 16 Name 0 0 0
2097 503 47 16 Name 0 0 0
5773 4633 61 16 Name 0 0 0
2994 1325 52 16 Name 0 0 0
7177 3383 44 16 Name 0 0 0
168 4558 63 16 Name 0 0 0
7681 3951 59 16 Name 0 0 0
5206 3964 56 16 Name 0 0 0
2571 3841 55 16 Name 0 0 0
1607 3972 34 16 Name 0 0 0
3 2002 47 16 Name 0 0 0
3325 3004 57 16 Name 0 0 0
6760 2234 60 16 Name 0 0 0
6446 3701 34 16 Name 0 0 0
3553 6251 35 16 Name 0 0 0
5410 2052 51 16 Name 0 0 0
1905 3038 48 16 Name 0 0 0
1323 1325 55 16 Name 0 0 0
867 5643 33 16 Name 0 0 0
5274 2273 54 16 Name 0 0 0
2514 3376 51 16 Name 0 0 0
3047 3094 58 16 Name 0 0 0
5068 7305 54 16 Name 0 0 0
5229 2624 40 16 Name 0 0 0
3122 3007 53 16 Name 0 0 0
6857 2291 50 16 Name 0 0 0
3709 2395 52 16 Name 0 0 0
5163 6092 36 16 Name 0 0 0
3591 4116 42 16 Name 0 0 0
4281 4272 35 16 Name 0 0 0
1661 4068 56 16 Name 0 0 0
4218 7618 51 16 Name 0 0 0
7909 5807 52 16 Name 0 0 0
5038 3713 64 16 Name 0 0 0
1387 4392 42 16 Name 0 0 0
1884 5996 63 16 Name 0 0 0
1862 2100 63 16 Name 0 0 0
5390 5480 55 16 Name 0 0 0
4027 1084 56 16 Name 0 0 0
7870 5088 56 16 Name 0 0 0
3084 5442 44 16 Name 0 0 0
5980 7876 56 16 Name 0 0 0
6424 78 63 16 Name 0 0 0
5759 888 51 16 Name 0 0 0
4528 4455 64 16 Name 0 0 0
6185 5954 61 16 Name 0 0 0
5336 2285 47 16 Name 0 0 0
1400 7249 61 16 Name 0 0 0
3182 3246 36 16 Name 0 0 0
1904 7800 47 16 Name 0 0 0
333 211 34 16 Name 0 0 0
7200 6615 61 16 Name 0 0 0
2881 469 54 16 Name 0 0 0
2360 3618 57 16 Name 0 0 0
6163 4631 47 16 Name 0 0 0
4388 2298 51 16 Name 0 0 0
6846 1832 45 16 Name 0 0 0
5559 6610 41 16 Name 0 0 0
4280 3543 61 16 Name 0 0 0
2304 2755 32 16 Name 0 0 0
5164 3831 46 16 Name 0 0 0
6318 7688 63 16 Name 0 0 0
5766 211 44 16 Name 0 0 0
3887 416 47 16 Name 0 0 0
424 3222 55 16 Name 0 0 0
7949 5223 51 16 Name 0 0 0
7368 997 46 16 Name 0 0 0
7209 4461 51 16 Name 0 0 0
2281 3677 35 16 Name 0 0 0
4124 1460 63 16 Name 0 0 0
1491 7302 50 16 Name 0 0 0
4403 1384 61 16 Name 0 0 0
2546 2823 43 16 Name 0 0 0
3167 6026 62 16 Name 0 0 0
1741 6260 49 16 Name 0 0 0
6767 769 48 16 Name 0 0 0
46 1901 55 16 Name 0 0 0
4094 7129 51 16 Name 0 0 0
103 7184 62 16 Name 0 0 0
634 7982 54 16 Name 0 0 0
6538 5450 48 16 Name 0 0 0
3677 5699 37 16 Name 0 0 0
2974 4097 40 16 Name 0 0 0
2657 616 50 16 Name 0 0 0
4768 4831 36 16 Name 0 0 0
9 3585 37 16 Name 0 0 0
7702 6004 54 16 Name 0 0 0
3175 2131 37 16 Name 0 0 0
5612 2527 51 16 Name 0 0 0
5329 2504 49 16 Name 0 0 0
8033 3544 40 16 Name 0 0 0
3703 7775 62 16 Name 0 0 0
1757 763 48 16 Name 0 0 0
2539 1885 58 16 Name 0 0 0
4760 210 56 16 Name 0 0 0
6466 7452 53 16 Name 0 0 0
1266 463 49 16 Name 0 0 0
6763 4906 63 16 Name 0 0 0
4282 5941 62 16 Name 0 0 0
7526 6697 58 16 Name 0 0 0
8068 5210 52 16 Name 0 0 0
5155 3294 41 16 Name 0 0 0
8048 4303 55 16 Name 0 0 0
622 3405 41 16 Name 0 0 0
4122 6931 48 16 Name 0 0 0
2995 1705 64 16 Name 0 0 0
2937 3486 56 16 Name 0 0 0
5111 5501 52 16 Name 0 0 0
4016 5787 37 16 Name 0 0 0
6403 643 51 16 Name 0 0 0
7356 4 42 16 Name 0 0 0
309 789 38 16 Name 0 0 0
6346 2995 62 16 Name 0 0 0
6392 6093 46 16 Name 0 0 0
5839 3403 44 16 Name 0 0 0
3066 3117 40 16 Name 0 0 0
591 5215 40 16 Name 0 0 0
3224 2371 34 16 Name 0 0 0
1976 5231 47 16 Name 0 0 0
1150 3532 60 16 Name 0 0 0
3265 446 58 16 Name 0 0 0
5140 4525 45 16 Name 0 0 0
1032 4375 40 16 Name 0 0 0
5980 7877 49 16 Name 0 0 0
2394 1325 32 16 Name 0 0 0
2153 2520 60 16 Name 0 0 0
1197 3323 61 16 Name 0 0 0
5169 7317 57 16 Name 0 0 0
1813 696 54 16 Name 0 0 0
3985 5325 47 16 Name 0 0 0
6713 5237 47 16 Name 0 0 0
3889 4050 37 16 Name 0 0 0
6139 3763 49 16 Name 0 0 0
3619 1620 44 16 Name 0 0 0
7310 2372 38 16 Name 0 0 0
7443 1629 48 16 Name 0 0 0
2816 5400 50 16 Name 0 0 0
2388 5826 48 16 Name 0 0 0
4201 1897 33 16 Name 0 0 0
2839 6350 50 16 Name 0 0 0
7060 61 43 16 Name 0 0 0
3332 6897 44 16 Name 0 0 0
6532 4064 45 16 Name 0 0 0
37 3170 59 16 Name 0 0 0
4746 2400 42 16 Name 0 0 0
3493 5088 37 16 Name 0 0 0
2016 638 43 16 Name 0 0 0
3968 6837 43 16 Name 0 0 0
1749 4720 48 16 Name 0 0 0
2710 2402 43 16 Name 0 0 0
3771 7410 41 16 Name 0 0 0
5514 2172 58 16 Name 0 0 0
5174 6086 47 16 Name 0 0 0
2965 3813 47 16 Name 0 0 0
3187 6172 51 16 Name 0 0 0
8101 3902 63 16 Name 0 0 0
6797 774 54 16 Name 0 0 0
467 5110 53 16 Name 0 0 0
6689 6800 58 16 Name 0 0 0
1065 269 43 16 Name 0 0 0
892 5928 54 16 Name 0 0 0
3868 4218 44 16 Name 0 0 0
1973 236 39 16 Name 0 0 0
6735 7230 44 16 Name 0 0 0
7651 3441 51 16 Name 0 0 0
6095 362 61 16 Name 0 0 0
2995 2410 60 16 Name 0 0 0
2755 2115 50 16 Name 0 0 0
5150 1115 50 16 Name 0 0 0
5897 140 48 16 Name 0 0 0
3607 6368 50 16 Name 0 0 0
6602 6017 40 16 Name 0 0 0
3290 495 47 16 Name 0 0 0
5539 2790 57 16 Name 0 0 0
1392 5358 44 16 Name 0 0 0
2533 1676 39 16 Name 0 0 0
7713 3088 36 16 Name 0 0 0
3332 178 55 16 Name 0 0 0
1515 500 33 16 Name 0 0 0
1291 6178 64 16 Name 0 0 0
1572 7952 36 16 Name 0 0 0
5758 5312 43 16 Name 0 0 0
3873 492 61 16 Name 0 0 0
2335 7172 35 16 Name 0 0 0
7476 30 63 16 Name 0 0 0
7371 3031 45 16 Name 0 0 0
3291 1740 60 16 Name 0 0 0
3884 6718 47 16 Name 0 0 0
5363 3060 44 16 Name 0 0 0
3689 634 42 16 Name 0 0 0
5781 3648 37 16 Name 0 0 0
2252 6233 64 16 Name 0 0 0
7681 3188 42 16 Name 0 0 0
3686 7253 52 16 Name 0 0 0
1537 7371 55 16 Name 0 0 0
2933 1579 55 16 Name 0 0 0
1235 6662 34 16 Name 0 0 0
8002 5820 64 16 Name 0 0 0
4075 527 57 16 Name 0 0 0
7534 6156 52 16 Name 0 0 0
7084 1074 33 16 Name 0 0 0
3896 2690 55 16 Name 0 0 0
7100 5065 42 16 Name 0 0 0
974 5505 56 16 Name 0 0 0
6001 869 42 16 Name 0 0 0
7668 1150 41 16 Name 0 0 0
4077 5019 37 16 Name 0 0 0
1044 5856 54 16 Name 0 0 0
3220 1966 43 16 Name 0 0 0
560 5393 59 16 Name 0 0 0
2086 3796 59 16 Name 0 0 0
5123 6032 59 16 Name 0 0 0
7473 2093 41 16 Name 0 0 0
3323 2147 54 16 Name 0 0 0
6675 2338 56 16 Name 0 0 0
244 1826 54 16 Name 0 0 0
4293 4972 56 16 Name 0 0 0
1317 3922 63 16 Name 0 0 0
8005 2520 63 16 Name 0 0 0
1269 4276 52 16 Name 0 0 0
8174 6969 32 16 Name 0 0 0
7623 2286 35 16 Name 0 0 0
4072 970 43 16 Name 0 0 0
1054 6904 40 16 Name 0 0 0
2879 232 50 16 Name 0 0 0
3954 6778 54 16 Name 0 0 0
6536 1736 64 16 Name 0 0 0
1519 7845 46 16 Name 0 0 0
6541 7384 49 16 Name 0 0 0
8070 565 58 16 Name 0 0 0
1532 2909 53 16 Name 0 0 0
4866 4334 45 16 Name 0 0 0
562 7221 61 16 Name 0 0 0
3506 2507 33 16 Name 0 0 0
4047 4454 59 16 Name 0 0 0
4925 1276 47 16 Name 0 0 0
2156 1555 45 16 Name 0 0 0
6382 4519 56 16 Name 0 0 0
3147 996 58 16 Name 0 0 0
7661 3848 50 16 Name 0 0 0
5363 289 48 16 Name 0 0 0
22 5771 60 16 Name 0 0 0
676 450 59 16 Name 0 0 0
6946 3108 38 16 Name 0 0 0
1521 483 59 16 Name 0 0 0
3507 1302 47 16 Name 0 0 0
328 7127 44 16 Name 0 0 0
6999 4139 36 16 Name 0 0 0
8060 8031 56 16 Name 0 0 0
6052 1180 53 16 Name 0 0 0
5560 3383 50 16 Name 0 0 0
3868 8098 46 16 Name 0 0 0
1485 408 34 16 Name 0 0 0
1328 2177 61 16 Name 0 0 0
546 1085 61 16 Name 0 0 0
7188 6747 60 16 Name 0 0 0
1896 5925 50 16 Name 0 0 0
2189 1029 38 16 Name 0 0 0
4856 792 51 16 Name 0 0 0
287 1712 61 16 Name 0 0 0
3588 3780 60 16 Name 0 0 0
1032 1637 46 16 Name 0 0 0
3816 820 49 16 Name 0 0 0
7814 1240 43 16 Name 0 0 0
1236 4711 56 16 Name 0 0 0
5456 7481 46 16 Name 0 0 0
7977 5985 32 16 Name 0 0 0
3153 1622 43 16 Name 0 0 0
5747 327 58 16 Name 0 0 0
5552 1899 50 16 Name 0 0 0
2879 6792 63 16 Name 0 0 0
3300 429 60 16 Name 0 0 0
2369 3636 48 16 Name 0 0 0
7162 6619 38 16 Name 0 0 0
2361 4268 48 16 Name 0 0 0
1811 5584 60 16 Name 0 0 0
546 2763 49 16 Name 0 0 0
103 7835 53 16 Name 0 0 0
2780 8090 62 16 Name 0 0 0
6039 6588 33 16 Name 0 0 0
1619 7689 57 16 Name 0 0 0
6906 1555 41 16 Name 0 0 0
3468 1460 59 16 Name 0 0 0
6265 2186 39 16 Name 0 0 0
487 4600 52 16 Name 0 0 0
7253 6547 60 16 Name 0 0 0
6224 2485 58 16 Name 0 0 0
2729 5676 60 16 Name 0 0 0
6520 6053 64 16 Name 0 0 0
4295 5702 59 16 Name 0 0 0
1264 4161 43 16 Name 0 0 0
7125 5752 38 16 Name 0 0 0
3707 5872 58 16 Name 0 0 0
5218 1812 52 16 Name 0 0 0
1728 2774 44 16 Name 0 0 0
445 6033 37 16 Name 0 0 0
7012 3420 38 16 Name 0 0 0
781 2687 48 16 Name 0 0 0
7361 174 50 16 Name 0 0 0
4633 5587 46 16 Name 0 0 0
5758 4395 34 16 Name 0 0 0
1157 2469 36 16 Name 0 0 0
989 5245 53 16 Name 0 0 0
1307 7051 58 16 Name 0 0 0
3620 1719 39 16 Name 0 0 0
5919 6711 35 16 Name 0 0 0
5824 6821 33 16 Name 0 0 0
1673 1035 62 16 Name 0 0 0
7305 2924 39 16 Name 0 0 0
4676 1059 46 16 Name 0 0 0
4418 5204 61 16 Name 0 0 0
7791 5955 57 16 Name 0 0 0
7977 1044 63 16 Name 0 0 0
6610 986 49 16 Name 0 0 0
7249 883 42 16 Name 0 0 0
2595 3151 57 16 Name 0 0 0
4475 4031 41 16 Name 0 0 0
6458 8002 46 16 Name 0 0 0
4376 3094 39 16 Name 0 0 0
1155 4291 40 16 Name 0 0 0
6221 4284 44 16 Name 0 0 0
1106 6398 39 16 Name 0 0 0
6203 7094 52 16 Name 0 0 0
5779 7772 46 16 Name 0 0 0
5167 1638 64 16 Name 0 0 0
1460 2905 51 16 Name 0 0 0
7991 3961 47 16 Name 0 0 0
5668 4040 46 16 Name 0 0 0
1844 5064 38 16 Name 0 0 0
542 1886 61 16 Name 0 0 0
2690 5361 49 16 Name 0 0 0
4356 4205 34 16 Name 0 0 0
5131 7003 43 16 Name 0 0 0
7334 212 46 16 Name 0 0 0
1321 6319 59 16 Name 0 0 0
4954 4263 53 16 Name 0 0 0
6667 3183 50 16 Name 0 0 0
368 6205 45 16 Name 0 0 0
474 2250 61 16 Name 0 0 0
3513 460 43 16 Name 0 0 0
5914 152 55 16 Name 0 0 0
6077 4953 63 16 Name 0 0 0
6848 64 39 16 Name 0 0 0
7255 2289 49 16 Name 0 0 0
5252 1832 40 16 Name 0 0 0
1320 1677 50 16 Name 0 0 0
2159 4454 44 16 Name 0 0 0
4396 2627 61 16 Name 0 0 0
684 4122 44 16 Name 0 0 0
329 4758 60 16 Name 0 0 0
4125 6166 36 16 Name 0 0 0
1782 4575 39 16 Name 0 0 0
6402 5714 59 16 Name 0 0 0
7695 6907 35 16 Name 0 0 0
5756 2167 54 16 Name 0 0 0
5541 4694 35 16 Name 0 0 0
7267 3256 56 16 Name 0 0 0
5774 4990 44 16 Name 0 0 0
131 487 56 16 Name 0 0 0
1140 6295 55 16 Name 0 0 0
883 4403 56 16 Name 0 0 0
724 4300 47 16 Name 0 0 0
2377 936 35 16 Name 0 0 0
865 5191 62 16 Name 0 0 0
1136 2172 42 16 Name 0 0 0
6668 5774 39 16 Name 0 0 0
378 4827 34 16 Name 0 0 0
5732 7307 53 16 Name 0 0 0
x-Min=0
x-Max=8192
y-Min=0
y-Max=8192
min label height=16.0
max label height=16.0
min label width=32.0
max label width=64.0
