1024
11008 12426 1643 32 Name 0 0 0
13717 8365 1031 32 Name 0 0 0
12189 7724 1084 32 Name 0 0 0
12949 1604 209 32 Name 0 0 0
822 11629 1697 32 Name 0 0 0
8926 453 1844 32 Name 0 0 0
8921 12680 432 32 Name 0 0 0
7727 14842 205 32 Name 0 0 0
4164 7814 586 32 Name 0 0 0
6166 14900 984 32 Name 0 0 0
3799 15487 2022 32 Name 0 0 0
1926 9739 1392 32 Name 0 0 0
14177 8129 242 32 Name 0 0 0
3279 6743 1921 32 Name 0 0 0
222 6597 1869 32 Name 0 0 0
3761 13613 521 32 Name 0 0 0
7233 33 1291 32 Name 0 0 0
7290 15964 454 32 Name 0 0 0
5234 11150 1740 32 Name 0 0 0
15676 16148 1916 32 Name 0 0 0
12086 11127 597 32 Name 0 0 0
3060 3864 1782 32 Name 0 0 0
12359 12422 960 32 Name 0 0 0
7647 1721 762 32 Name 0 0 0
5565 10913 1771 32 Name 0 0 0
8295 12226 1147 32 Name 0 0 0
10846 6642 1521 32 Name 0 0 0
8142 4630 279 32 Name 0 0 0
8619 6928 1493 32 Name 0 0 0
6211 11023 818 32 Name 0 0 0
9866 5037 1023 32 Name 0 0 0
9753 16001 1533 32 Name 0 0 0
321 4346 1906 32 Name 0 0 0
8120 15931 972 32 Name 0 0 0
291 12092 133 32 Name 0 0 0
1724 4019 267 32 Name 0 0 0
579 7224 948 32 Name 0 0 0
10783 8479 922 32 Name 0 0 0
7638 969 297 32 Name 0 0 0
1985 8577 1650 32 Name 0 0 0
13950 13510 1271 32 Name 0 0 0
10771 14403 2019 32 Name 0 0 0
2098 1727 185 32 Name 0 0 0
4726 908 1432 32 Name 0 0 0
2291 3017 1972 32 Name 0 0 0
732 758 600 32 Name 0 0 0
5667 6906 282 32 Name 0 0 0
11258 10365 420 32 Name 0 0 0
9931 10169 725 32 Name 0 0 0
8349 2343 429 32 Name 0 0 0
12470 10460 509 32 Name 0 0 0
5208 9504 655 32 Name 0 0 0
405 9535 1057 32 Name 0 0 0
3826 12546 1707 32 Name 0 0 0
10246 7353 996 32 Name 0 0 0
5035 14741 2000 32 Name 0 0 0
13019 12751 1110 32 Name 0 0 0
8788 12240 272 32 Name 0 0 0
10246 7501 260 32 Name 0 0 0
4105 2739 1944 32 Name 0 0 0
8664 2567 1951 32 Name 0 0 0
15899 1606 1896 32 Name 0 0 0
11646 13193 1855 32 Name 0 0 0
12098 7439 1706 32 Name 0 0 0
3085 5158 814 32 Name 0 0 0
3453 12652 1816 32 Name 0 0 0
15173 12468 80 32 Name 0 0 0
12646 10559 622 32 Name 0 0 0
224 1477 1743 32 Name 0 0 0
15406 4757 1781 32 Name 0 0 0
11474 8006 167 32 Name 0 0 0
15982 11178 693 32 Name 0 0 0
9640 10298 301 32 Name 0 0 0
36 12032 2043 32 Name 0 0 0
13792 14381 561 32 Name 0 0 0
7195 2035 250 32 Name 0 0 0
13127 3987 737 32 Name 0 0 0
937 16224 819 32 Name 0 0 0
3052 13208 666 32 Name 0 0 0
1701 6250 1569 32 Name 0 0 0
15197 15187 1151 32 Name 0 0 0
281 6533 574 32 Name 0 0 0
6918 11168 1631 32 Name 0 0 0
10565 14788 360 32 Name 0 0 0
14577 380 1299 32 Name 0 0 0
4870 13113 1823 32 Name 0 0 0
7813 7723 662 32 Name 0 0 0
2772 7236 918 32 Name 0 0 0
4593 5394 1079 32 Name 0 0 0
11234 8739 1305 32 Name 0 0 0
6946 5680 369 32 Name 0 0 0
13316 10052 349 32 Name 0 0 0
6061 14706 838 32 Name 0 0 0
14531 10335 849 32 Name 0 0 0
15817 5379 1278 32 Name 0 0 0
8436 4204 1875 32 Name 0 0 0
8482 8306 1316 32 Name 0 0 0
16013 6740 1781 32 Name 0 0 0
5594 13649 1913 32 Name 0 0 0
8403 9487 1486 32 Name 0 0 0
3439 511 1438 32 Name 0 0 0
6148 3797 558 32 Name 0 0 0
368 9356 1421 32 Name 0 0 0
13692 9071 855 32 Name 0 0 0
1715 11147 1080 32 Name 0 0 0
12347 3164 219 32 Name 0 0 0
9161 6133 270 32 Name 0 0 0
6601 2446 1240 32 Name 0 0 0
11914 667 1977 32 Name 0 0 0
3678 6183 405 32 Name 0 0 0
15786 6730 748 32 Name 0 0 0
3901 5503 1727 32 Name 0 0 0
7757 5980 1108 32 Name 0 0 0
8547 10159 1893 32 Name 0 0 0
15369 13978 1222 32 Name 0 0 0
7192 5923 1173 32 Name 0 0 0
10883 1866 1328 32 Name 0 0 0
5376 9148 1020 32 Name 0 0 0
2055 39 2041 32 Name 0 0 0
3930 15775 1859 32 Name 0 0 0
5511 1 76 32 Name 0 0 0
14923 12309 1457 32 Name 0 0 0
9630 7269 732 32 Name 0 0 0
907 4240 755 32 Name 0 0 0
11756 5623 817 32 Name 0 0 0
13793 16243 1520 32 Name 0 0 0
8462 7412 975 32 Name 0 0 0
8994 8678 1808 32 Name 0 0 0
12670 10852 1144 32 Name 0 0 0
3890 11840 1958 32 Name 0 0 0
13064 1193 1659 32 Name 0 0 0
184 15244 1001 32 Name 0 0 0
9687 8604 1711 32 Name 0 0 0
5516 10833 1870 32 Name 0 0 0
1594 11982 1281 32 Name 0 0 0
5392 15831 1670 32 Name 0 0 0
2611 9213 270 32 Name 0 0 0
1629 9722 1714 32 Name 0 0 0
5982 1481 1900 32 Name 0 0 0
2696 1493 631 32 Name 0 0 0
10225 2386 732 32 Name 0 0 0
9779 12981 463 32 Name 0 0 0
1028 1197 1690 32 Name 0 0 0
3593 6566 2028 32 Name 0 0 0
8652 11615 1282 32 Name 0 0 0
108 13762 893 32 Name 0 0 0
10081 16008 1537 32 Name 0 0 0
11665 14099 1236 32 Name 0 0 0
15749 7558 402 32 Name 0 0 0
14719 2672 2038 32 Name 0 0 0
4939 15094 1069 32 Name 0 0 0
6074 1293 375 32 Name 0 0 0
4255 8937 1003 32 Name 0 0 0
9906 14510 1807 32 Name 0 0 0
15426 13119 532 32 Name 0 0 0
12753 10464 1761 32 Name 0 0 0
2890 11360 395 32 Name 0 0 0
3439 13183 897 32 Name 0 0 0
13455 8289 824 32 Name 0 0 0
8091 11875 148 32 Name 0 0 0
8647 32 1531 32 Name 0 0 0
3676 3946 948 32 Name 0 0 0
6886 5458 125 32 Name 0 0 0
7591 8748 1737 32 Name 0 0 0
3758 5505 1739 32 Name 0 0 0
9456 12321 1987 32 Name 0 0 0
11999 4001 524 32 Name 0 0 0
11155 14402 1762 32 Name 0 0 0
15368 15157 576 32 Name 0 0 0
4058 10196 1562 32 Name 0 0 0
14765 15550 1158 32 Name 0 0 0
10511 13452 67 32 Name 0 0 0
657 2051 241 32 Name 0 0 0
14449 5916 1091 32 Name 0 0 0
12436 7746 968 32 Name 0 0 0
9500 10645 1360 32 Name 0 0 0
2967 8237 408 32 Name 0 0 0
16195 9937 1001 32 Name 0 0 0
12938 10865 177 32 Name 0 0 0
11202 6205 349 32 Name 0 0 0
213 6209 471 32 Name 0 0 0
15521 372 75 32 Name 0 0 0
10412 1795 601 32 Name 0 0 0
13154 8925 936 32 Name 0 0 0
7401 961 810 32 Name 0 0 0
15998 8693 1554 32 Name 0 0 0
620 440 1162 32 Name 0 0 0
14814 3345 1609 32 Name 0 0 0
3744 5573 1360 32 Name 0 0 0
1090 6631 765 32 Name 0 0 0
12321 3077 1232 32 Name 0 0 0
6953 14372 1485 32 Name 0 0 0
99 2132 574 32 Name 0 0 0
11822 107 219 32 Name 0 0 0
11911 4099 605 32 Name 0 0 0
1417 6840 474 32 Name 0 0 0
10201 5744 1315 32 Name 0 0 0
4625 14817 1157 32 Name 0 0 0
876 10306 2009 32 Name 0 0 0
8463 7583 992 32 Name 0 0 0
14675 8779 310 32 Name 0 0 0
12757 6142 697 32 Name 0 0 0
1793 13985 1299 32 Name 0 0 0
5270 4352 1136 32 Name 0 0 0
15025 7142 657 32 Name 0 0 0
5101 7893 1714 32 Name 0 0 0
7413 9321 736 32 Name 0 0 0
12232 12805 1357 32 Name 0 0 0
5367 16365 1337 32 Name 0 0 0
15735 3026 1745 32 Name 0 0 0
456 5275 1840 32 Name 0 0 0
11296 12862 1564 32 Name 0 0 0
4210 8692 148 32 Name 0 0 0
7905 10104 1247 32 Name 0 0 0
4167 4756 676 32 Name 0 0 0
12076 14207 753 32 Name 0 0 0
8166 7736 358 32 Name 0 0 0
932 6691 301 32 Name 0 0 0
6089 15811 1425 32 Name 0 0 0
5431 15327 596 32 Name 0 0 0
7019 10974 683 32 Name 0 0 0
3061 9922 916 32 Name 0 0 0
15651 8829 821 32 Name 0 0 0
16039 11018 1196 32 Name 0 0 0
6964 1782 1563 32 Name 0 0 0
10879 14956 275 32 Name 0 0 0
5240 7421 1970 32 Name 0 0 0
14443 2339 232 32 Name 0 0 0
2947 13288 1984 32 Name 0 0 0
12420 1724 328 32 Name 0 0 0
8229 5119 191 32 Name 0 0 0
6841 12231 1334 32 Name 0 0 0
15681 136 1966 32 Name 0 0 0
2991 813 2001 32 Name 0 0 0
6139 3427 863 32 Name 0 0 0
1988 12855 487 32 Name 0 0 0
1541 10070 1034 32 Name 0 0 0
9779 3524 1916 32 Name 0 0 0
2078 8181 1312 32 Name 0 0 0
7104 15202 1387 32 Name 0 0 0
5395 3063 623 32 Name 0 0 0
8761 6954 1331 32 Name 0 0 0
11290 14963 239 32 Name 0 0 0
10960 14230 1587 32 Name 0 0 0
11814 15741 102 32 Name 0 0 0
515 9751 295 32 Name 0 0 0
15872 524 1707 32 Name 0 0 0
7729 11663 1882 32 Name 0 0 0
1339 618 1321 32 Name 0 0 0
10887 15969 1716 32 Name 0 0 0
8384 3192 260 32 Name 0 0 0
4968 11000 728 32 Name 0 0 0
10709 3173 912 32 Name 0 0 0
15076 10248 1366 32 Name 0 0 0
10935 14796 1618 32 Name 0 0 0
8355 403 1892 32 Name 0 0 0
9375 10020 1689 32 Name 0 0 0
5410 6965 259 32 Name 0 0 0
5119 10779 1911 32 Name 0 0 0
10302 9587 935 32 Name 0 0 0
1981 11882 1134 32 Name 0 0 0
13057 2839 1949 32 Name 0 0 0
1252 15949 1810 32 Name 0 0 0
6269 12951 248 32 Name 0 0 0
11721 1876 147 32 Name 0 0 0
9357 13414 100 32 Name 0 0 0
9504 3916 317 32 Name 0 0 0
15667 13057 354 32 Name 0 0 0
5957 12152 965 32 Name 0 0 0
8016 15692 1267 32 Name 0 0 0
3704 15550 602 32 Name 0 0 0
7695 7375 521 32 Name 0 0 0
4434 14925 275 32 Name 0 0 0
9180 8304 1802 32 Name 0 0 0
15313 6526 392 32 Name 0 0 0
11954 4340 251 32 Name 0 0 0
6618 2682 530 32 Name 0 0 0
9999 10802 286 32 Name 0 0 0
11046 3885 101 32 Name 0 0 0
12070 5620 408 32 Name 0 0 0
6012 12383 1952 32 Name 0 0 0
15217 2994 1800 32 Name 0 0 0
9419 12507 1407 32 Name 0 0 0
11711 9060 1204 32 Name 0 0 0
5672 505 1898 32 Name 0 0 0
8982 3086 1022 32 Name 0 0 0
6296 14916 1395 32 Name 0 0 0
3025 15788 1724 32 Name 0 0 0
12731 11150 489 32 Name 0 0 0
9940 7140 819 32 Name 0 0 0
110 6554 465 32 Name 0 0 0
5630 3545 1505 32 Name 0 0 0
2524 12880 1459 32 Name 0 0 0
14271 10148 1867 32 Name 0 0 0
15374 1807 290 32 Name 0 0 0
12329 6197 1776 32 Name 0 0 0
7943 11534 1178 32 Name 0 0 0
7776 2437 660 32 Name 0 0 0
3536 3113 1740 32 Name 0 0 0
10299 9746 1541 32 Name 0 0 0
530 3478 1892 32 Name 0 0 0
14726 9380 1239 32 Name 0 0 0
11342 11790 279 32 Name 0 0 0
10485 2012 1592 32 Name 0 0 0
6944 7332 1358 32 Name 0 0 0
8943 13881 1221 32 Name 0 0 0
1967 3060 801 32 Name 0 0 0
829 10628 150 32 Name 0 0 0
6225 11918 456 32 Name 0 0 0
5393 7377 492 32 Name 0 0 0
6450 9840 1528 32 Name 0 0 0
11893 2188 1357 32 Name 0 0 0
10749 12622 128 32 Name 0 0 0
11232 5210 500 32 Name 0 0 0
12918 10028 1206 32 Name 0 0 0
3060 14741 634 32 Name 0 0 0
5101 6213 143 32 Name 0 0 0
5186 10506 1638 32 Name 0 0 0
12085 5404 1257 32 Name 0 0 0
3490 15176 1847 32 Name 0 0 0
2544 11379 1214 32 Name 0 0 0
1915 12092 1491 32 Name 0 0 0
4418 16197 236 32 Name 0 0 0
7102 8416 1241 32 Name 0 0 0
4941 1792 716 32 Name 0 0 0
14810 5091 494 32 Name 0 0 0
4991 15766 1215 32 Name 0 0 0
14265 13111 913 32 Name 0 0 0
10101 10152 589 32 Name 0 0 0
15672 4243 83 32 Name 0 0 0
7061 13985 371 32 Name 0 0 0
13699 6113 930 32 Name 0 0 0
3307 8628 198 32 Name 0 0 0
13971 14463 475 32 Name 0 0 0
11355 15553 1017 32 Name 0 0 0
11630 9463 994 32 Name 0 0 0
1395 11221 1048 32 Name 0 0 0
1269 13760 1239 32 Name 0 0 0
5080 15211 922 32 Name 0 0 0
15520 13794 1006 32 Name 0 0 0
14805 6440 214 32 Name 0 0 0
15012 13520 1198 32 Name 0 0 0
3382 5263 913 32 Name 0 0 0
10743 1187 1153 32 Name 0 0 0
11133 16320 1334 32 Name 0 0 0
11614 2777 246 32 Name 0 0 0
12794 13809 1475 32 Name 0 0 0
12058 11469 743 32 Name 0 0 0
11445 8673 1658 32 Name 0 0 0
5806 14319 965 32 Name 0 0 0
12887 5234 1094 32 Name 0 0 0
10726 777 245 32 Name 0 0 0
8261 15560 359 32 Name 0 0 0
7203 10235 1428 32 Name 0 0 0
5822 1984 291 32 Name 0 0 0
8123 3855 900 32 Name 0 0 0
1562 40 1198 32 Name 0 0 0
15495 10876 1451 32 Name 0 0 0
6869 13813 1681 32 Name 0 0 0
8150 2609 1785 32 Name 0 0 0
5755 3268 1144 32 Name 0 0 0
15952 2980 1879 32 Name 0 0 0
10303 8918 455 32 Name 0 0 0
15158 10696 964 32 Name 0 0 0
6486 13090 606 32 Name 0 0 0
4310 2224 1891 32 Name 0 0 0
7134 2145 955 32 Name 0 0 0
2545 12713 690 32 Name 0 0 0
1647 4293 656 32 Name 0 0 0
9050 5749 600 32 Name 0 0 0
7684 7693 1471 32 Name 0 0 0
1663 9316 1595 32 Name 0 0 0
10426 9870 175 32 Name 0 0 0
12997 4518 405 32 Name 0 0 0
15058 17 1801 32 Name 0 0 0
12991 5958 991 32 Name 0 0 0
11170 15061 1262 32 Name 0 0 0
2623 12803 2013 32 Name 0 0 0
3142 7191 787 32 Name 0 0 0
11637 10235 1987 32 Name 0 0 0
14821 8758 1745 32 Name 0 0 0
13867 3243 1987 32 Name 0 0 0
6047 14872 955 32 Name 0 0 0
3726 933 337 32 Name 0 0 0
5219 7188 322 32 Name 0 0 0
13178 16284 1388 32 Name 0 0 0
1822 11255 224 32 Name 0 0 0
3869 10294 219 32 Name 0 0 0
10589 67 1229 32 Name 0 0 0
1664 4956 1672 32 Name 0 0 0
4911 10000 1980 32 Name 0 0 0
9505 7031 152 32 Name 0 0 0
15329 2148 216 32 Name 0 0 0
13931 7565 72 32 Name 0 0 0
12456 3052 312 32 Name 0 0 0
1521 3262 1645 32 Name 0 0 0
5027 7892 1499 32 Name 0 0 0
650 12594 1626 32 Name 0 0 0
15145 8769 1367 32 Name 0 0 0
642 7310 621 32 Name 0 0 0
13788 10281 191 32 Name 0 0 0
2071 9464 792 32 Name 0 0 0
1436 10881 1930 32 Name 0 0 0
3809 2759 1048 32 Name 0 0 0
1786 7946 154 32 Name 0 0 0
1939 11008 1732 32 Name 0 0 0
11219 5312 1153 32 Name 0 0 0
349 12200 1380 32 Name 0 0 0
855 14877 911 32 Name 0 0 0
5421 10113 402 32 Name 0 0 0
16358 566 443 32 Name 0 0 0
7370 11493 336 32 Name 0 0 0
8127 2458 516 32 Name 0 0 0
7827 996 1128 32 Name 0 0 0
2012 13339 1091 32 Name 0 0 0
8084 14919 1053 32 Name 0 0 0
16095 13817 1825 32 Name 0 0 0
9366 1788 2024 32 Name 0 0 0
6252 12067 1100 32 Name 0 0 0
5580 2488 475 32 Name 0 0 0
5969 11409 118 32 Name 0 0 0
3057 10292 1975 32 Name 0 0 0
15488 15885 1675 32 Name 0 0 0
3695 15296 459 32 Name 0 0 0
8542 15396 1847 32 Name 0 0 0
12040 8443 1021 32 Name 0 0 0
11027 11965 1332 32 Name 0 0 0
2816 4199 956 32 Name 0 0 0
2858 6195 1219 32 Name 0 0 0
7023 3630 627 32 Name 0 0 0
11593 12336 659 32 Name 0 0 0
14047 3654 605 32 Name 0 0 0
4368 13589 88 32 Name 0 0 0
10541 10942 685 32 Name 0 0 0
14546 361 636 32 Name 0 0 0
9308 129 1263 32 Name 0 0 0
5605 12206 73 32 Name 0 0 0
15773 5594 765 32 Name 0 0 0
8522 15833 1878 32 Name 0 0 0
14958 3221 753 32 Name 0 0 0
14828 15396 910 32 Name 0 0 0
8132 1724 1511 32 Name 0 0 0
8590 10202 1421 32 Name 0 0 0
13640 6597 249 32 Name 0 0 0
5932 14279 2020 32 Name 0 0 0
10131 4820 1627 32 Name 0 0 0
2120 10651 505 32 Name 0 0 0
14120 13439 1305 32 Name 0 0 0
1660 6994 154 32 Name 0 0 0
3404 13730 742 32 Name 0 0 0
803 5320 372 32 Name 0 0 0
800 12122 1408 32 Name 0 0 0
16125 13217 335 32 Name 0 0 0
467 5979 578 32 Name 0 0 0
9620 13279 787 32 Name 0 0 0
13056 4267 2032 32 Name 0 0 0
8601 9258 625 32 Name 0 0 0
12377 15640 634 32 Name 0 0 0
2934 5694 802 32 Name 0 0 0
12383 14126 1109 32 Name 0 0 0
15500 5532 1359 32 Name 0 0 0
4682 13056 1052 32 Name 0 0 0
13504 11918 344 32 Name 0 0 0
12299 15072 1702 32 Name 0 0 0
1 4014 565 32 Name 0 0 0
10964 2629 618 32 Name 0 0 0
15882 11552 926 32 Name 0 0 0
2104 5320 800 32 Name 0 0 0
86 11668 939 32 Name 0 0 0
505 4998 202 32 Name 0 0 0
6034 7601 1728 32 Name 0 0 0
12792 4108 1413 32 Name 0 0 0
11701 5840 901 32 Name 0 0 0
9202 10424 1388 32 Name 0 0 0
11486 996 1871 32 Name 0 0 0
7593 9597 1723 32 Name 0 0 0
8614 4583 346 32 Name 0 0 0
11477 6157 1573 32 Name 0 0 0
6244 10921 639 32 Name 0 0 0
13293 14222 853 32 Name 0 0 0
823 6486 352 32 Name 0 0 0
6280 4849 973 32 Name 0 0 0
4840 14516 1313 32 Name 0 0 0
14021 2819 1009 32 Name 0 0 0
6844 793 884 32 Name 0 0 0
3384 4807 1536 32 Name 0 0 0
6736 6709 1881 32 Name 0 0 0
5446 12484 150 32 Name 0 0 0
3621 1213 1375 32 Name 0 0 0
6710 10748 751 32 Name 0 0 0
12833 14665 802 32 Name 0 0 0
9783 3145 1065 32 Name 0 0 0
2214 8697 1597 32 Name 0 0 0
9674 9457 1466 32 Name 0 0 0
15782 3262 938 32 Name 0 0 0
4885 12757 908 32 Name 0 0 0
7132 8318 388 32 Name 0 0 0
7974 9690 1356 32 Name 0 0 0
8140 11341 1122 32 Name 0 0 0
13204 7072 1988 32 Name 0 0 0
6256 16353 1394 32 Name 0 0 0
8931 14248 400 32 Name 0 0 0
10690 4339 1736 32 Name 0 0 0
4493 11310 1776 32 Name 0 0 0
11041 127 1117 32 Name 0 0 0
8729 10320 243 32 Name 0 0 0
12936 4180 163 32 Name 0 0 0
7559 7319 1327 32 Name 0 0 0
1744 15299 827 32 Name 0 0 0
14413 11339 512 32 Name 0 0 0
572 15639 1441 32 Name 0 0 0
2603 7967 765 32 Name 0 0 0
6846 8332 358 32 Name 0 0 0
5113 9641 197 32 Name 0 0 0
4099 4478 700 32 Name 0 0 0
1896 757 1917 32 Name 0 0 0
7698 10406 1589 32 Name 0 0 0
3935 6861 1495 32 Name 0 0 0
3937 7474 701 32 Name 0 0 0
14573 3554 1967 32 Name 0 0 0
6016 12049 730 32 Name 0 0 0
1471 1353 1896 32 Name 0 0 0
1746 13596 303 32 Name 0 0 0
14382 9275 935 32 Name 0 0 0
10113 11466 1211 32 Name 0 0 0
8684 8695 1569 32 Name 0 0 0
7098 8660 2010 32 Name 0 0 0
8233 4181 1877 32 Name 0 0 0
4300 7954 520 32 Name 0 0 0
10285 11538 1759 32 Name 0 0 0
5835 15229 793 32 Name 0 0 0
10466 7622 287 32 Name 0 0 0
10112 9764 433 32 Name 0 0 0
1470 9448 289 32 Name 0 0 0
5710 5904 456 32 Name 0 0 0
3509 15848 399 32 Name 0 0 0
14861 13426 547 32 Name 0 0 0
6839 8809 1287 32 Name 0 0 0
266 3834 1882 32 Name 0 0 0
14713 2558 710 32 Name 0 0 0
6596 4412 1120 32 Name 0 0 0
11197 1459 526 32 Name 0 0 0
3026 691 250 32 Name 0 0 0
2181 1830 661 32 Name 0 0 0
1521 12890 625 32 Name 0 0 0
5048 8550 1168 32 Name 0 0 0
6243 9089 1667 32 Name 0 0 0
13169 4057 1286 32 Name 0 0 0
7567 12141 1952 32 Name 0 0 0
11452 1752 1629 32 Name 0 0 0
6408 11510 529 32 Name 0 0 0
12740 15529 1711 32 Name 0 0 0
11289 10324 816 32 Name 0 0 0
13009 1925 711 32 Name 0 0 0
9284 14700 1101 32 Name 0 0 0
10411 6223 1249 32 Name 0 0 0
5506 9427 868 32 Name 0 0 0
1493 13827 456 32 Name 0 0 0
6934 4025 800 32 Name 0 0 0
4955 15165 1476 32 Name 0 0 0
2108 13457 204 32 Name 0 0 0
20 5254 1939 32 Name 0 0 0
2137 13591 138 32 Name 0 0 0
2513 964 980 32 Name 0 0 0
14030 12748 238 32 Name 0 0 0
1564 873 204 32 Name 0 0 0
2386 7089 1077 32 Name 0 0 0
14834 164 404 32 Name 0 0 0
12052 2584 453 32 Name 0 0 0
12211 14052 154 32 Name 0 0 0
16326 4000 215 32 Name 0 0 0
1928 11524 527 32 Name 0 0 0
10562 13677 528 32 Name 0 0 0
14598 7931 1276 32 Name 0 0 0
7852 13954 1690 32 Name 0 0 0
11073 8126 652 32 Name 0 0 0
16114 8630 1460 32 Name 0 0 0
5467 15814 1907 32 Name 0 0 0
7035 11132 1084 32 Name 0 0 0
6254 8363 233 32 Name 0 0 0
1332 5619 906 32 Name 0 0 0
3901 2259 1912 32 Name 0 0 0
15278 930 678 32 Name 0 0 0
3887 15296 1629 32 Name 0 0 0
10404 5964 549 32 Name 0 0 0
7014 7479 1766 32 Name 0 0 0
8151 15424 167 32 Name 0 0 0
7161 14932 1759 32 Name 0 0 0
12145 13549 344 32 Name 0 0 0
11302 10808 1230 32 Name 0 0 0
13306 6030 1066 32 Name 0 0 0
1152 180 1378 32 Name 0 0 0
1148 12185 1891 32 Name 0 0 0
12538 11420 1069 32 Name 0 0 0
2670 11661 264 32 Name 0 0 0
5251 15790 688 32 Name 0 0 0
11780 11225 243 32 Name 0 0 0
5986 2695 1692 32 Name 0 0 0
10783 7423 1931 32 Name 0 0 0
9427 7342 1912 32 Name 0 0 0
11927 13717 1761 32 Name 0 0 0
13588 14439 1618 32 Name 0 0 0
15436 11877 601 32 Name 0 0 0
2994 15490 379 32 Name 0 0 0
1717 5385 1816 32 Name 0 0 0
9142 5549 1582 32 Name 0 0 0
1110 763 763 32 Name 0 0 0
9529 9727 944 32 Name 0 0 0
5950 12082 93 32 Name 0 0 0
331 2743 433 32 Name 0 0 0
9641 6442 1560 32 Name 0 0 0
9621 4672 369 32 Name 0 0 0
8146 2381 1437 32 Name 0 0 0
13584 16355 1526 32 Name 0 0 0
3501 15625 1229 32 Name 0 0 0
15188 9633 1801 32 Name 0 0 0
14844 3469 511 32 Name 0 0 0
12300 14985 2040 32 Name 0 0 0
13396 1667 1865 32 Name 0 0 0
7799 6387 881 32 Name 0 0 0
12329 14070 376 32 Name 0 0 0
9163 3336 317 32 Name 0 0 0
9537 7752 1608 32 Name 0 0 0
2720 3294 1079 32 Name 0 0 0
12355 15852 1957 32 Name 0 0 0
9722 3771 1537 32 Name 0 0 0
5214 9132 1290 32 Name 0 0 0
14202 5867 1046 32 Name 0 0 0
7344 12806 192 32 Name 0 0 0
1489 11399 334 32 Name 0 0 0
4552 9327 1413 32 Name 0 0 0
13027 791 1145 32 Name 0 0 0
16046 7669 1539 32 Name 0 0 0
9957 7122 1118 32 Name 0 0 0
6290 15497 1168 32 Name 0 0 0
9159 8636 993 32 Name 0 0 0
5294 10714 689 32 Name 0 0 0
2048 7347 263 32 Name 0 0 0
6884 889 472 32 Name 0 0 0
4426 1001 1104 32 Name 0 0 0
1412 13900 465 32 Name 0 0 0
3908 14916 219 32 Name 0 0 0
7576 16187 1449 32 Name 0 0 0
7117 11619 415 32 Name 0 0 0
764 7495 84 32 Name 0 0 0
3646 12264 1724 32 Name 0 0 0
10057 6892 533 32 Name 0 0 0
10779 13670 1117 32 Name 0 0 0
9705 12228 194 32 Name 0 0 0
9677 15454 903 32 Name 0 0 0
12222 2806 85 32 Name 0 0 0
15509 8439 1009 32 Name 0 0 0
7826 5698 600 32 Name 0 0 0
2341 2567 567 32 Name 0 0 0
78 2688 1540 32 Name 0 0 0
14562 1243 1803 32 Name 0 0 0
8885 13824 548 32 Name 0 0 0
11792 9806 502 32 Name 0 0 0
7721 3842 1107 32 Name 0 0 0
2867 5757 1646 32 Name 0 0 0
12982 1153 1605 32 Name 0 0 0
15388 16290 1312 32 Name 0 0 0
9052 1992 1177 32 Name 0 0 0
6179 12085 967 32 Name 0 0 0
3767 11140 1272 32 Name 0 0 0
14444 11197 1758 32 Name 0 0 0
1111 2918 1672 32 Name 0 0 0
10769 4982 1880 32 Name 0 0 0
2808 4986 169 32 Name 0 0 0
7139 2971 481 32 Name 0 0 0
1018 1135 1733 32 Name 0 0 0
4513 14844 1655 32 Name 0 0 0
12448 5460 1252 32 Name 0 0 0
7878 16220 646 32 Name 0 0 0
10085 11878 1686 32 Name 0 0 0
12888 9548 774 32 Name 0 0 0
1961 5735 1687 32 Name 0 0 0
10258 9012 1996 32 Name 0 0 0
16092 8178 1686 32 Name 0 0 0
2242 7760 1875 32 Name 0 0 0
6822 15655 1977 32 Name 0 0 0
6818 14423 1889 32 Name 0 0 0
9652 4641 758 32 Name 0 0 0
1658 982 1623 32 Name 0 0 0
4553 1312 1923 32 Name 0 0 0
1030 1448 1913 32 Name 0 0 0
16023 14298 1515 32 Name 0 0 0
11068 5480 443 32 Name 0 0 0
8218 14390 975 32 Name 0 0 0
14042 11058 825 32 Name 0 0 0
8096 801 1321 32 Name 0 0 0
1134 3979 273 32 Name 0 0 0
4995 7068 1166 32 Name 0 0 0
9751 11130 1397 32 Name 0 0 0
14597 43 1103 32 Name 0 0 0
14040 4511 1275 32 Name 0 0 0
15131 8663 1564 32 Name 0 0 0
10857 15830 301 32 Name 0 0 0
8289 9715 1840 32 Name 0 0 0
10971 4305 652 32 Name 0 0 0
234 14583 1700 32 Name 0 0 0
6856 16207 1493 32 Name 0 0 0
12741 8997 475 32 Name 0 0 0
3734 6789 1377 32 Name 0 0 0
15983 14381 587 32 Name 0 0 0
14089 14329 1344 32 Name 0 0 0
11142 7448 764 32 Name 0 0 0
9875 5132 344 32 Name 0 0 0
10305 13034 388 32 Name 0 0 0
10463 11254 927 32 Name 0 0 0
9826 11819 615 32 Name 0 0 0
1309 1871 1403 32 Name 0 0 0
9158 3647 787 32 Name 0 0 0
11994 2304 750 32 Name 0 0 0
13252 10235 392 32 Name 0 0 0
3339 978 619 32 Name 0 0 0
1623 9436 854 32 Name 0 0 0
16375 11636 1687 32 Name 0 0 0
10140 7102 1648 32 Name 0 0 0
620 15225 1091 32 Name 0 0 0
1838 10337 1717 32 Name 0 0 0
8285 13623 1450 32 Name 0 0 0
658 11553 1722 32 Name 0 0 0
1959 10914 772 32 Name 0 0 0
7406 7556 1315 32 Name 0 0 0
11495 15847 668 32 Name 0 0 0
10304 11436 1944 32 Name 0 0 0
14180 7255 1266 32 Name 0 0 0
5225 8014 728 32 Name 0 0 0
14820 4862 1944 32 Name 0 0 0
13796 9721 135 32 Name 0 0 0
11867 1035 574 32 Name 0 0 0
9594 14060 1645 32 Name 0 0 0
8438 2907 1731 32 Name 0 0 0
6397 7898 1536 32 Name 0 0 0
11488 1555 314 32 Name 0 0 0
1929 15993 1294 32 Name 0 0 0
11927 2406 206 32 Name 0 0 0
8857 291 1564 32 Name 0 0 0
12820 4820 256 32 Name 0 0 0
6347 14938 228 32 Name 0 0 0
300 7991 2037 32 Name 0 0 0
542 4217 1819 32 Name 0 0 0
7871 12499 696 32 Name 0 0 0
450 10111 744 32 Name 0 0 0
7751 13868 2002 32 Name 0 0 0
12066 16105 1750 32 Name 0 0 0
13535 15934 2015 32 Name 0 0 0
10403 14153 516 32 Name 0 0 0
2904 13603 426 32 Name 0 0 0
3337 10420 617 32 Name 0 0 0
1189 11490 1206 32 Name 0 0 0
8030 1795 1623 32 Name 0 0 0
10617 4447 1804 32 Name 0 0 0
259 2891 1460 32 Name 0 0 0
4472 2604 388 32 Name 0 0 0
8200 191 1397 32 Name 0 0 0
13838 11757 1088 32 Name 0 0 0
12874 11941 1935 32 Name 0 0 0
5955 5228 497 32 Name 0 0 0
828 11432 1217 32 Name 0 0 0
7469 7369 622 32 Name 0 0 0
11472 1698 1751 32 Name 0 0 0
5625 11419 1215 32 Name 0 0 0
3492 11127 1382 32 Name 0 0 0
7885 4605 633 32 Name 0 0 0
7779 10294 157 32 Name 0 0 0
7002 13060 143 32 Name 0 0 0
12834 13343 890 32 Name 0 0 0
11526 11847 1666 32 Name 0 0 0
15605 3733 1895 32 Name 0 0 0
9319 2096 1060 32 Name 0 0 0
8925 12480 1998 32 Name 0 0 0
264 4153 213 32 Name 0 0 0
1060 13849 1349 32 Name 0 0 0
12986 8857 243 32 Name 0 0 0
3176 3800 1646 32 Name 0 0 0
5583 6671 1311 32 Name 0 0 0
7950 11008 452 32 Name 0 0 0
9478 1397 1676 32 Name 0 0 0
6117 231 1427 32 Name 0 0 0
756 12052 888 32 Name 0 0 0
2635 15733 1197 32 Name 0 0 0
6763 969 1412 32 Name 0 0 0
10438 10740 588 32 Name 0 0 0
529 10062 1647 32 Name 0 0 0
11212 8096 1451 32 Name 0 0 0
7148 13301 160 32 Name 0 0 0
1527 2793 192 32 Name 0 0 0
1231 13597 1863 32 Name 0 0 0
9580 14690 1922 32 Name 0 0 0
10637 3206 1743 32 Name 0 0 0
2368 5049 1618 32 Name 0 0 0
15064 4908 1565 32 Name 0 0 0
960 10637 1576 32 Name 0 0 0
10570 265 1516 32 Name 0 0 0
4495 14428 914 32 Name 0 0 0
11102 10167 557 32 Name 0 0 0
881 5145 1145 32 Name 0 0 0
15899 6110 1135 32 Name 0 0 0
5136 12142 1595 32 Name 0 0 0
11704 7654 789 32 Name 0 0 0
10988 12356 1637 32 Name 0 0 0
11366 9652 1427 32 Name 0 0 0
2422 178 162 32 Name 0 0 0
5163 4266 1835 32 Name 0 0 0
7381 10369 906 32 Name 0 0 0
9290 11607 1979 32 Name 0 0 0
12697 9909 454 32 Name 0 0 0
9561 4592 120 32 Name 0 0 0
4546 14793 1365 32 Name 0 0 0
1859 3821 1733 32 Name 0 0 0
8058 299 724 32 Name 0 0 0
14830 7576 1805 32 Name 0 0 0
10536 10767 1578 32 Name 0 0 0
16327 1631 468 32 Name 0 0 0
16286 13365 1326 32 Name 0 0 0
11893 11382 1263 32 Name 0 0 0
10689 10289 1729 32 Name 0 0 0
10032 16063 1940 32 Name 0 0 0
1231 133 1946 32 Name 0 0 0
12757 14665 435 32 Name 0 0 0
16109 13151 883 32 Name 0 0 0
3182 6266 947 32 Name 0 0 0
16352 13640 503 32 Name 0 0 0
1989 9051 748 32 Name 0 0 0
15309 12408 1581 32 Name 0 0 0
14216 15559 1592 32 Name 0 0 0
8960 12067 1024 32 Name 0 0 0
11365 3124 1789 32 Name 0 0 0
7035 9854 140 32 Name 0 0 0
1448 15766 1503 32 Name 0 0 0
10940 3278 455 32 Name 0 0 0
7189 1937 1330 32 Name 0 0 0
11431 11131 1357 32 Name 0 0 0
5804 2030 1153 32 Name 0 0 0
2296 5798 365 32 Name 0 0 0
9444 12571 1960 32 Name 0 0 0
7944 12110 1076 32 Name 0 0 0
1939 6640 1772 32 Name 0 0 0
12640 9171 578 32 Name 0 0 0
9225 2281 1552 32 Name 0 0 0
4821 1595 522 32 Name 0 0 0
13382 8980 977 32 Name 0 0 0
7124 9484 742 32 Name 0 0 0
3640 9470 1758 32 Name 0 0 0
1398 15718 1396 32 Name 0 0 0
7044 8664 191 32 Name 0 0 0
8918 16192 292 32 Name 0 0 0
2476 11899 1541 32 Name 0 0 0
72 727 139 32 Name 0 0 0
9308 14795 1514 32 Name 0 0 0
12054 12258 390 32 Name 0 0 0
9885 4045 542 32 Name 0 0 0
8069 12580 798 32 Name 0 0 0
9618 6181 232 32 Name 0 0 0
2479 3118 1913 32 Name 0 0 0
8276 3650 1862 32 Name 0 0 0
3994 8041 1195 32 Name 0 0 0
3391 16326 325 32 Name 0 0 0
7236 14065 719 32 Name 0 0 0
12744 9060 833 32 Name 0 0 0
2665 2708 810 32 Name 0 0 0
3376 13583 1889 32 Name 0 0 0
524 3939 1164 32 Name 0 0 0
10208 3883 1799 32 Name 0 0 0
5906 13655 1403 32 Name 0 0 0
669 8791 302 32 Name 0 0 0
2117 14884 459 32 Name 0 0 0
14735 12956 1645 32 Name 0 0 0
7058 7305 2014 32 Name 0 0 0
8576 7160 640 32 Name 0 0 0
14640 15100 1836 32 Name 0 0 0
12806 10628 1958 32 Name 0 0 0
9822 1345 1833 32 Name 0 0 0
11016 8386 313 32 Name 0 0 0
13767 12235 1817 32 Name 0 0 0
3173 2026 1997 32 Name 0 0 0
4316 3873 1833 32 Name 0 0 0
14572 5613 467 32 Name 0 0 0
7536 13516 938 32 Name 0 0 0
3969 7577 1294 32 Name 0 0 0
7579 16033 1128 32 Name 0 0 0
5713 2449 1863 32 Name 0 0 0
11424 12079 1978 32 Name 0 0 0
13478 3275 478 32 Name 0 0 0
3206 6543 1830 32 Name 0 0 0
15586 5213 290 32 Name 0 0 0
7992 15808 1474 32 Name 0 0 0
9617 7511 1676 32 Name 0 0 0
10238 9819 690 32 Name 0 0 0
8041 13930 1073 32 Name 0 0 0
12025 15679 208 32 Name 0 0 0
15440 246 1015 32 Name 0 0 0
9353 13667 836 32 Name 0 0 0
2107 15236 1821 32 Name 0 0 0
11915 5550 209 32 Name 0 0 0
137 6681 921 32 Name 0 0 0
8642 6558 393 32 Name 0 0 0
4073 1769 662 32 Name 0 0 0
6590 4295 1038 32 Name 0 0 0
6695 4218 293 32 Name 0 0 0
15416 9746 627 32 Name 0 0 0
759 3651 295 32 Name 0 0 0
11695 1724 762 32 Name 0 0 0
9576 2642 473 32 Name 0 0 0
13916 154 700 32 Name 0 0 0
11700 1786 539 32 Name 0 0 0
15008 5023 818 32 Name 0 0 0
4382 13713 1611 32 Name 0 0 0
6151 2020 289 32 Name 0 0 0
14067 3999 537 32 Name 0 0 0
2977 1630 137 32 Name 0 0 0
16174 9359 797 32 Name 0 0 0
15433 40 767 32 Name 0 0 0
11311 4273 507 32 Name 0 0 0
11573 3930 1002 32 Name 0 0 0
11126 10032 1571 32 Name 0 0 0
2336 14770 129 32 Name 0 0 0
9584 3732 968 32 Name 0 0 0
404 14415 1663 32 Name 0 0 0
11413 639 1574 32 Name 0 0 0
1920 5789 1321 32 Name 0 0 0
8285 10541 1970 32 Name 0 0 0
12508 3422 1050 32 Name 0 0 0
14766 14817 2021 32 Name 0 0 0
16298 10417 772 32 Name 0 0 0
15354 14855 1809 32 Name 0 0 0
11029 344 433 32 Name 0 0 0
12787 11449 1635 32 Name 0 0 0
10122 1069 366 32 Name 0 0 0
419 3505 1981 32 Name 0 0 0
13486 8645 1466 32 Name 0 0 0
10094 934 877 32 Name 0 0 0
11347 6601 1473 32 Name 0 0 0
10003 4545 169 32 Name 0 0 0
3899 2567 1106 32 Name 0 0 0
7664 8050 1293 32 Name 0 0 0
10152 12157 1719 32 Name 0 0 0
13480 4273 704 32 Name 0 0 0
2659 5209 1502 32 Name 0 0 0
3548 9524 231 32 Name 0 0 0
3565 16337 813 32 Name 0 0 0
643 4309 1822 32 Name 0 0 0
4259 4973 989 32 Name 0 0 0
14995 8297 1762 32 Name 0 0 0
3257 1689 1640 32 Name 0 0 0
107 10653 117 32 Name 0 0 0
3963 4919 961 32 Name 0 0 0
7921 3992 1549 32 Name 0 0 0
41 13060 816 32 Name 0 0 0
425 11992 174 32 Name 0 0 0
8369 10478 1530 32 Name 0 0 0
15621 7937 1173 32 Name 0 0 0
611 2067 1499 32 Name 0 0 0
16356 16331 1729 32 Name 0 0 0
2538 12705 2006 32 Name 0 0 0
12706 4747 1420 32 Name 0 0 0
8584 5245 182 32 Name 0 0 0
8755 3247 646 32 Name 0 0 0
4109 12736 1221 32 Name 0 0 0
6688 9647 857 32 Name 0 0 0
8656 16123 605 32 Name 0 0 0
13639 11832 1498 32 Name 0 0 0
15856 12435 205 32 Name 0 0 0
16246 4391 541 32 Name 0 0 0
3890 8532 1202 32 Name 0 0 0
13563 6321 1653 32 Name 0 0 0
6202 9008 554 32 Name 0 0 0
4254 925 1259 32 Name 0 0 0
3902 1565 731 32 Name 0 0 0
8519 5638 1858 32 Name 0 0 0
10730 13314 986 32 Name 0 0 0
15483 15234 823 32 Name 0 0 0
4386 5656 457 32 Name 0 0 0
9439 3047 439 32 Name 0 0 0
4418 11269 1239 32 Name 0 0 0
12763 15669 1630 32 Name 0 0 0
15126 7925 122 32 Name 0 0 0
15321 5497 125 32 Name 0 0 0
10342 9599 834 32 Name 0 0 0
3437 6159 889 32 Name 0 0 0
2356 6689 1289 32 Name 0 0 0
865 8716 1415 32 Name 0 0 0
2866 14901 1235 32 Name 0 0 0
12123 3558 317 32 Name 0 0 0
9714 9655 1315 32 Name 0 0 0
15141 6317 132 32 Name 0 0 0
14692 11991 1237 32 Name 0 0 0
7746 7417 1777 32 Name 0 0 0
2439 1152 195 32 Name 0 0 0
13361 3191 825 32 Name 0 0 0
14133 13062 1266 32 Name 0 0 0
15933 1335 420 32 Name 0 0 0
6371 1216 470 32 Name 0 0 0
15544 1229 1703 32 Name 0 0 0
519 15080 1205 32 Name 0 0 0
3181 7806 663 32 Name 0 0 0
10990 15348 497 32 Name 0 0 0
10703 7118 1821 32 Name 0 0 0
5494 4669 1839 32 Name 0 0 0
9393 15837 301 32 Name 0 0 0
9891 7716 1671 32 Name 0 0 0
4736 8833 880 32 Name 0 0 0
12958 9293 162 32 Name 0 0 0
13815 936 1413 32 Name 0 0 0
10777 16133 1138 32 Name 0 0 0
12555 10206 1568 32 Name 0 0 0
14926 11267 1846 32 Name 0 0 0
8355 7173 796 32 Name 0 0 0
516 283 1543 32 Name 0 0 0
528 12762 98 32 Name 0 0 0
4614 13512 383 32 Name 0 0 0
4859 6123 1617 32 Name 0 0 0
8727 12777 1202 32 Name 0 0 0
7990 4005 857 32 Name 0 0 0
7615 14806 250 32 Name 0 0 0
15417 11432 800 32 Name 0 0 0
7998 12353 729 32 Name 0 0 0
14012 9976 1080 32 Name 0 0 0
6823 9232 238 32 Name 0 0 0
1851 5057 1142 32 Name 0 0 0
7284 6282 1113 32 Name 0 0 0
3541 5838 1634 32 Name 0 0 0
x-Min=0
x-Max=16384
y-Min=0
y-Max=16384
min label height=32.0
max label height=32.0
min label width=64.0
max label width=2048
