1024
3337 136 21 8 Name 0 0 0
914 3778 32 8 Name 0 0 0
76 814 43 8 Name 0 0 0
31 1054 35 8 Name 0 0 0
2564 1423 27 8 Name 0 0 0
1728 388 18 8 Name 0 0 0
2301 2124 60 8 Name 0 0 0
2661 28 57 8 Name 0 0 0
1575 1168 19 8 Name 0 0 0
1483 1206 34 8 Name 0 0 0
3801 2748 27 8 Name 0 0 0
2919 2164 63 8 Name 0 0 0
748 1113 63 8 Name 0 0 0
3660 1086 43 8 Name 0 0 0
4014 1163 63 8 Name 0 0 0
1192 293 16 8 Name 0 0 0
903 1425 43 8 Name 0 0 0
3977 819 55 8 Name 0 0 0
3218 2007 31 8 Name 0 0 0
326 2662 19 8 Name 0 0 0
2231 392 30 8 Name 0 0 0
3518 3106 34 8 Name 0 0 0
1512 3807 53 8 Name 0 0 0
2517 2019 35 8 Name 0 0 0
1725 22 36 8 Name 0 0 0
2677 476 50 8 Name 0 0 0
3630 1680 51 8 Name 0 0 0
3744 112 38 8 Name 0 0 0
614 2232 36 8 Name 0 0 0
945 3086 53 8 Name 0 0 0
3999 3234 28 8 Name 0 0 0
3191 3405 49 8 Name 0 0 0
3520 3309 57 8 Name 0 0 0
1329 2206 42 8 Name 0 0 0
2352 2512 57 8 Name 0 0 0
4071 1388 60 8 Name 0 0 0
3250 247 54 8 Name 0 0 0
1823 2556 26 8 Name 0 0 0
3587 2219 52 8 Name 0 0 0
3558 2162 49 8 Name 0 0 0
2373 3524 22 8 Name 0 0 0
93 1589 62 8 Name 0 0 0
2201 2872 46 8 Name 0 0 0
1511 3160 52 8 Name 0 0 0
1847 2596 22 8 Name 0 0 0
3371 3621 26 8 Name 0 0 0
3299 1915 59 8 Name 0 0 0
3910 1930 27 8 Name 0 0 0
3589 1668 21 8 Name 0 0 0
113 2682 36 8 Name 0 0 0
688 1203 44 8 Name 0 0 0
2162 1880 44 8 Name 0 0 0
1031 575 19 8 Name 0 0 0
4017 2560 27 8 Name 0 0 0
686 3774 46 8 Name 0 0 0
3665 116 60 8 Name 0 0 0
3284 1595 40 8 Name 0 0 0
3933 2813 28 8 Name 0 0 0
871 3254 58 8 Name 0 0 0
3754 738 52 8 Name 0 0 0
39 1463 50 8 Name 0 0 0
2934 2679 46 8 Name 0 0 0
1001 4045 49 8 Name 0 0 0
1829 818 41 8 Name 0 0 0
3081 2948 43 8 Name 0 0 0
946 807 31 8 Name 0 0 0
1775 358 44 8 Name 0 0 0
3507 1742 22 8 Name 0 0 0
2837 883 51 8 Name 0 0 0
2744 3088 58 8 Name 0 0 0
14 1104 36 8 Name 0 0 0
1030 2631 64 8 Name 0 0 0
1653 1533 46 8 Name 0 0 0
1350 2522 45 8 Name 0 0 0
1024 3948 57 8 Name 0 0 0
454 2402 58 8 Name 0 0 0
2441 57 38 8 Name 0 0 0
545 4084 20 8 Name 0 0 0
2607 2028 34 8 Name 0 0 0
2510 1206 20 8 Name 0 0 0
2530 2052 37 8 Name 0 0 0
1380 83 56 8 Name 0 0 0
1293 2142 41 8 Name 0 0 0
838 736 55 8 Name 0 0 0
381 2659 38 8 Name 0 0 0
4033 3930 33 8 Name 0 0 0
2245 2587 62 8 Name 0 0 0
2393 557 57 8 Name 0 0 0
1298 4008 24 8 Name 0 0 0
1709 46 33 8 Name 0 0 0
2386 1754 45 8 Name 0 0 0
1774 905 43 8 Name 0 0 0
3594 1790 41 8 Name 0 0 0
545 990 59 8 Name 0 0 0
3172 3307 30 8 Name 0 0 0
3167 188 43 8 Name 0 0 0
2083 3492 36 8 Name 0 0 0
1881 416 56 8 Name 0 0 0
635 926 48 8 Name 0 0 0
2551 1513 29 8 Name 0 0 0
2760 849 46 8 Name 0 0 0
3327 815 33 8 Name 0 0 0
2207 3772 35 8 Name 0 0 0
1587 3831 30 8 Name 0 0 0
948 2538 28 8 Name 0 0 0
3086 933 55 8 Name 0 0 0
3610 4026 20 8 Name 0 0 0
834 3792 57 8 Name 0 0 0
2644 2669 62 8 Name 0 0 0
958 3835 47 8 Name 0 0 0
68 1076 25 8 Name 0 0 0
3423 168 26 8 Name 0 0 0
8 485 17 8 Name 0 0 0
2934 4049 45 8 Name 0 0 0
965 1986 17 8 Name 0 0 0
913 2396 17 8 Name 0 0 0
870 1995 23 8 Name 0 0 0
2343 38 18 8 Name 0 0 0
1717 1447 28 8 Name 0 0 0
1550 268 57 8 Name 0 0 0
242 2571 26 8 Name 0 0 0
4035 3327 62 8 Name 0 0 0
4017 1518 30 8 Name 0 0 0
3587 1430 55 8 Name 0 0 0
2826 792 39 8 Name 0 0 0
1167 1499 61 8 Name 0 0 0
2720 3563 26 8 Name 0 0 0
3217 89 60 8 Name 0 0 0
3647 2739 25 8 Name 0 0 0
3430 1728 39 8 Name 0 0 0
23 3829 61 8 Name 0 0 0
2821 604 46 8 Name 0 0 0
3886 1635 49 8 Name 0 0 0
2356 3514 33 8 Name 0 0 0
1684 1431 27 8 Name 0 0 0
2155 1135 27 8 Name 0 0 0
3957 141 35 8 Name 0 0 0
1268 2244 39 8 Name 0 0 0
2373 1423 50 8 Name 0 0 0
793 1247 51 8 Name 0 0 0
2958 3777 53 8 Name 0 0 0
2842 1832 19 8 Name 0 0 0
3310 1524 29 8 Name 0 0 0
337 2582 27 8 Name 0 0 0
1110 2129 49 8 Name 0 0 0
2153 3373 42 8 Name 0 0 0
164 1929 50 8 Name 0 0 0
1586 3390 55 8 Name 0 0 0
645 863 26 8 Name 0 0 0
3743 2275 47 8 Name 0 0 0
810 1473 25 8 Name 0 0 0
2805 2424 62 8 Name 0 0 0
3591 3788 59 8 Name 0 0 0
3451 1383 51 8 Name 0 0 0
3408 2422 40 8 Name 0 0 0
115 1484 20 8 Name 0 0 0
1717 1840 35 8 Name 0 0 0
3585 3440 24 8 Name 0 0 0
2178 459 48 8 Name 0 0 0
2914 1972 35 8 Name 0 0 0
761 2351 18 8 Name 0 0 0
1103 3537 52 8 Name 0 0 0
3155 1488 35 8 Name 0 0 0
2588 3190 53 8 Name 0 0 0
1756 3223 39 8 Name 0 0 0
2901 4054 48 8 Name 0 0 0
1435 3423 39 8 Name 0 0 0
2741 3827 59 8 Name 0 0 0
4031 1426 24 8 Name 0 0 0
3822 2248 54 8 Name 0 0 0
1519 552 36 8 Name 0 0 0
1835 2030 59 8 Name 0 0 0
2446 2097 61 8 Name 0 0 0
471 775 53 8 Name 0 0 0
3063 3189 55 8 Name 0 0 0
3648 3720 62 8 Name 0 0 0
2184 2721 55 8 Name 0 0 0
2213 2280 40 8 Name 0 0 0
1142 3745 23 8 Name 0 0 0
2426 2132 26 8 Name 0 0 0
83 1093 22 8 Name 0 0 0
2812 3835 60 8 Name 0 0 0
2199 454 53 8 Name 0 0 0
3889 2259 42 8 Name 0 0 0
3296 2327 30 8 Name 0 0 0
2875 2487 53 8 Name 0 0 0
2865 3639 51 8 Name 0 0 0
3201 975 34 8 Name 0 0 0
156 2539 55 8 Name 0 0 0
285 1534 58 8 Name 0 0 0
448 1381 41 8 Name 0 0 0
1759 1578 23 8 Name 0 0 0
2330 3856 40 8 Name 0 0 0
3891 1690 53 8 Name 0 0 0
1804 2443 42 8 Name 0 0 0
1457 1940 28 8 Name 0 0 0
309 1984 63 8 Name 0 0 0
4068 365 18 8 Name 0 0 0
1991 1965 30 8 Name 0 0 0
3412 2677 25 8 Name 0 0 0
1943 3447 49 8 Name 0 0 0
3539 742 23 8 Name 0 0 0
1694 831 61 8 Name 0 0 0
1682 221 45 8 Name 0 0 0
2296 2004 33 8 Name 0 0 0
3280 1255 21 8 Name 0 0 0
982 401 40 8 Name 0 0 0
1832 3899 30 8 Name 0 0 0
3762 2048 38 8 Name 0 0 0
3054 3661 41 8 Name 0 0 0
2900 778 62 8 Name 0 0 0
1028 1778 23 8 Name 0 0 0
3224 2358 17 8 Name 0 0 0
2910 2716 48 8 Name 0 0 0
2335 2106 19 8 Name 0 0 0
1678 3715 31 8 Name 0 0 0
574 980 21 8 Name 0 0 0
1143 2542 63 8 Name 0 0 0
2399 3066 48 8 Name 0 0 0
857 264 51 8 Name 0 0 0
3842 1450 47 8 Name 0 0 0
927 252 19 8 Name 0 0 0
2961 2198 33 8 Name 0 0 0
1553 2237 31 8 Name 0 0 0
1897 1975 47 8 Name 0 0 0
3349 3296 43 8 Name 0 0 0
3547 87 17 8 Name 0 0 0
3988 883 32 8 Name 0 0 0
3213 1324 30 8 Name 0 0 0
2770 3235 26 8 Name 0 0 0
368 1124 20 8 Name 0 0 0
2712 3486 57 8 Name 0 0 0
2689 2963 35 8 Name 0 0 0
167 3546 45 8 Name 0 0 0
2029 3304 64 8 Name 0 0 0
2057 2809 42 8 Name 0 0 0
203 2415 50 8 Name 0 0 0
3738 3715 44 8 Name 0 0 0
649 377 60 8 Name 0 0 0
1165 956 51 8 Name 0 0 0
2014 3523 46 8 Name 0 0 0
3436 3589 43 8 Name 0 0 0
2245 3381 49 8 Name 0 0 0
2260 2598 43 8 Name 0 0 0
1026 3310 62 8 Name 0 0 0
2231 2933 18 8 Name 0 0 0
3097 3348 36 8 Name 0 0 0
2646 3653 45 8 Name 0 0 0
2764 174 23 8 Name 0 0 0
987 3695 34 8 Name 0 0 0
4055 3252 43 8 Name 0 0 0
2786 3318 53 8 Name 0 0 0
685 3076 61 8 Name 0 0 0
1004 896 29 8 Name 0 0 0
577 3374 19 8 Name 0 0 0
2096 1088 38 8 Name 0 0 0
3853 3341 61 8 Name 0 0 0
2927 2056 41 8 Name 0 0 0
3044 2926 41 8 Name 0 0 0
2977 3624 47 8 Name 0 0 0
1813 596 38 8 Name 0 0 0
3674 1237 44 8 Name 0 0 0
2649 1940 27 8 Name 0 0 0
1618 3083 19 8 Name 0 0 0
837 3110 44 8 Name 0 0 0
2016 814 16 8 Name 0 0 0
1089 1984 63 8 Name 0 0 0
146 1821 26 8 Name 0 0 0
3784 3251 25 8 Name 0 0 0
1802 2318 39 8 Name 0 0 0
2689 1783 45 8 Name 0 0 0
3388 3650 26 8 Name 0 0 0
1166 1296 39 8 Name 0 0 0
2919 725 23 8 Name 0 0 0
3513 3492 43 8 Name 0 0 0
819 191 22 8 Name 0 0 0
3067 1830 43 8 Name 0 0 0
1333 2981 32 8 Name 0 0 0
2415 507 44 8 Name 0 0 0
3692 2162 64 8 Name 0 0 0
2007 3898 28 8 Name 0 0 0
3328 2753 26 8 Name 0 0 0
2973 2650 62 8 Name 0 0 0
2637 2316 24 8 Name 0 0 0
1506 760 43 8 Name 0 0 0
2839 392 39 8 Name 0 0 0
1035 2859 63 8 Name 0 0 0
3068 3084 40 8 Name 0 0 0
541 725 58 8 Name 0 0 0
337 683 59 8 Name 0 0 0
357 2795 46 8 Name 0 0 0
593 1913 16 8 Name 0 0 0
1691 553 58 8 Name 0 0 0
1796 3062 42 8 Name 0 0 0
2708 796 53 8 Name 0 0 0
2994 3029 25 8 Name 0 0 0
4088 4058 50 8 Name 0 0 0
1012 25 52 8 Name 0 0 0
3554 1368 24 8 Name 0 0 0
1298 910 20 8 Name 0 0 0
3530 1789 59 8 Name 0 0 0
3581 842 53 8 Name 0 0 0
2990 3477 42 8 Name 0 0 0
648 2070 24 8 Name 0 0 0
3974 1389 50 8 Name 0 0 0
2746 2441 44 8 Name 0 0 0
1570 2905 24 8 Name 0 0 0
3135 908 33 8 Name 0 0 0
2177 1318 24 8 Name 0 0 0
2066 1840 18 8 Name 0 0 0
2844 1501 23 8 Name 0 0 0
1416 3174 47 8 Name 0 0 0
4061 1754 62 8 Name 0 0 0
2904 2625 22 8 Name 0 0 0
125 3245 26 8 Name 0 0 0
1737 930 24 8 Name 0 0 0
2474 3903 19 8 Name 0 0 0
2703 1755 44 8 Name 0 0 0
3923 1623 56 8 Name 0 0 0
2364 2716 27 8 Name 0 0 0
2692 2218 27 8 Name 0 0 0
1657 357 25 8 Name 0 0 0
2184 4087 28 8 Name 0 0 0
1068 1069 41 8 Name 0 0 0
2353 2235 43 8 Name 0 0 0
2948 2240 26 8 Name 0 0 0
3825 3028 39 8 Name 0 0 0
1839 1183 44 8 Name 0 0 0
1684 444 26 8 Name 0 0 0
1132 1699 49 8 Name 0 0 0
2398 2176 38 8 Name 0 0 0
2148 1880 45 8 Name 0 0 0
2043 1220 32 8 Name 0 0 0
388 1973 44 8 Name 0 0 0
621 3135 36 8 Name 0 0 0
3838 22 47 8 Name 0 0 0
927 3353 24 8 Name 0 0 0
3652 102 45 8 Name 0 0 0
2821 3789 22 8 Name 0 0 0
499 4075 37 8 Name 0 0 0
4044 3703 46 8 Name 0 0 0
2391 1214 30 8 Name 0 0 0
2612 4031 34 8 Name 0 0 0
50 3594 42 8 Name 0 0 0
3760 1901 50 8 Name 0 0 0
1480 4063 45 8 Name 0 0 0
1326 424 51 8 Name 0 0 0
2211 2609 42 8 Name 0 0 0
2063 3530 25 8 Name 0 0 0
3038 3771 34 8 Name 0 0 0
2301 1494 46 8 Name 0 0 0
3569 3966 56 8 Name 0 0 0
1309 598 51 8 Name 0 0 0
2650 1187 58 8 Name 0 0 0
1202 81 26 8 Name 0 0 0
307 3881 59 8 Name 0 0 0
2451 2078 58 8 Name 0 0 0
465 1088 39 8 Name 0 0 0
487 2406 35 8 Name 0 0 0
3317 2685 29 8 Name 0 0 0
3929 1995 37 8 Name 0 0 0
2153 3859 45 8 Name 0 0 0
1415 905 22 8 Name 0 0 0
2583 1626 57 8 Name 0 0 0
3333 3251 50 8 Name 0 0 0
2860 2890 22 8 Name 0 0 0
3205 1913 27 8 Name 0 0 0
1604 2004 59 8 Name 0 0 0
1411 1853 43 8 Name 0 0 0
2790 920 42 8 Name 0 0 0
1453 716 39 8 Name 0 0 0
2015 1908 27 8 Name 0 0 0
3820 223 17 8 Name 0 0 0
2213 3549 48 8 Name 0 0 0
866 349 24 8 Name 0 0 0
2045 1520 44 8 Name 0 0 0
813 2058 17 8 Name 0 0 0
1495 2707 39 8 Name 0 0 0
2033 1095 43 8 Name 0 0 0
2989 3809 32 8 Name 0 0 0
2137 2025 63 8 Name 0 0 0
3573 2520 49 8 Name 0 0 0
2606 183 31 8 Name 0 0 0
3300 2717 21 8 Name 0 0 0
2857 1385 45 8 Name 0 0 0
2199 1413 23 8 Name 0 0 0
1831 2314 17 8 Name 0 0 0
3418 2584 28 8 Name 0 0 0
1469 2023 22 8 Name 0 0 0
3395 105 37 8 Name 0 0 0
571 394 56 8 Name 0 0 0
3233 191 58 8 Name 0 0 0
3099 2118 54 8 Name 0 0 0
1614 3464 55 8 Name 0 0 0
2483 1515 60 8 Name 0 0 0
3567 2624 56 8 Name 0 0 0
1038 3818 39 8 Name 0 0 0
1601 2934 42 8 Name 0 0 0
3419 4084 26 8 Name 0 0 0
4054 810 60 8 Name 0 0 0
2787 1557 48 8 Name 0 0 0
2038 2703 37 8 Name 0 0 0
1360 1196 29 8 Name 0 0 0
3818 3750 47 8 Name 0 0 0
1149 1941 56 8 Name 0 0 0
1348 2888 18 8 Name 0 0 0
1008 3084 28 8 Name 0 0 0
424 2541 21 8 Name 0 0 0
3655 2559 50 8 Name 0 0 0
127 1429 54 8 Name 0 0 0
210 3968 58 8 Name 0 0 0
1597 2173 63 8 Name 0 0 0
3145 3687 23 8 Name 0 0 0
1128 1196 48 8 Name 0 0 0
3740 3467 25 8 Name 0 0 0
739 4009 57 8 Name 0 0 0
204 1338 40 8 Name 0 0 0
1419 588 59 8 Name 0 0 0
497 786 28 8 Name 0 0 0
59 1361 54 8 Name 0 0 0
3830 3186 46 8 Name 0 0 0
2344 3986 62 8 Name 0 0 0
3979 2385 56 8 Name 0 0 0
317 2661 49 8 Name 0 0 0
1455 3253 20 8 Name 0 0 0
3252 742 16 8 Name 0 0 0
1697 3602 53 8 Name 0 0 0
2545 1459 29 8 Name 0 0 0
3354 1334 37 8 Name 0 0 0
1153 3004 61 8 Name 0 0 0
17 439 47 8 Name 0 0 0
143 1477 56 8 Name 0 0 0
2463 1422 29 8 Name 0 0 0
3926 3469 33 8 Name 0 0 0
2154 2829 36 8 Name 0 0 0
114 261 54 8 Name 0 0 0
2494 1028 52 8 Name 0 0 0
3387 3774 53 8 Name 0 0 0
3779 234 64 8 Name 0 0 0
2694 1485 21 8 Name 0 0 0
923 3042 30 8 Name 0 0 0
1454 2714 48 8 Name 0 0 0
2002 4070 29 8 Name 0 0 0
1347 892 25 8 Name 0 0 0
1702 2639 32 8 Name 0 0 0
705 2962 36 8 Name 0 0 0
1585 2325 55 8 Name 0 0 0
629 3898 45 8 Name 0 0 0
1239 1048 17 8 Name 0 0 0
450 2217 60 8 Name 0 0 0
650 2721 52 8 Name 0 0 0
363 3944 62 8 Name 0 0 0
3016 262 63 8 Name 0 0 0
3668 3673 46 8 Name 0 0 0
1902 2647 56 8 Name 0 0 0
225 3823 31 8 Name 0 0 0
523 1727 18 8 Name 0 0 0
433 576 27 8 Name 0 0 0
28 1035 18 8 Name 0 0 0
2118 1070 55 8 Name 0 0 0
1731 605 43 8 Name 0 0 0
1461 2352 48 8 Name 0 0 0
2497 1674 18 8 Name 0 0 0
2291 2751 22 8 Name 0 0 0
1564 2442 57 8 Name 0 0 0
2035 3670 34 8 Name 0 0 0
3895 3865 22 8 Name 0 0 0
682 3171 19 8 Name 0 0 0
1649 1409 43 8 Name 0 0 0
2017 920 17 8 Name 0 0 0
454 2714 17 8 Name 0 0 0
2287 939 37 8 Name 0 0 0
761 121 51 8 Name 0 0 0
1758 1439 54 8 Name 0 0 0
2475 2184 59 8 Name 0 0 0
3679 167 24 8 Name 0 0 0
3755 3676 32 8 Name 0 0 0
75 696 30 8 Name 0 0 0
2107 849 60 8 Name 0 0 0
2907 952 23 8 Name 0 0 0
1378 1182 29 8 Name 0 0 0
3023 1195 41 8 Name 0 0 0
2650 2361 28 8 Name 0 0 0
2143 3572 16 8 Name 0 0 0
656 3695 25 8 Name 0 0 0
3448 2115 47 8 Name 0 0 0
3173 1358 18 8 Name 0 0 0
1743 1167 50 8 Name 0 0 0
1349 1990 16 8 Name 0 0 0
283 3601 25 8 Name 0 0 0
3049 2044 36 8 Name 0 0 0
3690 3281 60 8 Name 0 0 0
2613 2106 33 8 Name 0 0 0
1432 924 43 8 Name 0 0 0
382 1659 17 8 Name 0 0 0
2386 916 58 8 Name 0 0 0
550 3782 61 8 Name 0 0 0
572 805 17 8 Name 0 0 0
1454 93 21 8 Name 0 0 0
1087 1102 26 8 Name 0 0 0
964 581 25 8 Name 0 0 0
1640 3551 60 8 Name 0 0 0
2777 738 26 8 Name 0 0 0
2325 1776 34 8 Name 0 0 0
2760 3199 29 8 Name 0 0 0
4090 1438 23 8 Name 0 0 0
819 1791 54 8 Name 0 0 0
1534 3454 21 8 Name 0 0 0
1446 3068 24 8 Name 0 0 0
3229 3029 22 8 Name 0 0 0
3343 666 30 8 Name 0 0 0
2857 1434 23 8 Name 0 0 0
1034 3240 30 8 Name 0 0 0
1727 2341 40 8 Name 0 0 0
777 3210 35 8 Name 0 0 0
1921 2147 17 8 Name 0 0 0
2067 2950 60 8 Name 0 0 0
1565 1004 46 8 Name 0 0 0
859 2157 60 8 Name 0 0 0
1255 1060 47 8 Name 0 0 0
2642 634 40 8 Name 0 0 0
1324 550 43 8 Name 0 0 0
974 4077 30 8 Name 0 0 0
2558 2234 31 8 Name 0 0 0
2525 3940 62 8 Name 0 0 0
3505 1964 27 8 Name 0 0 0
3664 2251 28 8 Name 0 0 0
2892 1383 31 8 Name 0 0 0
714 1314 49 8 Name 0 0 0
3080 320 25 8 Name 0 0 0
2697 32 56 8 Name 0 0 0
4094 3680 23 8 Name 0 0 0
2065 1777 31 8 Name 0 0 0
850 2113 51 8 Name 0 0 0
3809 1617 43 8 Name 0 0 0
4044 1031 63 8 Name 0 0 0
2511 1974 48 8 Name 0 0 0
4069 1862 26 8 Name 0 0 0
3152 3349 46 8 Name 0 0 0
0 1376 53 8 Name 0 0 0
2963 3917 50 8 Name 0 0 0
2761 1297 55 8 Name 0 0 0
2386 934 53 8 Name 0 0 0
806 365 58 8 Name 0 0 0
2901 3098 45 8 Name 0 0 0
2686 2879 63 8 Name 0 0 0
2730 931 41 8 Name 0 0 0
2762 4009 20 8 Name 0 0 0
926 3670 24 8 Name 0 0 0
2457 3218 22 8 Name 0 0 0
465 1745 58 8 Name 0 0 0
378 3007 31 8 Name 0 0 0
2567 1056 49 8 Name 0 0 0
480 1855 20 8 Name 0 0 0
3476 1337 18 8 Name 0 0 0
907 3529 38 8 Name 0 0 0
2835 1625 41 8 Name 0 0 0
379 2933 50 8 Name 0 0 0
1700 870 63 8 Name 0 0 0
2919 2598 64 8 Name 0 0 0
3753 3419 42 8 Name 0 0 0
2420 412 31 8 Name 0 0 0
190 3196 19 8 Name 0 0 0
2479 1038 27 8 Name 0 0 0
810 479 60 8 Name 0 0 0
1389 1601 17 8 Name 0 0 0
851 2219 50 8 Name 0 0 0
3338 3932 38 8 Name 0 0 0
3649 2667 17 8 Name 0 0 0
2764 1726 20 8 Name 0 0 0
2705 1067 17 8 Name 0 0 0
855 935 35 8 Name 0 0 0
3240 2468 24 8 Name 0 0 0
2051 2933 56 8 Name 0 0 0
2980 1772 62 8 Name 0 0 0
3851 776 49 8 Name 0 0 0
687 662 25 8 Name 0 0 0
1571 95 54 8 Name 0 0 0
2112 140 49 8 Name 0 0 0
3994 2893 44 8 Name 0 0 0
35 3787 21 8 Name 0 0 0
2675 1079 35 8 Name 0 0 0
972 1224 19 8 Name 0 0 0
703 1387 20 8 Name 0 0 0
701 1570 29 8 Name 0 0 0
2128 2167 20 8 Name 0 0 0
230 1115 62 8 Name 0 0 0
3224 2997 53 8 Name 0 0 0
3996 127 41 8 Name 0 0 0
1571 3555 37 8 Name 0 0 0
2220 1074 59 8 Name 0 0 0
975 2618 24 8 Name 0 0 0
1846 3028 63 8 Name 0 0 0
2637 3749 43 8 Name 0 0 0
1206 1727 26 8 Name 0 0 0
322 1100 25 8 Name 0 0 0
3813 3832 23 8 Name 0 0 0
3390 1858 39 8 Name 0 0 0
1527 2929 39 8 Name 0 0 0
3979 1397 53 8 Name 0 0 0
1380 1286 41 8 Name 0 0 0
2886 325 52 8 Name 0 0 0
2536 3109 28 8 Name 0 0 0
904 2344 38 8 Name 0 0 0
2248 779 52 8 Name 0 0 0
90 1083 31 8 Name 0 0 0
114 2194 17 8 Name 0 0 0
3417 1060 20 8 Name 0 0 0
753 2154 28 8 Name 0 0 0
147 2597 50 8 Name 0 0 0
275 2445 19 8 Name 0 0 0
591 2385 52 8 Name 0 0 0
728 3380 57 8 Name 0 0 0
1412 4061 59 8 Name 0 0 0
1937 3300 53 8 Name 0 0 0
3057 2481 27 8 Name 0 0 0
3588 525 16 8 Name 0 0 0
1734 1552 26 8 Name 0 0 0
1854 2876 37 8 Name 0 0 0
2273 346 17 8 Name 0 0 0
836 265 43 8 Name 0 0 0
2328 1588 49 8 Name 0 0 0
907 941 25 8 Name 0 0 0
2747 228 61 8 Name 0 0 0
1276 3456 52 8 Name 0 0 0
1633 3933 31 8 Name 0 0 0
315 1455 17 8 Name 0 0 0
1536 3699 56 8 Name 0 0 0
3725 2019 35 8 Name 0 0 0
3583 2436 31 8 Name 0 0 0
1465 1604 58 8 Name 0 0 0
1524 230 42 8 Name 0 0 0
2233 2531 53 8 Name 0 0 0
821 565 22 8 Name 0 0 0
2014 610 20 8 Name 0 0 0
2814 3326 18 8 Name 0 0 0
1848 1837 33 8 Name 0 0 0
1646 2585 54 8 Name 0 0 0
1831 906 46 8 Name 0 0 0
1872 2135 21 8 Name 0 0 0
1145 2434 43 8 Name 0 0 0
3031 1822 38 8 Name 0 0 0
2203 645 49 8 Name 0 0 0
652 2313 29 8 Name 0 0 0
1912 2204 32 8 Name 0 0 0
3714 2663 49 8 Name 0 0 0
1144 3946 44 8 Name 0 0 0
1001 1880 49 8 Name 0 0 0
2855 1630 26 8 Name 0 0 0
2295 3977 17 8 Name 0 0 0
2600 3098 17 8 Name 0 0 0
2284 2165 20 8 Name 0 0 0
1705 1940 33 8 Name 0 0 0
2942 2653 39 8 Name 0 0 0
2587 2081 25 8 Name 0 0 0
3382 94 30 8 Name 0 0 0
572 3002 46 8 Name 0 0 0
2575 1972 57 8 Name 0 0 0
2660 3869 17 8 Name 0 0 0
2706 1412 63 8 Name 0 0 0
2767 237 39 8 Name 0 0 0
1911 445 31 8 Name 0 0 0
214 3800 39 8 Name 0 0 0
1675 792 27 8 Name 0 0 0
3089 3602 29 8 Name 0 0 0
3041 83 29 8 Name 0 0 0
2404 3875 64 8 Name 0 0 0
1986 1907 37 8 Name 0 0 0
3099 246 59 8 Name 0 0 0
992 2230 56 8 Name 0 0 0
1286 1520 35 8 Name 0 0 0
1263 3588 50 8 Name 0 0 0
3682 2480 61 8 Name 0 0 0
1740 485 41 8 Name 0 0 0
3948 432 46 8 Name 0 0 0
3451 586 45 8 Name 0 0 0
3514 1981 28 8 Name 0 0 0
2062 1977 20 8 Name 0 0 0
846 41 23 8 Name 0 0 0
1463 3451 35 8 Name 0 0 0
236 3632 26 8 Name 0 0 0
3840 453 31 8 Name 0 0 0
2307 695 45 8 Name 0 0 0
862 1490 32 8 Name 0 0 0
136 2346 62 8 Name 0 0 0
1918 3883 25 8 Name 0 0 0
485 3961 31 8 Name 0 0 0
3220 3051 63 8 Name 0 0 0
3552 183 59 8 Name 0 0 0
3967 57 64 8 Name 0 0 0
3681 3949 34 8 Name 0 0 0
1378 3542 20 8 Name 0 0 0
305 1031 17 8 Name 0 0 0
2482 561 35 8 Name 0 0 0
1465 1737 64 8 Name 0 0 0
1531 3737 37 8 Name 0 0 0
2048 293 40 8 Name 0 0 0
20 214 22 8 Name 0 0 0
537 2267 21 8 Name 0 0 0
4055 2985 26 8 Name 0 0 0
2316 846 41 8 Name 0 0 0
945 277 47 8 Name 0 0 0
2624 3846 26 8 Name 0 0 0
344 433 55 8 Name 0 0 0
515 3832 24 8 Name 0 0 0
790 2626 41 8 Name 0 0 0
2325 3436 25 8 Name 0 0 0
530 409 56 8 Name 0 0 0
3232 1183 33 8 Name 0 0 0
1266 2840 51 8 Name 0 0 0
1827 3195 31 8 Name 0 0 0
2616 2684 54 8 Name 0 0 0
1512 3710 44 8 Name 0 0 0
3176 102 42 8 Name 0 0 0
1248 3930 28 8 Name 0 0 0
3956 4095 56 8 Name 0 0 0
2393 1922 35 8 Name 0 0 0
3817 3360 47 8 Name 0 0 0
3596 601 44 8 Name 0 0 0
3143 348 57 8 Name 0 0 0
2849 3812 60 8 Name 0 0 0
4039 86 32 8 Name 0 0 0
286 3186 60 8 Name 0 0 0
2990 2264 54 8 Name 0 0 0
2096 209 44 8 Name 0 0 0
3423 1158 25 8 Name 0 0 0
2925 542 58 8 Name 0 0 0
2935 3313 54 8 Name 0 0 0
2380 702 63 8 Name 0 0 0
3910 1419 36 8 Name 0 0 0
943 3056 20 8 Name 0 0 0
1582 2202 22 8 Name 0 0 0
2824 3701 52 8 Name 0 0 0
3493 3776 51 8 Name 0 0 0
2519 1924 56 8 Name 0 0 0
2923 2567 60 8 Name 0 0 0
158 2935 49 8 Name 0 0 0
1718 3044 29 8 Name 0 0 0
2988 1086 59 8 Name 0 0 0
3611 2943 41 8 Name 0 0 0
1025 280 32 8 Name 0 0 0
3205 2104 47 8 Name 0 0 0
3684 1412 25 8 Name 0 0 0
3397 4009 44 8 Name 0 0 0
1874 2252 57 8 Name 0 0 0
3744 1836 23 8 Name 0 0 0
3805 1650 38 8 Name 0 0 0
1287 2504 36 8 Name 0 0 0
3809 3831 20 8 Name 0 0 0
3114 2119 58 8 Name 0 0 0
2025 1363 21 8 Name 0 0 0
1731 135 61 8 Name 0 0 0
2027 2386 59 8 Name 0 0 0
4015 580 40 8 Name 0 0 0
3752 3448 28 8 Name 0 0 0
152 194 59 8 Name 0 0 0
2936 579 63 8 Name 0 0 0
1182 988 54 8 Name 0 0 0
331 2367 31 8 Name 0 0 0
2002 2579 34 8 Name 0 0 0
1629 2783 25 8 Name 0 0 0
1138 2406 25 8 Name 0 0 0
991 3248 59 8 Name 0 0 0
2439 1594 63 8 Name 0 0 0
3206 1002 49 8 Name 0 0 0
3501 2912 46 8 Name 0 0 0
1414 653 36 8 Name 0 0 0
1381 679 59 8 Name 0 0 0
3976 1764 53 8 Name 0 0 0
1559 3793 40 8 Name 0 0 0
3498 185 26 8 Name 0 0 0
998 1809 61 8 Name 0 0 0
3767 368 16 8 Name 0 0 0
3491 948 39 8 Name 0 0 0
1842 1584 51 8 Name 0 0 0
955 2370 22 8 Name 0 0 0
3965 139 55 8 Name 0 0 0
29 3210 59 8 Name 0 0 0
265 2857 62 8 Name 0 0 0
2975 1087 33 8 Name 0 0 0
683 992 24 8 Name 0 0 0
3240 2964 50 8 Name 0 0 0
2491 2231 53 8 Name 0 0 0
3130 2608 17 8 Name 0 0 0
1326 875 28 8 Name 0 0 0
3546 3097 17 8 Name 0 0 0
1510 950 60 8 Name 0 0 0
1765 2417 33 8 Name 0 0 0
121 3959 28 8 Name 0 0 0
2393 3 18 8 Name 0 0 0
1312 4060 28 8 Name 0 0 0
63 2593 59 8 Name 0 0 0
3836 2698 27 8 Name 0 0 0
543 2514 41 8 Name 0 0 0
2240 3746 52 8 Name 0 0 0
3487 2028 56 8 Name 0 0 0
1830 3118 46 8 Name 0 0 0
2092 1611 56 8 Name 0 0 0
2601 3214 51 8 Name 0 0 0
158 2873 18 8 Name 0 0 0
923 1484 62 8 Name 0 0 0
457 1086 43 8 Name 0 0 0
1579 2763 63 8 Name 0 0 0
374 3171 32 8 Name 0 0 0
968 1385 44 8 Name 0 0 0
1793 4053 53 8 Name 0 0 0
1639 2990 31 8 Name 0 0 0
751 2841 53 8 Name 0 0 0
4080 2735 41 8 Name 0 0 0
2206 2669 50 8 Name 0 0 0
11 3831 18 8 Name 0 0 0
3217 1914 23 8 Name 0 0 0
3074 1449 43 8 Name 0 0 0
3474 2083 49 8 Name 0 0 0
645 590 54 8 Name 0 0 0
1619 4007 55 8 Name 0 0 0
3506 2604 25 8 Name 0 0 0
2954 3227 24 8 Name 0 0 0
854 2769 36 8 Name 0 0 0
3709 3269 37 8 Name 0 0 0
790 3464 42 8 Name 0 0 0
742 1727 60 8 Name 0 0 0
284 1278 26 8 Name 0 0 0
3352 1658 59 8 Name 0 0 0
732 3811 32 8 Name 0 0 0
3285 69 56 8 Name 0 0 0
2924 3904 36 8 Name 0 0 0
1958 3145 27 8 Name 0 0 0
1688 278 37 8 Name 0 0 0
1097 1594 43 8 Name 0 0 0
3832 272 23 8 Name 0 0 0
1725 3384 43 8 Name 0 0 0
964 630 53 8 Name 0 0 0
2636 1278 35 8 Name 0 0 0
1333 1780 63 8 Name 0 0 0
2628 4091 56 8 Name 0 0 0
3029 1207 61 8 Name 0 0 0
3480 1938 45 8 Name 0 0 0
1985 4003 38 8 Name 0 0 0
1461 935 25 8 Name 0 0 0
3681 1730 21 8 Name 0 0 0
1810 436 56 8 Name 0 0 0
3501 3097 26 8 Name 0 0 0
3572 3831 29 8 Name 0 0 0
1611 2970 25 8 Name 0 0 0
3488 158 18 8 Name 0 0 0
1161 3568 19 8 Name 0 0 0
3611 3856 47 8 Name 0 0 0
2185 3947 61 8 Name 0 0 0
2308 348 62 8 Name 0 0 0
1024 3376 39 8 Name 0 0 0
1641 813 32 8 Name 0 0 0
2645 2680 27 8 Name 0 0 0
3776 856 51 8 Name 0 0 0
3445 1720 58 8 Name 0 0 0
860 1242 48 8 Name 0 0 0
2992 3765 26 8 Name 0 0 0
1278 1409 53 8 Name 0 0 0
3488 764 49 8 Name 0 0 0
2346 1219 34 8 Name 0 0 0
3417 920 48 8 Name 0 0 0
2029 3321 39 8 Name 0 0 0
3440 2649 50 8 Name 0 0 0
807 896 38 8 Name 0 0 0
2649 2693 25 8 Name 0 0 0
3794 434 30 8 Name 0 0 0
1589 2816 36 8 Name 0 0 0
2057 2724 21 8 Name 0 0 0
1872 2921 51 8 Name 0 0 0
1359 4082 48 8 Name 0 0 0
945 568 24 8 Name 0 0 0
1935 3159 42 8 Name 0 0 0
112 4079 18 8 Name 0 0 0
3661 2902 60 8 Name 0 0 0
1286 3390 32 8 Name 0 0 0
4087 2579 45 8 Name 0 0 0
2215 399 21 8 Name 0 0 0
441 311 58 8 Name 0 0 0
1171 2109 61 8 Name 0 0 0
3551 25 28 8 Name 0 0 0
1670 41 63 8 Name 0 0 0
1811 2013 30 8 Name 0 0 0
1055 2998 64 8 Name 0 0 0
746 2796 45 8 Name 0 0 0
3497 3924 34 8 Name 0 0 0
4036 1962 24 8 Name 0 0 0
2981 3252 27 8 Name 0 0 0
1057 3317 53 8 Name 0 0 0
3948 3373 21 8 Name 0 0 0
2767 1669 46 8 Name 0 0 0
3508 3130 24 8 Name 0 0 0
3052 3429 46 8 Name 0 0 0
1132 2772 63 8 Name 0 0 0
866 877 31 8 Name 0 0 0
586 266 44 8 Name 0 0 0
3901 323 33 8 Name 0 0 0
187 1746 29 8 Name 0 0 0
546 3239 38 8 Name 0 0 0
3158 3380 32 8 Name 0 0 0
3284 3564 27 8 Name 0 0 0
1743 1473 39 8 Name 0 0 0
3403 2296 28 8 Name 0 0 0
352 2874 58 8 Name 0 0 0
2981 3179 55 8 Name 0 0 0
853 240 16 8 Name 0 0 0
1243 2475 56 8 Name 0 0 0
3066 1 33 8 Name 0 0 0
2425 2634 42 8 Name 0 0 0
2407 3143 26 8 Name 0 0 0
3464 3499 58 8 Name 0 0 0
4006 2956 46 8 Name 0 0 0
2375 2023 32 8 Name 0 0 0
3376 2836 45 8 Name 0 0 0
1723 992 62 8 Name 0 0 0
566 2447 62 8 Name 0 0 0
2232 1315 49 8 Name 0 0 0
3779 2157 49 8 Name 0 0 0
1387 3181 64 8 Name 0 0 0
655 969 52 8 Name 0 0 0
2030 4004 42 8 Name 0 0 0
1243 1632 48 8 Name 0 0 0
452 1390 39 8 Name 0 0 0
2402 1729 20 8 Name 0 0 0
36 2204 35 8 Name 0 0 0
1753 1810 42 8 Name 0 0 0
954 1785 32 8 Name 0 0 0
3974 2311 21 8 Name 0 0 0
1880 1819 62 8 Name 0 0 0
3357 3890 24 8 Name 0 0 0
1564 361 59 8 Name 0 0 0
1115 2089 34 8 Name 0 0 0
173 2478 23 8 Name 0 0 0
378 758 27 8 Name 0 0 0
1950 78 22 8 Name 0 0 0
4072 2028 18 8 Name 0 0 0
570 317 22 8 Name 0 0 0
542 3614 18 8 Name 0 0 0
2682 1540 58 8 Name 0 0 0
3768 729 49 8 Name 0 0 0
2422 3818 34 8 Name 0 0 0
1145 3862 56 8 Name 0 0 0
2731 3166 56 8 Name 0 0 0
1213 3941 46 8 Name 0 0 0
751 1504 53 8 Name 0 0 0
3016 2834 32 8 Name 0 0 0
3192 1206 39 8 Name 0 0 0
111 3178 34 8 Name 0 0 0
433 1459 17 8 Name 0 0 0
691 1384 50 8 Name 0 0 0
2734 3951 49 8 Name 0 0 0
2110 2122 37 8 Name 0 0 0
2195 2847 21 8 Name 0 0 0
797 535 23 8 Name 0 0 0
2693 1330 30 8 Name 0 0 0
3696 589 49 8 Name 0 0 0
2686 2001 31 8 Name 0 0 0
1817 1060 43 8 Name 0 0 0
1714 3936 43 8 Name 0 0 0
2132 3599 42 8 Name 0 0 0
1449 988 35 8 Name 0 0 0
336 3677 29 8 Name 0 0 0
1057 3066 41 8 Name 0 0 0
3513 3201 30 8 Name 0 0 0
3364 2204 45 8 Name 0 0 0
2505 1814 39 8 Name 0 0 0
3181 2790 57 8 Name 0 0 0
324 3283 22 8 Name 0 0 0
121 211 22 8 Name 0 0 0
2192 1652 47 8 Name 0 0 0
2287 4025 18 8 Name 0 0 0
1570 1505 55 8 Name 0 0 0
1987 2654 24 8 Name 0 0 0
501 3812 57 8 Name 0 0 0
1589 2201 18 8 Name 0 0 0
3224 244 45 8 Name 0 0 0
3120 3349 37 8 Name 0 0 0
3730 1411 27 8 Name 0 0 0
1849 1822 59 8 Name 0 0 0
2696 1127 59 8 Name 0 0 0
3755 2869 42 8 Name 0 0 0
1065 1399 26 8 Name 0 0 0
3435 2352 62 8 Name 0 0 0
2995 3652 63 8 Name 0 0 0
2227 2365 32 8 Name 0 0 0
3200 3677 62 8 Name 0 0 0
629 952 43 8 Name 0 0 0
3881 4015 29 8 Name 0 0 0
1794 3848 42 8 Name 0 0 0
1302 282 30 8 Name 0 0 0
3505 3484 25 8 Name 0 0 0
1935 1882 18 8 Name 0 0 0
2876 522 28 8 Name 0 0 0
3076 1857 53 8 Name 0 0 0
3558 304 23 8 Name 0 0 0
516 1864 44 8 Name 0 0 0
3925 203 28 8 Name 0 0 0
2485 2399 32 8 Name 0 0 0
902 93 50 8 Name 0 0 0
103 1090 54 8 Name 0 0 0
3530 2925 36 8 Name 0 0 0
2338 1629 60 8 Name 0 0 0
1748 3247 44 8 Name 0 0 0
1614 174 41 8 Name 0 0 0
1772 1262 26 8 Name 0 0 0
2024 1048 63 8 Name 0 0 0
1002 3043 30 8 Name 0 0 0
3258 483 30 8 Name 0 0 0
3858 2923 35 8 Name 0 0 0
1288 2081 32 8 Name 0 0 0
1399 398 37 8 Name 0 0 0
2211 3757 41 8 Name 0 0 0
1576 107 52 8 Name 0 0 0
1355 3951 20 8 Name 0 0 0
808 1962 19 8 Name 0 0 0
2126 1159 36 8 Name 0 0 0
3334 3463 63 8 Name 0 0 0
901 918 24 8 Name 0 0 0
3618 3628 54 8 Name 0 0 0
2669 1436 43 8 Name 0 0 0
1142 401 30 8 Name 0 0 0
4 3672 55 8 Name 0 0 0
1414 3014 30 8 Name 0 0 0
1232 394 63 8 Name 0 0 0
422 480 20 8 Name 0 0 0
x-Min=0
x-Max=4096
y-Min=0
y-Max=4096
min label height=8.0
max label height=8.0
min label width=16.0
max label width=64.0
