1024
646 609 5 4 Name 0 0 0
695 364 9 4 Name 0 0 0
222 1010 13 3 Name 0 0 0
1009 580 9 3 Name 0 0 0
45 774 10 3 Name 0 0 0
113 91 7 4 Name 0 0 0
403 388 13 4 Name 0 0 0
168 962 13 4 Name 0 0 0
120 763 15 3 Name 0 0 0
515 33 10 3 Name 0 0 0
71 951 14 5 Name 0 0 0
360 440 9 5 Name 0 0 0
653 577 14 6 Name 0 0 0
847 426 16 3 Name 0 0 0
714 28 6 2 Name 0 0 0
805 502 15 6 Name 0 0 0
295 909 13 4 Name 0 0 0
864 322 16 4 Name 0 0 0
49 750 15 4 Name 0 0 0
383 877 14 3 Name 0 0 0
697 524 15 6 Name 0 0 0
609 171 13 5 Name 0 0 0
962 809 10 4 Name 0 0 0
316 495 11 3 Name 0 0 0
1019 348 14 6 Name 0 0 0
53 729 6 3 Name 0 0 0
548 254 10 5 Name 0 0 0
840 293 16 4 Name 0 0 0
959 899 5 3 Name 0 0 0
145 163 16 4 Name 0 0 0
281 626 15 3 Name 0 0 0
358 642 7 6 Name 0 0 0
863 251 10 3 Name 0 0 0
662 222 7 4 Name 0 0 0
483 757 16 6 Name 0 0 0
768 375 15 2 Name 0 0 0
432 533 16 4 Name 0 0 0
745 463 10 5 Name 0 0 0
71 1018 7 4 Name 0 0 0
946 898 8 3 Name 0 0 0
166 188 6 5 Name 0 0 0
178 129 4 6 Name 0 0 0
64 554 15 3 Name 0 0 0
568 175 12 5 Name 0 0 0
202 824 12 4 Name 0 0 0
991 1 8 3 Name 0 0 0
796 518 5 4 Name 0 0 0
768 611 6 2 Name 0 0 0
205 543 9 3 Name 0 0 0
479 387 7 2 Name 0 0 0
658 307 11 6 Name 0 0 0
81 121 6 5 Name 0 0 0
456 562 7 4 Name 0 0 0
353 380 13 2 Name 0 0 0
1012 824 8 2 Name 0 0 0
379 355 9 5 Name 0 0 0
334 554 13 4 Name 0 0 0
598 405 12 3 Name 0 0 0
801 955 8 5 Name 0 0 0
683 868 15 4 Name 0 0 0
540 931 14 4 Name 0 0 0
732 590 15 4 Name 0 0 0
373 370 10 2 Name 0 0 0
987 251 4 4 Name 0 0 0
532 936 6 2 Name 0 0 0
553 232 13 4 Name 0 0 0
149 465 6 5 Name 0 0 0
967 948 10 4 Name 0 0 0
787 564 12 4 Name 0 0 0
604 478 11 6 Name 0 0 0
641 797 8 4 Name 0 0 0
154 910 14 4 Name 0 0 0
507 840 7 3 Name 0 0 0
444 862 15 4 Name 0 0 0
1021 912 12 4 Name 0 0 0
255 355 10 2 Name 0 0 0
261 79 7 4 Name 0 0 0
693 382 10 5 Name 0 0 0
175 11 6 4 Name 0 0 0
164 937 7 3 Name 0 0 0
36 593 5 3 Name 0 0 0
168 644 10 2 Name 0 0 0
550 442 16 6 Name 0 0 0
158 898 10 3 Name 0 0 0
1019 810 8 5 Name 0 0 0
865 338 11 2 Name 0 0 0
375 633 14 5 Name 0 0 0
510 408 14 4 Name 0 0 0
610 277 7 3 Name 0 0 0
977 826 10 5 Name 0 0 0
312 328 4 6 Name 0 0 0
730 412 15 4 Name 0 0 0
195 205 9 3 Name 0 0 0
161 308 15 6 Name 0 0 0
389 1 14 6 Name 0 0 0
556 991 14 5 Name 0 0 0
726 805 9 3 Name 0 0 0
1020 133 14 5 Name 0 0 0
639 794 15 5 Name 0 0 0
486 124 10 3 Name 0 0 0
509 361 16 4 Name 0 0 0
841 759 15 3 Name 0 0 0
1013 733 10 5 Name 0 0 0
804 375 11 5 Name 0 0 0
453 186 5 6 Name 0 0 0
281 861 9 4 Name 0 0 0
108 619 11 5 Name 0 0 0
633 689 15 5 Name 0 0 0
276 82 9 4 Name 0 0 0
217 990 12 6 Name 0 0 0
436 85 11 2 Name 0 0 0
930 164 16 3 Name 0 0 0
365 814 4 4 Name 0 0 0
751 868 11 5 Name 0 0 0
228 24 14 5 Name 0 0 0
404 732 12 4 Name 0 0 0
625 408 11 6 Name 0 0 0
1023 501 12 4 Name 0 0 0
793 477 13 4 Name 0 0 0
275 907 5 2 Name 0 0 0
671 522 13 3 Name 0 0 0
391 149 12 3 Name 0 0 0
587 168 7 4 Name 0 0 0
937 291 10 3 Name 0 0 0
991 71 5 4 Name 0 0 0
927 576 12 5 Name 0 0 0
789 707 6 2 Name 0 0 0
262 863 9 4 Name 0 0 0
831 778 12 4 Name 0 0 0
333 946 6 2 Name 0 0 0
210 866 5 5 Name 0 0 0
711 282 6 4 Name 0 0 0
106 551 12 4 Name 0 0 0
479 945 4 2 Name 0 0 0
62 891 6 4 Name 0 0 0
551 904 9 5 Name 0 0 0
323 573 11 6 Name 0 0 0
692 73 5 4 Name 0 0 0
908 878 9 3 Name 0 0 0
915 49 7 5 Name 0 0 0
862 637 14 6 Name 0 0 0
845 114 7 5 Name 0 0 0
391 928 14 5 Name 0 0 0
95 864 10 3 Name 0 0 0
885 244 4 5 Name 0 0 0
733 841 16 5 Name 0 0 0
458 176 9 6 Name 0 0 0
480 941 15 5 Name 0 0 0
163 44 5 5 Name 0 0 0
244 601 8 5 Name 0 0 0
771 787 10 4 Name 0 0 0
960 80 11 4 Name 0 0 0
57 213 10 5 Name 0 0 0
999 856 15 6 Name 0 0 0
826 561 7 4 Name 0 0 0
566 1013 11 3 Name 0 0 0
832 199 13 5 Name 0 0 0
583 458 12 5 Name 0 0 0
80 855 8 3 Name 0 0 0
78 314 7 5 Name 0 0 0
775 807 16 3 Name 0 0 0
84 178 6 4 Name 0 0 0
558 143 16 2 Name 0 0 0
668 699 11 3 Name 0 0 0
774 945 5 3 Name 0 0 0
827 408 11 3 Name 0 0 0
387 312 14 5 Name 0 0 0
674 807 11 4 Name 0 0 0
113 748 11 4 Name 0 0 0
179 912 14 3 Name 0 0 0
783 655 16 5 Name 0 0 0
690 808 12 5 Name 0 0 0
689 837 10 5 Name 0 0 0
105 605 6 3 Name 0 0 0
808 712 13 5 Name 0 0 0
8 596 4 3 Name 0 0 0
959 638 11 2 Name 0 0 0
45 70 7 4 Name 0 0 0
761 24 5 6 Name 0 0 0
867 599 7 6 Name 0 0 0
68 884 16 3 Name 0 0 0
573 385 15 3 Name 0 0 0
979 316 9 4 Name 0 0 0
623 320 15 2 Name 0 0 0
493 251 13 5 Name 0 0 0
972 925 6 2 Name 0 0 0
258 1022 9 2 Name 0 0 0
510 256 14 3 Name 0 0 0
781 408 12 4 Name 0 0 0
262 813 6 3 Name 0 0 0
407 374 12 5 Name 0 0 0
428 862 14 6 Name 0 0 0
164 176 5 3 Name 0 0 0
199 882 7 5 Name 0 0 0
542 523 12 6 Name 0 0 0
103 125 9 3 Name 0 0 0
787 860 9 3 Name 0 0 0
826 741 9 4 Name 0 0 0
744 35 9 2 Name 0 0 0
320 882 13 3 Name 0 0 0
199 481 5 3 Name 0 0 0
539 1024 15 6 Name 0 0 0
376 91 4 6 Name 0 0 0
700 763 8 5 Name 0 0 0
373 515 12 2 Name 0 0 0
26 650 13 4 Name 0 0 0
326 323 10 3 Name 0 0 0
474 894 8 5 Name 0 0 0
768 290 11 5 Name 0 0 0
978 931 10 4 Name 0 0 0
110 330 15 6 Name 0 0 0
226 14 10 5 Name 0 0 0
778 841 13 5 Name 0 0 0
635 85 15 6 Name 0 0 0
748 827 12 5 Name 0 0 0
158 861 5 4 Name 0 0 0
742 883 15 4 Name 0 0 0
500 943 6 3 Name 0 0 0
226 352 12 3 Name 0 0 0
301 128 14 6 Name 0 0 0
167 295 15 5 Name 0 0 0
810 458 8 6 Name 0 0 0
466 552 7 4 Name 0 0 0
890 1015 7 2 Name 0 0 0
865 466 14 3 Name 0 0 0
343 817 14 3 Name 0 0 0
218 144 11 6 Name 0 0 0
300 134 15 4 Name 0 0 0
784 12 6 6 Name 0 0 0
984 108 11 5 Name 0 0 0
923 193 8 4 Name 0 0 0
1024 331 10 4 Name 0 0 0
461 362 12 3 Name 0 0 0
121 274 6 3 Name 0 0 0
457 281 9 3 Name 0 0 0
359 228 10 3 Name 0 0 0
872 26 6 4 Name 0 0 0
163 742 7 2 Name 0 0 0
999 345 12 3 Name 0 0 0
214 958 15 3 Name 0 0 0
623 704 12 3 Name 0 0 0
369 114 5 2 Name 0 0 0
99 1003 10 2 Name 0 0 0
418 970 13 5 Name 0 0 0
382 975 13 6 Name 0 0 0
19 851 6 3 Name 0 0 0
967 336 12 5 Name 0 0 0
547 230 7 5 Name 0 0 0
464 476 15 3 Name 0 0 0
850 628 5 5 Name 0 0 0
877 976 10 2 Name 0 0 0
43 580 4 3 Name 0 0 0
80 708 9 2 Name 0 0 0
934 359 9 4 Name 0 0 0
442 123 13 5 Name 0 0 0
204 157 4 2 Name 0 0 0
856 680 12 6 Name 0 0 0
191 473 9 3 Name 0 0 0
745 954 15 2 Name 0 0 0
126 321 13 3 Name 0 0 0
61 872 7 6 Name 0 0 0
152 691 13 2 Name 0 0 0
148 785 9 4 Name 0 0 0
875 735 10 5 Name 0 0 0
630 972 6 6 Name 0 0 0
578 576 13 3 Name 0 0 0
141 335 13 6 Name 0 0 0
868 528 6 4 Name 0 0 0
420 153 14 5 Name 0 0 0
298 761 6 2 Name 0 0 0
883 637 13 3 Name 0 0 0
889 122 8 5 Name 0 0 0
755 539 15 4 Name 0 0 0
443 425 7 5 Name 0 0 0
52 477 11 2 Name 0 0 0
952 126 7 4 Name 0 0 0
831 501 7 5 Name 0 0 0
828 116 10 3 Name 0 0 0
460 237 9 3 Name 0 0 0
273 876 13 3 Name 0 0 0
732 443 8 5 Name 0 0 0
286 281 15 6 Name 0 0 0
404 886 8 5 Name 0 0 0
441 668 6 4 Name 0 0 0
967 27 5 3 Name 0 0 0
241 361 10 5 Name 0 0 0
533 301 5 6 Name 0 0 0
968 724 9 6 Name 0 0 0
433 831 15 4 Name 0 0 0
11 853 4 2 Name 0 0 0
178 760 4 4 Name 0 0 0
870 90 11 5 Name 0 0 0
880 782 14 3 Name 0 0 0
371 679 5 5 Name 0 0 0
378 668 10 6 Name 0 0 0
654 183 5 5 Name 0 0 0
867 333 5 2 Name 0 0 0
98 209 6 4 Name 0 0 0
916 779 14 6 Name 0 0 0
953 51 7 4 Name 0 0 0
967 955 7 3 Name 0 0 0
932 27 8 4 Name 0 0 0
25 291 5 3 Name 0 0 0
535 427 11 5 Name 0 0 0
810 282 10 6 Name 0 0 0
321 512 8 3 Name 0 0 0
233 782 14 4 Name 0 0 0
333 54 15 2 Name 0 0 0
344 550 16 2 Name 0 0 0
183 922 11 4 Name 0 0 0
1006 407 4 6 Name 0 0 0
160 157 15 5 Name 0 0 0
288 1010 5 4 Name 0 0 0
647 907 4 5 Name 0 0 0
154 205 15 3 Name 0 0 0
295 45 12 2 Name 0 0 0
406 395 14 3 Name 0 0 0
619 127 16 6 Name 0 0 0
163 774 5 4 Name 0 0 0
186 141 5 5 Name 0 0 0
861 214 4 5 Name 0 0 0
529 944 8 2 Name 0 0 0
371 989 9 3 Name 0 0 0
83 690 7 2 Name 0 0 0
326 97 9 2 Name 0 0 0
1008 551 11 3 Name 0 0 0
737 580 9 4 Name 0 0 0
638 71 7 6 Name 0 0 0
536 620 5 6 Name 0 0 0
933 248 12 4 Name 0 0 0
821 134 10 3 Name 0 0 0
92 277 13 3 Name 0 0 0
473 713 9 4 Name 0 0 0
80 60 4 5 Name 0 0 0
528 886 5 4 Name 0 0 0
393 852 9 5 Name 0 0 0
892 310 9 4 Name 0 0 0
117 293 15 5 Name 0 0 0
908 577 6 6 Name 0 0 0
792 748 5 3 Name 0 0 0
184 878 13 4 Name 0 0 0
34 874 7 6 Name 0 0 0
550 497 10 6 Name 0 0 0
178 384 8 4 Name 0 0 0
2 424 6 3 Name 0 0 0
806 89 15 5 Name 0 0 0
311 994 12 5 Name 0 0 0
556 165 10 6 Name 0 0 0
761 668 14 3 Name 0 0 0
501 368 11 5 Name 0 0 0
713 554 10 6 Name 0 0 0
842 456 7 3 Name 0 0 0
470 693 7 4 Name 0 0 0
764 762 5 4 Name 0 0 0
690 953 15 4 Name 0 0 0
783 501 14 6 Name 0 0 0
804 953 14 5 Name 0 0 0
1004 755 13 3 Name 0 0 0
31 240 8 5 Name 0 0 0
995 830 15 3 Name 0 0 0
722 470 12 3 Name 0 0 0
606 307 4 4 Name 0 0 0
832 800 9 3 Name 0 0 0
550 303 15 3 Name 0 0 0
487 519 14 6 Name 0 0 0
444 600 15 4 Name 0 0 0
782 775 8 3 Name 0 0 0
59 577 15 5 Name 0 0 0
874 269 8 3 Name 0 0 0
17 351 6 5 Name 0 0 0
307 423 5 6 Name 0 0 0
220 11 13 6 Name 0 0 0
500 222 5 5 Name 0 0 0
476 218 14 6 Name 0 0 0
714 396 8 5 Name 0 0 0
832 691 11 5 Name 0 0 0
406 2 6 3 Name 0 0 0
442 503 6 2 Name 0 0 0
629 830 11 5 Name 0 0 0
109 451 5 5 Name 0 0 0
580 899 16 4 Name 0 0 0
900 557 7 4 Name 0 0 0
346 879 10 5 Name 0 0 0
675 944 8 6 Name 0 0 0
757 327 15 2 Name 0 0 0
593 328 5 3 Name 0 0 0
483 902 14 4 Name 0 0 0
511 633 10 6 Name 0 0 0
246 991 9 6 Name 0 0 0
263 556 11 3 Name 0 0 0
608 755 11 3 Name 0 0 0
154 217 13 6 Name 0 0 0
243 151 6 5 Name 0 0 0
600 867 8 4 Name 0 0 0
196 966 6 6 Name 0 0 0
25 319 8 5 Name 0 0 0
307 778 5 5 Name 0 0 0
619 539 6 3 Name 0 0 0
35 671 7 6 Name 0 0 0
4 864 9 3 Name 0 0 0
359 789 7 4 Name 0 0 0
15 388 14 2 Name 0 0 0
311 541 15 4 Name 0 0 0
487 183 15 5 Name 0 0 0
22 104 14 3 Name 0 0 0
167 576 15 5 Name 0 0 0
612 634 12 2 Name 0 0 0
842 104 5 5 Name 0 0 0
887 553 14 3 Name 0 0 0
446 516 14 4 Name 0 0 0
614 429 14 2 Name 0 0 0
68 981 16 3 Name 0 0 0
116 505 15 2 Name 0 0 0
953 456 9 4 Name 0 0 0
650 117 14 2 Name 0 0 0
148 58 14 5 Name 0 0 0
786 6 4 5 Name 0 0 0
176 518 11 5 Name 0 0 0
220 664 12 6 Name 0 0 0
717 309 15 4 Name 0 0 0
316 760 8 5 Name 0 0 0
155 195 13 4 Name 0 0 0
739 32 9 5 Name 0 0 0
58 297 10 2 Name 0 0 0
422 427 9 3 Name 0 0 0
955 437 10 2 Name 0 0 0
621 78 11 3 Name 0 0 0
109 748 5 4 Name 0 0 0
879 14 12 4 Name 0 0 0
287 307 7 2 Name 0 0 0
235 403 4 2 Name 0 0 0
372 564 6 3 Name 0 0 0
809 233 16 3 Name 0 0 0
768 208 14 5 Name 0 0 0
448 510 6 4 Name 0 0 0
674 675 16 5 Name 0 0 0
770 401 4 4 Name 0 0 0
617 106 4 5 Name 0 0 0
589 643 14 3 Name 0 0 0
246 824 9 2 Name 0 0 0
826 238 12 3 Name 0 0 0
29 7 5 3 Name 0 0 0
84 921 13 4 Name 0 0 0
722 728 8 4 Name 0 0 0
822 90 8 5 Name 0 0 0
984 996 10 6 Name 0 0 0
285 1 5 4 Name 0 0 0
382 993 9 3 Name 0 0 0
651 869 15 5 Name 0 0 0
775 722 8 5 Name 0 0 0
855 370 5 5 Name 0 0 0
767 499 9 5 Name 0 0 0
1016 482 11 5 Name 0 0 0
89 709 16 4 Name 0 0 0
256 175 12 3 Name 0 0 0
476 316 8 6 Name 0 0 0
300 248 13 6 Name 0 0 0
1001 313 9 5 Name 0 0 0
221 5 11 2 Name 0 0 0
289 749 10 3 Name 0 0 0
819 658 5 4 Name 0 0 0
809 68 15 2 Name 0 0 0
953 274 13 3 Name 0 0 0
171 270 15 3 Name 0 0 0
488 792 14 5 Name 0 0 0
943 472 8 5 Name 0 0 0
243 491 11 2 Name 0 0 0
129 305 12 4 Name 0 0 0
402 986 14 4 Name 0 0 0
977 952 6 2 Name 0 0 0
508 951 6 4 Name 0 0 0
44 758 4 3 Name 0 0 0
383 123 15 5 Name 0 0 0
539 94 12 2 Name 0 0 0
611 672 16 4 Name 0 0 0
840 752 10 3 Name 0 0 0
679 235 12 3 Name 0 0 0
578 166 5 2 Name 0 0 0
338 260 7 6 Name 0 0 0
851 218 7 5 Name 0 0 0
978 857 14 3 Name 0 0 0
643 700 13 4 Name 0 0 0
986 475 8 6 Name 0 0 0
220 563 12 3 Name 0 0 0
741 177 11 6 Name 0 0 0
574 613 13 3 Name 0 0 0
988 321 5 2 Name 0 0 0
905 758 13 3 Name 0 0 0
504 533 15 6 Name 0 0 0
696 959 13 5 Name 0 0 0
143 865 11 3 Name 0 0 0
308 279 11 3 Name 0 0 0
296 488 13 6 Name 0 0 0
305 765 11 5 Name 0 0 0
673 17 9 5 Name 0 0 0
189 920 14 6 Name 0 0 0
34 503 5 3 Name 0 0 0
322 690 8 4 Name 0 0 0
718 768 8 5 Name 0 0 0
832 692 12 5 Name 0 0 0
583 498 13 4 Name 0 0 0
509 48 16 3 Name 0 0 0
475 448 11 3 Name 0 0 0
450 557 5 6 Name 0 0 0
638 489 8 3 Name 0 0 0
387 472 12 2 Name 0 0 0
956 573 10 5 Name 0 0 0
720 360 12 4 Name 0 0 0
383 663 11 2 Name 0 0 0
812 541 10 4 Name 0 0 0
764 280 11 4 Name 0 0 0
195 746 14 3 Name 0 0 0
58 837 7 3 Name 0 0 0
674 313 8 4 Name 0 0 0
284 460 15 5 Name 0 0 0
726 417 7 5 Name 0 0 0
733 67 10 4 Name 0 0 0
547 244 9 4 Name 0 0 0
666 699 8 5 Name 0 0 0
1010 837 4 3 Name 0 0 0
131 274 14 4 Name 0 0 0
777 993 6 2 Name 0 0 0
955 569 5 3 Name 0 0 0
970 960 13 5 Name 0 0 0
493 43 9 2 Name 0 0 0
253 387 14 2 Name 0 0 0
419 944 12 5 Name 0 0 0
586 173 12 3 Name 0 0 0
156 647 12 5 Name 0 0 0
430 1016 11 2 Name 0 0 0
585 819 13 4 Name 0 0 0
130 967 14 4 Name 0 0 0
371 253 16 4 Name 0 0 0
839 405 5 4 Name 0 0 0
436 660 13 4 Name 0 0 0
910 749 9 4 Name 0 0 0
44 50 9 6 Name 0 0 0
66 496 13 3 Name 0 0 0
56 312 5 3 Name 0 0 0
123 699 7 3 Name 0 0 0
873 381 8 4 Name 0 0 0
295 266 10 5 Name 0 0 0
267 1014 11 2 Name 0 0 0
724 410 9 3 Name 0 0 0
614 567 11 4 Name 0 0 0
741 492 4 3 Name 0 0 0
412 851 15 3 Name 0 0 0
75 859 12 4 Name 0 0 0
693 450 11 3 Name 0 0 0
280 547 15 3 Name 0 0 0
410 203 13 4 Name 0 0 0
542 696 13 2 Name 0 0 0
475 18 5 3 Name 0 0 0
215 1012 11 2 Name 0 0 0
783 1 12 5 Name 0 0 0
517 893 13 5 Name 0 0 0
718 245 14 5 Name 0 0 0
948 639 16 3 Name 0 0 0
18 409 8 5 Name 0 0 0
221 60 10 3 Name 0 0 0
38 581 14 5 Name 0 0 0
466 955 11 5 Name 0 0 0
286 34 8 5 Name 0 0 0
465 91 5 6 Name 0 0 0
722 641 8 3 Name 0 0 0
379 1010 5 6 Name 0 0 0
983 190 4 2 Name 0 0 0
33 647 10 3 Name 0 0 0
293 234 11 4 Name 0 0 0
900 331 15 4 Name 0 0 0
974 303 5 3 Name 0 0 0
602 642 4 4 Name 0 0 0
102 76 11 6 Name 0 0 0
832 781 13 5 Name 0 0 0
815 684 9 3 Name 0 0 0
517 795 4 3 Name 0 0 0
598 171 14 3 Name 0 0 0
894 167 9 3 Name 0 0 0
508 177 14 2 Name 0 0 0
418 205 5 4 Name 0 0 0
769 708 6 3 Name 0 0 0
822 161 12 4 Name 0 0 0
71 331 8 3 Name 0 0 0
454 837 10 2 Name 0 0 0
997 834 12 4 Name 0 0 0
368 375 12 2 Name 0 0 0
555 937 10 5 Name 0 0 0
994 383 6 5 Name 0 0 0
261 759 15 4 Name 0 0 0
967 381 12 3 Name 0 0 0
876 982 15 4 Name 0 0 0
721 1012 14 3 Name 0 0 0
876 737 7 6 Name 0 0 0
276 576 11 5 Name 0 0 0
862 998 6 3 Name 0 0 0
1009 463 14 4 Name 0 0 0
183 347 15 5 Name 0 0 0
599 540 14 3 Name 0 0 0
760 271 6 4 Name 0 0 0
67 310 5 6 Name 0 0 0
462 979 5 2 Name 0 0 0
354 534 6 3 Name 0 0 0
261 161 10 4 Name 0 0 0
95 315 6 4 Name 0 0 0
52 489 16 5 Name 0 0 0
955 142 5 2 Name 0 0 0
409 505 6 3 Name 0 0 0
552 926 12 3 Name 0 0 0
998 503 11 3 Name 0 0 0
855 62 11 5 Name 0 0 0
801 863 10 3 Name 0 0 0
430 434 11 3 Name 0 0 0
140 660 16 2 Name 0 0 0
709 23 6 5 Name 0 0 0
1001 880 15 5 Name 0 0 0
645 779 12 5 Name 0 0 0
802 493 11 5 Name 0 0 0
146 757 9 3 Name 0 0 0
294 449 14 5 Name 0 0 0
79 271 12 4 Name 0 0 0
568 200 8 6 Name 0 0 0
747 467 12 2 Name 0 0 0
440 466 8 2 Name 0 0 0
520 185 5 4 Name 0 0 0
234 992 13 5 Name 0 0 0
243 79 15 4 Name 0 0 0
578 713 7 5 Name 0 0 0
430 580 4 3 Name 0 0 0
380 514 11 4 Name 0 0 0
222 270 15 3 Name 0 0 0
829 97 10 3 Name 0 0 0
865 131 8 4 Name 0 0 0
126 505 9 5 Name 0 0 0
211 522 5 4 Name 0 0 0
814 481 5 5 Name 0 0 0
768 612 12 3 Name 0 0 0
149 744 4 4 Name 0 0 0
620 507 14 4 Name 0 0 0
367 386 10 5 Name 0 0 0
636 618 10 5 Name 0 0 0
502 870 4 2 Name 0 0 0
340 214 15 5 Name 0 0 0
36 314 9 4 Name 0 0 0
249 959 4 3 Name 0 0 0
212 214 11 4 Name 0 0 0
63 953 6 4 Name 0 0 0
122 635 8 5 Name 0 0 0
463 230 6 2 Name 0 0 0
394 1011 15 4 Name 0 0 0
170 86 11 3 Name 0 0 0
70 941 5 6 Name 0 0 0
515 428 7 5 Name 0 0 0
201 917 4 3 Name 0 0 0
344 102 5 4 Name 0 0 0
249 105 10 3 Name 0 0 0
403 638 13 3 Name 0 0 0
1000 657 8 2 Name 0 0 0
572 874 10 2 Name 0 0 0
533 398 6 4 Name 0 0 0
353 748 9 5 Name 0 0 0
78 126 9 3 Name 0 0 0
671 110 7 3 Name 0 0 0
71 924 4 5 Name 0 0 0
694 710 15 5 Name 0 0 0
667 647 13 6 Name 0 0 0
990 153 15 3 Name 0 0 0
422 548 4 6 Name 0 0 0
342 663 5 5 Name 0 0 0
602 245 14 6 Name 0 0 0
111 827 9 2 Name 0 0 0
515 605 13 5 Name 0 0 0
25 646 13 6 Name 0 0 0
214 318 4 3 Name 0 0 0
956 338 12 2 Name 0 0 0
298 247 7 6 Name 0 0 0
383 355 13 6 Name 0 0 0
684 999 13 5 Name 0 0 0
188 686 4 3 Name 0 0 0
955 259 9 3 Name 0 0 0
415 416 7 5 Name 0 0 0
301 742 14 4 Name 0 0 0
866 740 9 4 Name 0 0 0
328 955 15 5 Name 0 0 0
471 662 15 3 Name 0 0 0
519 175 9 6 Name 0 0 0
23 275 12 5 Name 0 0 0
304 175 8 3 Name 0 0 0
322 254 13 6 Name 0 0 0
531 979 5 5 Name 0 0 0
354 123 15 4 Name 0 0 0
411 235 8 2 Name 0 0 0
414 866 8 5 Name 0 0 0
86 68 7 6 Name 0 0 0
338 416 7 2 Name 0 0 0
720 772 12 3 Name 0 0 0
579 966 10 3 Name 0 0 0
139 564 15 5 Name 0 0 0
793 733 8 5 Name 0 0 0
613 34 13 6 Name 0 0 0
89 699 5 3 Name 0 0 0
373 863 11 3 Name 0 0 0
651 467 13 6 Name 0 0 0
801 537 10 5 Name 0 0 0
525 264 7 6 Name 0 0 0
449 973 13 3 Name 0 0 0
759 569 6 2 Name 0 0 0
692 704 9 4 Name 0 0 0
614 683 12 2 Name 0 0 0
768 560 8 6 Name 0 0 0
291 394 6 4 Name 0 0 0
48 850 15 5 Name 0 0 0
860 581 15 4 Name 0 0 0
882 1009 12 4 Name 0 0 0
581 218 13 6 Name 0 0 0
759 566 8 6 Name 0 0 0
70 715 15 5 Name 0 0 0
854 931 12 2 Name 0 0 0
742 702 12 5 Name 0 0 0
727 86 12 5 Name 0 0 0
259 937 7 2 Name 0 0 0
898 658 9 4 Name 0 0 0
695 85 8 5 Name 0 0 0
914 698 5 3 Name 0 0 0
793 144 10 6 Name 0 0 0
709 596 5 3 Name 0 0 0
139 374 8 4 Name 0 0 0
433 493 10 3 Name 0 0 0
593 698 13 3 Name 0 0 0
317 137 12 5 Name 0 0 0
725 653 12 3 Name 0 0 0
695 762 6 6 Name 0 0 0
537 106 11 4 Name 0 0 0
693 146 14 4 Name 0 0 0
670 930 16 4 Name 0 0 0
107 822 5 3 Name 0 0 0
794 688 9 5 Name 0 0 0
394 182 4 6 Name 0 0 0
947 256 11 3 Name 0 0 0
496 598 16 5 Name 0 0 0
971 147 15 3 Name 0 0 0
974 750 8 3 Name 0 0 0
1005 398 12 6 Name 0 0 0
255 758 11 4 Name 0 0 0
191 742 13 4 Name 0 0 0
828 82 12 6 Name 0 0 0
701 985 10 3 Name 0 0 0
881 210 8 3 Name 0 0 0
729 817 10 2 Name 0 0 0
218 934 5 5 Name 0 0 0
331 701 13 6 Name 0 0 0
869 244 12 2 Name 0 0 0
950 228 5 3 Name 0 0 0
651 276 10 3 Name 0 0 0
243 608 14 3 Name 0 0 0
960 235 11 5 Name 0 0 0
822 803 5 4 Name 0 0 0
228 871 10 4 Name 0 0 0
498 647 10 3 Name 0 0 0
881 200 9 6 Name 0 0 0
873 133 10 5 Name 0 0 0
506 174 8 2 Name 0 0 0
849 734 14 6 Name 0 0 0
572 339 5 4 Name 0 0 0
257 685 13 4 Name 0 0 0
974 320 11 5 Name 0 0 0
552 821 16 3 Name 0 0 0
99 206 6 3 Name 0 0 0
820 327 11 2 Name 0 0 0
652 760 4 4 Name 0 0 0
128 485 4 5 Name 0 0 0
682 86 13 2 Name 0 0 0
940 503 12 3 Name 0 0 0
324 329 6 4 Name 0 0 0
462 798 13 5 Name 0 0 0
450 929 6 3 Name 0 0 0
786 579 10 4 Name 0 0 0
151 209 9 4 Name 0 0 0
658 718 14 4 Name 0 0 0
817 668 7 4 Name 0 0 0
382 552 5 5 Name 0 0 0
482 738 12 4 Name 0 0 0
823 267 13 4 Name 0 0 0
227 946 6 3 Name 0 0 0
647 145 10 2 Name 0 0 0
354 894 4 2 Name 0 0 0
534 941 10 4 Name 0 0 0
1016 856 5 3 Name 0 0 0
206 765 15 5 Name 0 0 0
826 178 10 4 Name 0 0 0
677 43 10 5 Name 0 0 0
101 881 9 5 Name 0 0 0
145 20 15 3 Name 0 0 0
164 241 9 3 Name 0 0 0
532 224 13 3 Name 0 0 0
999 750 10 3 Name 0 0 0
591 327 8 4 Name 0 0 0
723 881 12 3 Name 0 0 0
777 487 13 4 Name 0 0 0
507 235 5 3 Name 0 0 0
121 258 16 5 Name 0 0 0
157 557 12 6 Name 0 0 0
265 366 11 5 Name 0 0 0
914 902 10 5 Name 0 0 0
255 341 15 3 Name 0 0 0
524 869 9 2 Name 0 0 0
153 872 15 3 Name 0 0 0
157 154 11 3 Name 0 0 0
603 213 6 5 Name 0 0 0
273 785 14 6 Name 0 0 0
427 351 13 4 Name 0 0 0
945 414 13 6 Name 0 0 0
567 766 15 2 Name 0 0 0
5 316 11 2 Name 0 0 0
93 257 7 4 Name 0 0 0
921 918 8 3 Name 0 0 0
810 696 12 2 Name 0 0 0
42 593 8 3 Name 0 0 0
930 104 14 6 Name 0 0 0
558 759 11 5 Name 0 0 0
832 741 12 3 Name 0 0 0
734 854 9 6 Name 0 0 0
496 643 12 2 Name 0 0 0
346 889 13 3 Name 0 0 0
102 348 11 4 Name 0 0 0
948 199 11 3 Name 0 0 0
260 462 6 5 Name 0 0 0
1013 756 5 2 Name 0 0 0
313 704 6 6 Name 0 0 0
839 308 16 3 Name 0 0 0
421 247 15 5 Name 0 0 0
127 523 7 3 Name 0 0 0
763 780 13 2 Name 0 0 0
400 248 14 5 Name 0 0 0
1013 625 5 3 Name 0 0 0
401 856 16 3 Name 0 0 0
25 506 8 6 Name 0 0 0
224 230 10 6 Name 0 0 0
647 103 9 6 Name 0 0 0
505 654 6 6 Name 0 0 0
183 929 12 5 Name 0 0 0
948 605 12 4 Name 0 0 0
535 540 14 3 Name 0 0 0
560 390 13 6 Name 0 0 0
519 167 14 5 Name 0 0 0
827 553 13 3 Name 0 0 0
132 14 5 3 Name 0 0 0
431 455 12 6 Name 0 0 0
484 16 14 3 Name 0 0 0
574 232 15 5 Name 0 0 0
868 28 8 5 Name 0 0 0
487 259 5 5 Name 0 0 0
849 12 13 5 Name 0 0 0
763 854 11 3 Name 0 0 0
189 278 8 3 Name 0 0 0
917 702 14 4 Name 0 0 0
711 204 8 5 Name 0 0 0
129 191 14 4 Name 0 0 0
912 666 9 5 Name 0 0 0
853 154 8 6 Name 0 0 0
81 421 15 3 Name 0 0 0
11 537 16 3 Name 0 0 0
251 943 12 4 Name 0 0 0
244 889 15 5 Name 0 0 0
38 290 16 5 Name 0 0 0
13 901 8 5 Name 0 0 0
911 51 12 5 Name 0 0 0
546 389 13 6 Name 0 0 0
347 595 13 4 Name 0 0 0
720 784 11 6 Name 0 0 0
356 83 10 4 Name 0 0 0
816 586 12 2 Name 0 0 0
12 590 14 5 Name 0 0 0
810 331 15 4 Name 0 0 0
948 766 5 6 Name 0 0 0
496 780 13 3 Name 0 0 0
87 7 15 6 Name 0 0 0
653 151 12 4 Name 0 0 0
851 404 12 5 Name 0 0 0
421 747 9 6 Name 0 0 0
314 154 5 4 Name 0 0 0
65 105 15 4 Name 0 0 0
870 143 9 3 Name 0 0 0
780 641 7 5 Name 0 0 0
125 540 7 3 Name 0 0 0
127 81 5 4 Name 0 0 0
256 501 11 4 Name 0 0 0
650 91 11 6 Name 0 0 0
716 865 12 3 Name 0 0 0
202 1020 11 5 Name 0 0 0
329 401 8 5 Name 0 0 0
1007 131 14 4 Name 0 0 0
618 987 14 6 Name 0 0 0
268 801 5 5 Name 0 0 0
798 414 8 2 Name 0 0 0
58 281 12 5 Name 0 0 0
416 702 4 6 Name 0 0 0
764 304 11 4 Name 0 0 0
186 336 14 5 Name 0 0 0
747 278 9 3 Name 0 0 0
625 585 10 3 Name 0 0 0
167 874 10 2 Name 0 0 0
277 546 7 6 Name 0 0 0
83 163 16 5 Name 0 0 0
469 134 12 5 Name 0 0 0
706 537 6 4 Name 0 0 0
754 795 12 5 Name 0 0 0
780 145 11 5 Name 0 0 0
173 156 8 3 Name 0 0 0
363 1013 14 3 Name 0 0 0
206 79 11 3 Name 0 0 0
41 1001 10 5 Name 0 0 0
453 427 13 2 Name 0 0 0
1008 10 7 5 Name 0 0 0
607 65 8 4 Name 0 0 0
579 918 16 6 Name 0 0 0
34 970 7 3 Name 0 0 0
156 806 10 2 Name 0 0 0
261 343 10 5 Name 0 0 0
217 978 6 4 Name 0 0 0
942 25 6 5 Name 0 0 0
584 21 7 3 Name 0 0 0
424 450 7 2 Name 0 0 0
944 105 13 5 Name 0 0 0
282 233 13 5 Name 0 0 0
985 749 7 4 Name 0 0 0
982 836 6 4 Name 0 0 0
746 581 8 5 Name 0 0 0
126 1011 15 5 Name 0 0 0
51 163 7 3 Name 0 0 0
33 839 12 4 Name 0 0 0
833 594 5 5 Name 0 0 0
431 633 6 3 Name 0 0 0
35 160 10 2 Name 0 0 0
983 463 13 2 Name 0 0 0
811 974 5 4 Name 0 0 0
46 859 9 2 Name 0 0 0
445 327 16 2 Name 0 0 0
53 561 12 6 Name 0 0 0
385 57 7 6 Name 0 0 0
741 542 11 3 Name 0 0 0
1017 536 14 4 Name 0 0 0
562 923 15 6 Name 0 0 0
991 717 8 5 Name 0 0 0
697 443 6 2 Name 0 0 0
364 78 15 3 Name 0 0 0
206 325 6 3 Name 0 0 0
941 153 12 2 Name 0 0 0
365 695 16 4 Name 0 0 0
850 684 7 5 Name 0 0 0
212 230 14 5 Name 0 0 0
785 876 15 3 Name 0 0 0
100 632 7 5 Name 0 0 0
160 234 12 6 Name 0 0 0
797 571 16 3 Name 0 0 0
752 60 9 2 Name 0 0 0
1010 3 6 2 Name 0 0 0
631 244 11 4 Name 0 0 0
724 60 11 3 Name 0 0 0
563 487 5 3 Name 0 0 0
437 572 6 4 Name 0 0 0
897 269 15 5 Name 0 0 0
564 318 5 4 Name 0 0 0
722 694 4 5 Name 0 0 0
290 530 14 6 Name 0 0 0
7 366 13 4 Name 0 0 0
950 373 9 4 Name 0 0 0
108 188 12 5 Name 0 0 0
455 169 8 3 Name 0 0 0
83 503 11 2 Name 0 0 0
936 706 9 5 Name 0 0 0
332 627 9 5 Name 0 0 0
795 224 15 5 Name 0 0 0
222 992 15 5 Name 0 0 0
910 52 4 6 Name 0 0 0
792 873 10 3 Name 0 0 0
338 848 14 4 Name 0 0 0
570 838 6 3 Name 0 0 0
426 749 13 4 Name 0 0 0
178 486 13 3 Name 0 0 0
195 355 13 2 Name 0 0 0
74 45 14 6 Name 0 0 0
428 887 16 4 Name 0 0 0
251 43 7 3 Name 0 0 0
404 569 4 4 Name 0 0 0
761 859 5 2 Name 0 0 0
1017 957 9 3 Name 0 0 0
251 245 7 4 Name 0 0 0
994 430 15 4 Name 0 0 0
630 22 15 3 Name 0 0 0
435 479 7 4 Name 0 0 0
257 703 7 5 Name 0 0 0
434 780 4 2 Name 0 0 0
77 494 7 4 Name 0 0 0
990 830 13 4 Name 0 0 0
137 146 13 4 Name 0 0 0
109 920 5 2 Name 0 0 0
679 485 13 3 Name 0 0 0
885 574 7 2 Name 0 0 0
722 219 8 3 Name 0 0 0
175 503 13 5 Name 0 0 0
961 730 9 6 Name 0 0 0
39 314 7 4 Name 0 0 0
52 708 13 5 Name 0 0 0
229 625 13 2 Name 0 0 0
233 163 15 6 Name 0 0 0
739 389 13 2 Name 0 0 0
61 945 9 5 Name 0 0 0
820 637 10 5 Name 0 0 0
143 537 9 3 Name 0 0 0
804 667 7 5 Name 0 0 0
849 459 10 4 Name 0 0 0
444 131 15 4 Name 0 0 0
96 665 6 3 Name 0 0 0
314 30 5 5 Name 0 0 0
477 391 4 5 Name 0 0 0
910 129 6 2 Name 0 0 0
989 619 14 5 Name 0 0 0
632 364 9 6 Name 0 0 0
529 126 11 4 Name 0 0 0
992 115 9 5 Name 0 0 0
67 26 11 4 Name 0 0 0
354 941 13 3 Name 0 0 0
978 574 6 6 Name 0 0 0
637 770 9 3 Name 0 0 0
x-Min=0
x-Max=1024
y-Min=0
y-Max=1024
min label height=2.0
max label height=6.0
min label width=4.0
max label width=16.0
