1024
351 405 98 2 Name 0 0 0
635 329 72 2 Name 0 0 0
608 667 45 2 Name 0 0 0
43 377 126 2 Name 0 0 0
574 399 38 2 Name 0 0 0
786 787 40 2 Name 0 0 0
690 402 49 2 Name 0 0 0
911 328 18 2 Name 0 0 0
241 696 31 2 Name 0 0 0
962 225 69 2 Name 0 0 0
127 878 22 2 Name 0 0 0
597 74 61 2 Name 0 0 0
459 985 110 2 Name 0 0 0
155 692 85 2 Name 0 0 0
41 742 89 2 Name 0 0 0
89 476 12 2 Name 0 0 0
133 199 70 2 Name 0 0 0
700 370 69 2 Name 0 0 0
435 70 20 2 Name 0 0 0
856 655 91 2 Name 0 0 0
846 382 28 2 Name 0 0 0
1011 529 33 2 Name 0 0 0
11 214 17 2 Name 0 0 0
699 373 47 2 Name 0 0 0
148 869 42 2 Name 0 0 0
392 502 85 2 Name 0 0 0
242 78 20 2 Name 0 0 0
424 500 83 2 Name 0 0 0
904 107 59 2 Name 0 0 0
118 620 33 2 Name 0 0 0
564 873 44 2 Name 0 0 0
453 169 24 2 Name 0 0 0
203 414 9 2 Name 0 0 0
793 237 21 2 Name 0 0 0
790 716 96 2 Name 0 0 0
177 80 56 2 Name 0 0 0
930 109 107 2 Name 0 0 0
557 505 128 2 Name 0 0 0
711 439 102 2 Name 0 0 0
27 173 18 2 Name 0 0 0
471 944 74 2 Name 0 0 0
544 422 65 2 Name 0 0 0
620 258 109 2 Name 0 0 0
488 968 32 2 Name 0 0 0
90 96 61 2 Name 0 0 0
37 976 68 2 Name 0 0 0
531 688 18 2 Name 0 0 0
638 860 114 2 Name 0 0 0
679 26 16 2 Name 0 0 0
802 768 118 2 Name 0 0 0
292 728 83 2 Name 0 0 0
6 107 38 2 Name 0 0 0
429 671 115 2 Name 0 0 0
851 185 26 2 Name 0 0 0
335 742 16 2 Name 0 0 0
626 103 23 2 Name 0 0 0
384 613 47 2 Name 0 0 0
466 47 66 2 Name 0 0 0
668 566 22 2 Name 0 0 0
594 451 106 2 Name 0 0 0
349 624 16 2 Name 0 0 0
772 416 14 2 Name 0 0 0
806 36 121 2 Name 0 0 0
922 266 117 2 Name 0 0 0
823 812 32 2 Name 0 0 0
213 198 113 2 Name 0 0 0
235 431 116 2 Name 0 0 0
37 669 17 2 Name 0 0 0
254 279 117 2 Name 0 0 0
810 296 119 2 Name 0 0 0
228 509 118 2 Name 0 0 0
670 772 34 2 Name 0 0 0
169 703 70 2 Name 0 0 0
592 334 65 2 Name 0 0 0
311 828 121 2 Name 0 0 0
956 120 24 2 Name 0 0 0
279 563 17 2 Name 0 0 0
334 469 10 2 Name 0 0 0
992 454 127 2 Name 0 0 0
838 359 122 2 Name 0 0 0
847 790 102 2 Name 0 0 0
972 139 36 2 Name 0 0 0
897 251 61 2 Name 0 0 0
508 964 82 2 Name 0 0 0
699 965 18 2 Name 0 0 0
355 771 11 2 Name 0 0 0
216 266 71 2 Name 0 0 0
2 256 107 2 Name 0 0 0
270 553 114 2 Name 0 0 0
293 889 52 2 Name 0 0 0
638 233 120 2 Name 0 0 0
203 524 75 2 Name 0 0 0
192 683 8 2 Name 0 0 0
4 479 100 2 Name 0 0 0
459 649 46 2 Name 0 0 0
436 882 112 2 Name 0 0 0
831 755 4 2 Name 0 0 0
173 356 125 2 Name 0 0 0
397 660 68 2 Name 0 0 0
507 339 20 2 Name 0 0 0
547 555 97 2 Name 0 0 0
172 391 103 2 Name 0 0 0
456 47 7 2 Name 0 0 0
387 338 15 2 Name 0 0 0
712 336 119 2 Name 0 0 0
373 456 62 2 Name 0 0 0
197 631 22 2 Name 0 0 0
41 997 94 2 Name 0 0 0
367 825 97 2 Name 0 0 0
891 859 76 2 Name 0 0 0
19 456 13 2 Name 0 0 0
241 474 65 2 Name 0 0 0
235 916 96 2 Name 0 0 0
281 273 7 2 Name 0 0 0
990 47 109 2 Name 0 0 0
219 231 93 2 Name 0 0 0
251 970 127 2 Name 0 0 0
934 564 24 2 Name 0 0 0
782 129 100 2 Name 0 0 0
588 96 124 2 Name 0 0 0
885 930 26 2 Name 0 0 0
360 566 108 2 Name 0 0 0
204 494 109 2 Name 0 0 0
971 161 25 2 Name 0 0 0
698 910 72 2 Name 0 0 0
651 500 99 2 Name 0 0 0
971 283 55 2 Name 0 0 0
860 606 103 2 Name 0 0 0
450 768 126 2 Name 0 0 0
674 518 39 2 Name 0 0 0
1006 991 53 2 Name 0 0 0
525 609 28 2 Name 0 0 0
343 905 18 2 Name 0 0 0
576 1008 84 2 Name 0 0 0
834 987 37 2 Name 0 0 0
101 578 52 2 Name 0 0 0
790 537 22 2 Name 0 0 0
261 786 59 2 Name 0 0 0
919 871 82 2 Name 0 0 0
728 806 25 2 Name 0 0 0
500 5 104 2 Name 0 0 0
653 798 95 2 Name 0 0 0
213 934 81 2 Name 0 0 0
696 488 47 2 Name 0 0 0
340 90 84 2 Name 0 0 0
1004 498 23 2 Name 0 0 0
2 450 24 2 Name 0 0 0
672 44 91 2 Name 0 0 0
605 888 50 2 Name 0 0 0
342 870 76 2 Name 0 0 0
451 827 105 2 Name 0 0 0
322 840 23 2 Name 0 0 0
486 637 55 2 Name 0 0 0
307 884 80 2 Name 0 0 0
317 174 94 2 Name 0 0 0
624 505 62 2 Name 0 0 0
1005 706 58 2 Name 0 0 0
962 524 85 2 Name 0 0 0
2 105 35 2 Name 0 0 0
643 950 127 2 Name 0 0 0
200 771 35 2 Name 0 0 0
617 821 34 2 Name 0 0 0
371 502 73 2 Name 0 0 0
976 633 63 2 Name 0 0 0
933 144 80 2 Name 0 0 0
378 1003 61 2 Name 0 0 0
254 957 75 2 Name 0 0 0
18 427 61 2 Name 0 0 0
239 1016 76 2 Name 0 0 0
714 254 57 2 Name 0 0 0
711 632 81 2 Name 0 0 0
1021 937 10 2 Name 0 0 0
373 433 42 2 Name 0 0 0
765 87 77 2 Name 0 0 0
754 264 36 2 Name 0 0 0
804 392 83 2 Name 0 0 0
729 532 73 2 Name 0 0 0
564 67 63 2 Name 0 0 0
839 340 106 2 Name 0 0 0
87 98 82 2 Name 0 0 0
546 733 115 2 Name 0 0 0
402 498 25 2 Name 0 0 0
883 629 48 2 Name 0 0 0
980 642 24 2 Name 0 0 0
191 281 78 2 Name 0 0 0
617 509 14 2 Name 0 0 0
248 16 33 2 Name 0 0 0
985 454 10 2 Name 0 0 0
736 180 111 2 Name 0 0 0
1 636 95 2 Name 0 0 0
471 245 101 2 Name 0 0 0
961 43 115 2 Name 0 0 0
836 570 46 2 Name 0 0 0
603 313 107 2 Name 0 0 0
766 112 105 2 Name 0 0 0
49 203 29 2 Name 0 0 0
854 14 6 2 Name 0 0 0
729 726 40 2 Name 0 0 0
967 119 56 2 Name 0 0 0
1017 473 77 2 Name 0 0 0
840 847 105 2 Name 0 0 0
898 450 38 2 Name 0 0 0
845 129 26 2 Name 0 0 0
178 105 108 2 Name 0 0 0
303 400 59 2 Name 0 0 0
545 685 116 2 Name 0 0 0
158 879 90 2 Name 0 0 0
206 930 49 2 Name 0 0 0
864 503 23 2 Name 0 0 0
990 366 32 2 Name 0 0 0
923 824 103 2 Name 0 0 0
618 980 71 2 Name 0 0 0
928 629 111 2 Name 0 0 0
806 946 56 2 Name 0 0 0
843 969 64 2 Name 0 0 0
966 797 84 2 Name 0 0 0
652 788 100 2 Name 0 0 0
1011 762 10 2 Name 0 0 0
30 780 29 2 Name 0 0 0
241 233 55 2 Name 0 0 0
605 247 91 2 Name 0 0 0
783 748 69 2 Name 0 0 0
805 577 36 2 Name 0 0 0
430 898 20 2 Name 0 0 0
598 348 13 2 Name 0 0 0
44 88 82 2 Name 0 0 0
761 215 21 2 Name 0 0 0
241 997 10 2 Name 0 0 0
452 147 116 2 Name 0 0 0
436 1023 118 2 Name 0 0 0
370 158 59 2 Name 0 0 0
603 254 85 2 Name 0 0 0
23 924 73 2 Name 0 0 0
743 915 87 2 Name 0 0 0
417 328 70 2 Name 0 0 0
138 1016 107 2 Name 0 0 0
513 55 85 2 Name 0 0 0
502 864 64 2 Name 0 0 0
885 418 50 2 Name 0 0 0
22 820 99 2 Name 0 0 0
875 381 51 2 Name 0 0 0
42 24 91 2 Name 0 0 0
804 194 27 2 Name 0 0 0
380 106 100 2 Name 0 0 0
427 620 52 2 Name 0 0 0
201 372 127 2 Name 0 0 0
316 291 44 2 Name 0 0 0
489 199 74 2 Name 0 0 0
532 496 61 2 Name 0 0 0
352 570 12 2 Name 0 0 0
288 744 59 2 Name 0 0 0
482 758 99 2 Name 0 0 0
458 524 114 2 Name 0 0 0
786 645 57 2 Name 0 0 0
195 703 48 2 Name 0 0 0
368 610 45 2 Name 0 0 0
566 434 117 2 Name 0 0 0
982 350 112 2 Name 0 0 0
653 655 24 2 Name 0 0 0
311 945 57 2 Name 0 0 0
908 875 119 2 Name 0 0 0
961 81 27 2 Name 0 0 0
63 559 88 2 Name 0 0 0
425 604 108 2 Name 0 0 0
425 301 58 2 Name 0 0 0
418 811 60 2 Name 0 0 0
1019 548 51 2 Name 0 0 0
91 399 38 2 Name 0 0 0
260 633 93 2 Name 0 0 0
942 937 94 2 Name 0 0 0
54 917 47 2 Name 0 0 0
992 1008 100 2 Name 0 0 0
235 256 37 2 Name 0 0 0
866 650 8 2 Name 0 0 0
895 723 15 2 Name 0 0 0
147 977 19 2 Name 0 0 0
338 318 70 2 Name 0 0 0
439 568 123 2 Name 0 0 0
574 867 39 2 Name 0 0 0
212 297 110 2 Name 0 0 0
930 967 67 2 Name 0 0 0
785 212 116 2 Name 0 0 0
121 829 59 2 Name 0 0 0
294 205 98 2 Name 0 0 0
351 859 44 2 Name 0 0 0
853 26 66 2 Name 0 0 0
727 264 13 2 Name 0 0 0
536 762 101 2 Name 0 0 0
572 272 84 2 Name 0 0 0
554 667 52 2 Name 0 0 0
627 488 104 2 Name 0 0 0
467 600 51 2 Name 0 0 0
755 537 127 2 Name 0 0 0
434 347 63 2 Name 0 0 0
447 993 12 2 Name 0 0 0
410 59 124 2 Name 0 0 0
213 509 50 2 Name 0 0 0
694 968 91 2 Name 0 0 0
446 227 13 2 Name 0 0 0
281 162 52 2 Name 0 0 0
390 731 28 2 Name 0 0 0
870 491 54 2 Name 0 0 0
585 769 60 2 Name 0 0 0
755 291 13 2 Name 0 0 0
117 552 57 2 Name 0 0 0
645 506 54 2 Name 0 0 0
52 624 69 2 Name 0 0 0
989 869 13 2 Name 0 0 0
551 294 59 2 Name 0 0 0
468 228 82 2 Name 0 0 0
624 100 30 2 Name 0 0 0
800 177 104 2 Name 0 0 0
707 11 77 2 Name 0 0 0
673 147 37 2 Name 0 0 0
101 234 28 2 Name 0 0 0
338 460 79 2 Name 0 0 0
87 930 61 2 Name 0 0 0
870 831 52 2 Name 0 0 0
835 109 43 2 Name 0 0 0
554 17 15 2 Name 0 0 0
434 598 72 2 Name 0 0 0
737 100 17 2 Name 0 0 0
41 718 101 2 Name 0 0 0
957 850 11 2 Name 0 0 0
721 146 31 2 Name 0 0 0
619 663 128 2 Name 0 0 0
897 684 43 2 Name 0 0 0
641 299 31 2 Name 0 0 0
664 540 40 2 Name 0 0 0
733 905 128 2 Name 0 0 0
59 422 122 2 Name 0 0 0
305 268 127 2 Name 0 0 0
510 554 84 2 Name 0 0 0
767 604 104 2 Name 0 0 0
774 144 45 2 Name 0 0 0
941 641 44 2 Name 0 0 0
697 639 90 2 Name 0 0 0
824 65 21 2 Name 0 0 0
163 611 59 2 Name 0 0 0
265 739 96 2 Name 0 0 0
130 447 18 2 Name 0 0 0
486 420 6 2 Name 0 0 0
92 647 111 2 Name 0 0 0
761 293 69 2 Name 0 0 0
392 810 119 2 Name 0 0 0
944 919 68 2 Name 0 0 0
951 76 35 2 Name 0 0 0
952 381 34 2 Name 0 0 0
663 10 88 2 Name 0 0 0
557 229 118 2 Name 0 0 0
876 802 55 2 Name 0 0 0
428 428 63 2 Name 0 0 0
207 815 16 2 Name 0 0 0
360 299 108 2 Name 0 0 0
1020 690 116 2 Name 0 0 0
245 448 84 2 Name 0 0 0
399 639 10 2 Name 0 0 0
923 60 116 2 Name 0 0 0
520 132 52 2 Name 0 0 0
582 325 117 2 Name 0 0 0
395 389 66 2 Name 0 0 0
954 665 63 2 Name 0 0 0
632 355 31 2 Name 0 0 0
761 718 109 2 Name 0 0 0
1011 60 106 2 Name 0 0 0
686 558 23 2 Name 0 0 0
522 513 64 2 Name 0 0 0
482 567 119 2 Name 0 0 0
945 961 88 2 Name 0 0 0
141 233 22 2 Name 0 0 0
400 545 34 2 Name 0 0 0
595 276 116 2 Name 0 0 0
708 473 55 2 Name 0 0 0
542 470 102 2 Name 0 0 0
892 323 50 2 Name 0 0 0
843 603 12 2 Name 0 0 0
830 230 82 2 Name 0 0 0
470 852 125 2 Name 0 0 0
590 579 56 2 Name 0 0 0
935 910 101 2 Name 0 0 0
545 384 77 2 Name 0 0 0
227 479 31 2 Name 0 0 0
1007 623 22 2 Name 0 0 0
682 151 25 2 Name 0 0 0
226 511 66 2 Name 0 0 0
321 613 48 2 Name 0 0 0
838 833 124 2 Name 0 0 0
1010 719 46 2 Name 0 0 0
357 707 16 2 Name 0 0 0
631 172 121 2 Name 0 0 0
1022 301 94 2 Name 0 0 0
726 515 6 2 Name 0 0 0
677 986 93 2 Name 0 0 0
78 599 71 2 Name 0 0 0
669 121 29 2 Name 0 0 0
792 72 14 2 Name 0 0 0
845 104 33 2 Name 0 0 0
821 500 109 2 Name 0 0 0
882 765 70 2 Name 0 0 0
118 530 49 2 Name 0 0 0
197 946 45 2 Name 0 0 0
978 4 51 2 Name 0 0 0
338 21 119 2 Name 0 0 0
797 549 67 2 Name 0 0 0
109 303 36 2 Name 0 0 0
398 893 45 2 Name 0 0 0
800 939 67 2 Name 0 0 0
882 875 79 2 Name 0 0 0
852 369 105 2 Name 0 0 0
532 625 51 2 Name 0 0 0
362 74 71 2 Name 0 0 0
199 330 41 2 Name 0 0 0
693 857 58 2 Name 0 0 0
679 453 96 2 Name 0 0 0
602 724 117 2 Name 0 0 0
781 5 52 2 Name 0 0 0
929 377 46 2 Name 0 0 0
677 170 98 2 Name 0 0 0
573 797 107 2 Name 0 0 0
253 760 72 2 Name 0 0 0
82 511 55 2 Name 0 0 0
781 157 24 2 Name 0 0 0
155 771 124 2 Name 0 0 0
774 805 10 2 Name 0 0 0
695 801 15 2 Name 0 0 0
648 965 53 2 Name 0 0 0
244 668 107 2 Name 0 0 0
218 35 101 2 Name 0 0 0
749 806 73 2 Name 0 0 0
977 493 45 2 Name 0 0 0
471 183 35 2 Name 0 0 0
213 594 36 2 Name 0 0 0
273 973 13 2 Name 0 0 0
855 58 31 2 Name 0 0 0
928 8 104 2 Name 0 0 0
548 905 102 2 Name 0 0 0
713 487 38 2 Name 0 0 0
844 821 31 2 Name 0 0 0
422 366 123 2 Name 0 0 0
384 189 58 2 Name 0 0 0
440 272 53 2 Name 0 0 0
634 449 120 2 Name 0 0 0
320 158 95 2 Name 0 0 0
846 922 60 2 Name 0 0 0
185 741 63 2 Name 0 0 0
631 334 29 2 Name 0 0 0
508 132 45 2 Name 0 0 0
108 35 6 2 Name 0 0 0
625 772 59 2 Name 0 0 0
291 860 45 2 Name 0 0 0
616 849 30 2 Name 0 0 0
810 805 26 2 Name 0 0 0
182 592 126 2 Name 0 0 0
622 579 115 2 Name 0 0 0
957 617 61 2 Name 0 0 0
748 305 69 2 Name 0 0 0
615 938 36 2 Name 0 0 0
908 397 29 2 Name 0 0 0
748 938 77 2 Name 0 0 0
69 37 87 2 Name 0 0 0
519 807 118 2 Name 0 0 0
366 1022 121 2 Name 0 0 0
737 923 101 2 Name 0 0 0
627 188 101 2 Name 0 0 0
677 999 52 2 Name 0 0 0
474 432 64 2 Name 0 0 0
149 659 81 2 Name 0 0 0
532 477 105 2 Name 0 0 0
748 1010 110 2 Name 0 0 0
705 580 14 2 Name 0 0 0
608 139 87 2 Name 0 0 0
623 12 25 2 Name 0 0 0
336 32 84 2 Name 0 0 0
1014 616 21 2 Name 0 0 0
138 421 121 2 Name 0 0 0
922 33 32 2 Name 0 0 0
877 443 59 2 Name 0 0 0
811 788 65 2 Name 0 0 0
168 886 85 2 Name 0 0 0
787 113 69 2 Name 0 0 0
589 952 90 2 Name 0 0 0
720 56 60 2 Name 0 0 0
240 52 39 2 Name 0 0 0
898 63 13 2 Name 0 0 0
263 213 114 2 Name 0 0 0
734 513 28 2 Name 0 0 0
169 193 112 2 Name 0 0 0
506 782 95 2 Name 0 0 0
914 369 125 2 Name 0 0 0
577 961 5 2 Name 0 0 0
335 139 109 2 Name 0 0 0
99 477 46 2 Name 0 0 0
379 748 73 2 Name 0 0 0
306 418 124 2 Name 0 0 0
319 930 43 2 Name 0 0 0
305 419 23 2 Name 0 0 0
911 2 48 2 Name 0 0 0
751 301 12 2 Name 0 0 0
574 38 47 2 Name 0 0 0
495 648 39 2 Name 0 0 0
168 790 51 2 Name 0 0 0
787 53 88 2 Name 0 0 0
84 547 93 2 Name 0 0 0
941 331 120 2 Name 0 0 0
268 834 10 2 Name 0 0 0
261 514 86 2 Name 0 0 0
752 797 114 2 Name 0 0 0
180 284 115 2 Name 0 0 0
473 1013 104 2 Name 0 0 0
173 280 41 2 Name 0 0 0
757 915 30 2 Name 0 0 0
254 889 44 2 Name 0 0 0
980 796 115 2 Name 0 0 0
535 295 124 2 Name 0 0 0
464 511 43 2 Name 0 0 0
933 20 24 2 Name 0 0 0
951 844 5 2 Name 0 0 0
515 596 52 2 Name 0 0 0
813 359 49 2 Name 0 0 0
599 986 80 2 Name 0 0 0
899 228 24 2 Name 0 0 0
705 83 35 2 Name 0 0 0
119 542 59 2 Name 0 0 0
874 322 99 2 Name 0 0 0
379 999 123 2 Name 0 0 0
668 827 88 2 Name 0 0 0
198 178 24 2 Name 0 0 0
597 945 22 2 Name 0 0 0
701 254 11 2 Name 0 0 0
899 107 76 2 Name 0 0 0
526 27 118 2 Name 0 0 0
509 637 67 2 Name 0 0 0
921 130 87 2 Name 0 0 0
926 494 17 2 Name 0 0 0
310 245 32 2 Name 0 0 0
176 624 107 2 Name 0 0 0
974 766 43 2 Name 0 0 0
937 972 88 2 Name 0 0 0
564 879 87 2 Name 0 0 0
119 626 15 2 Name 0 0 0
933 899 60 2 Name 0 0 0
499 981 122 2 Name 0 0 0
21 965 118 2 Name 0 0 0
498 363 34 2 Name 0 0 0
148 203 29 2 Name 0 0 0
160 777 87 2 Name 0 0 0
912 749 34 2 Name 0 0 0
969 388 6 2 Name 0 0 0
674 821 123 2 Name 0 0 0
217 306 39 2 Name 0 0 0
208 356 41 2 Name 0 0 0
601 390 105 2 Name 0 0 0
266 271 49 2 Name 0 0 0
260 565 5 2 Name 0 0 0
501 304 15 2 Name 0 0 0
543 774 124 2 Name 0 0 0
148 754 46 2 Name 0 0 0
435 610 79 2 Name 0 0 0
393 990 75 2 Name 0 0 0
433 695 55 2 Name 0 0 0
808 424 68 2 Name 0 0 0
314 979 22 2 Name 0 0 0
418 384 34 2 Name 0 0 0
485 218 43 2 Name 0 0 0
52 727 91 2 Name 0 0 0
339 370 40 2 Name 0 0 0
117 706 28 2 Name 0 0 0
326 155 113 2 Name 0 0 0
868 246 36 2 Name 0 0 0
376 366 72 2 Name 0 0 0
160 740 36 2 Name 0 0 0
210 50 64 2 Name 0 0 0
860 1007 41 2 Name 0 0 0
572 166 68 2 Name 0 0 0
251 584 106 2 Name 0 0 0
763 333 71 2 Name 0 0 0
775 851 34 2 Name 0 0 0
157 452 35 2 Name 0 0 0
404 394 24 2 Name 0 0 0
979 833 25 2 Name 0 0 0
1002 62 31 2 Name 0 0 0
973 416 7 2 Name 0 0 0
15 56 122 2 Name 0 0 0
838 90 127 2 Name 0 0 0
65 771 89 2 Name 0 0 0
455 304 6 2 Name 0 0 0
950 959 77 2 Name 0 0 0
219 491 108 2 Name 0 0 0
812 458 104 2 Name 0 0 0
853 1009 107 2 Name 0 0 0
252 597 89 2 Name 0 0 0
540 443 101 2 Name 0 0 0
676 865 46 2 Name 0 0 0
689 779 94 2 Name 0 0 0
65 336 9 2 Name 0 0 0
728 655 15 2 Name 0 0 0
66 546 51 2 Name 0 0 0
455 693 123 2 Name 0 0 0
840 258 103 2 Name 0 0 0
513 360 24 2 Name 0 0 0
92 901 14 2 Name 0 0 0
740 857 63 2 Name 0 0 0
832 747 27 2 Name 0 0 0
454 862 86 2 Name 0 0 0
731 261 90 2 Name 0 0 0
674 820 33 2 Name 0 0 0
684 28 23 2 Name 0 0 0
861 572 27 2 Name 0 0 0
631 362 55 2 Name 0 0 0
810 832 68 2 Name 0 0 0
352 311 82 2 Name 0 0 0
650 689 69 2 Name 0 0 0
654 720 94 2 Name 0 0 0
799 38 120 2 Name 0 0 0
218 893 83 2 Name 0 0 0
427 874 11 2 Name 0 0 0
311 867 13 2 Name 0 0 0
157 590 76 2 Name 0 0 0
63 755 13 2 Name 0 0 0
637 687 101 2 Name 0 0 0
899 647 39 2 Name 0 0 0
859 430 22 2 Name 0 0 0
948 223 24 2 Name 0 0 0
421 568 63 2 Name 0 0 0
598 944 60 2 Name 0 0 0
376 779 70 2 Name 0 0 0
643 1010 4 2 Name 0 0 0
65 635 9 2 Name 0 0 0
520 712 104 2 Name 0 0 0
394 194 11 2 Name 0 0 0
604 630 73 2 Name 0 0 0
339 206 118 2 Name 0 0 0
611 328 102 2 Name 0 0 0
636 1018 120 2 Name 0 0 0
297 885 117 2 Name 0 0 0
650 1003 96 2 Name 0 0 0
121 162 59 2 Name 0 0 0
608 13 55 2 Name 0 0 0
187 1013 41 2 Name 0 0 0
124 113 87 2 Name 0 0 0
774 732 104 2 Name 0 0 0
379 326 85 2 Name 0 0 0
640 49 45 2 Name 0 0 0
743 978 48 2 Name 0 0 0
908 739 69 2 Name 0 0 0
462 485 32 2 Name 0 0 0
655 418 114 2 Name 0 0 0
5 365 23 2 Name 0 0 0
654 638 84 2 Name 0 0 0
23 91 50 2 Name 0 0 0
883 23 66 2 Name 0 0 0
270 910 32 2 Name 0 0 0
294 780 105 2 Name 0 0 0
403 996 61 2 Name 0 0 0
940 943 13 2 Name 0 0 0
728 804 36 2 Name 0 0 0
812 406 9 2 Name 0 0 0
770 135 104 2 Name 0 0 0
673 320 107 2 Name 0 0 0
220 581 72 2 Name 0 0 0
327 735 66 2 Name 0 0 0
672 208 58 2 Name 0 0 0
121 315 5 2 Name 0 0 0
32 89 27 2 Name 0 0 0
946 989 45 2 Name 0 0 0
349 3 36 2 Name 0 0 0
447 175 39 2 Name 0 0 0
114 389 72 2 Name 0 0 0
314 335 91 2 Name 0 0 0
728 334 28 2 Name 0 0 0
610 464 120 2 Name 0 0 0
927 874 69 2 Name 0 0 0
980 823 116 2 Name 0 0 0
962 998 75 2 Name 0 0 0
151 978 74 2 Name 0 0 0
509 105 97 2 Name 0 0 0
883 500 22 2 Name 0 0 0
911 65 90 2 Name 0 0 0
153 154 46 2 Name 0 0 0
939 210 91 2 Name 0 0 0
229 618 50 2 Name 0 0 0
856 977 53 2 Name 0 0 0
691 935 38 2 Name 0 0 0
187 362 39 2 Name 0 0 0
238 666 79 2 Name 0 0 0
802 926 109 2 Name 0 0 0
752 12 44 2 Name 0 0 0
99 75 12 2 Name 0 0 0
161 660 75 2 Name 0 0 0
364 61 82 2 Name 0 0 0
857 194 70 2 Name 0 0 0
342 818 63 2 Name 0 0 0
973 120 12 2 Name 0 0 0
947 724 53 2 Name 0 0 0
350 635 80 2 Name 0 0 0
232 237 63 2 Name 0 0 0
19 977 88 2 Name 0 0 0
415 688 115 2 Name 0 0 0
575 322 82 2 Name 0 0 0
845 273 89 2 Name 0 0 0
464 143 75 2 Name 0 0 0
864 687 107 2 Name 0 0 0
636 579 109 2 Name 0 0 0
226 715 96 2 Name 0 0 0
696 145 117 2 Name 0 0 0
424 15 121 2 Name 0 0 0
832 480 111 2 Name 0 0 0
1016 455 12 2 Name 0 0 0
284 793 47 2 Name 0 0 0
211 692 116 2 Name 0 0 0
859 890 8 2 Name 0 0 0
936 337 52 2 Name 0 0 0
128 62 72 2 Name 0 0 0
575 269 92 2 Name 0 0 0
258 381 80 2 Name 0 0 0
383 18 57 2 Name 0 0 0
629 623 57 2 Name 0 0 0
166 962 115 2 Name 0 0 0
640 265 43 2 Name 0 0 0
580 865 41 2 Name 0 0 0
564 631 111 2 Name 0 0 0
530 251 67 2 Name 0 0 0
798 280 98 2 Name 0 0 0
80 558 17 2 Name 0 0 0
995 810 96 2 Name 0 0 0
76 744 39 2 Name 0 0 0
874 619 62 2 Name 0 0 0
957 49 65 2 Name 0 0 0
105 1004 118 2 Name 0 0 0
550 122 32 2 Name 0 0 0
404 246 81 2 Name 0 0 0
841 329 112 2 Name 0 0 0
258 1005 73 2 Name 0 0 0
707 285 20 2 Name 0 0 0
328 72 106 2 Name 0 0 0
166 232 95 2 Name 0 0 0
563 174 51 2 Name 0 0 0
933 361 101 2 Name 0 0 0
629 596 16 2 Name 0 0 0
45 833 9 2 Name 0 0 0
569 660 82 2 Name 0 0 0
119 87 126 2 Name 0 0 0
780 1013 78 2 Name 0 0 0
657 485 114 2 Name 0 0 0
383 617 31 2 Name 0 0 0
854 489 87 2 Name 0 0 0
811 851 24 2 Name 0 0 0
298 161 115 2 Name 0 0 0
462 968 34 2 Name 0 0 0
303 758 117 2 Name 0 0 0
802 298 84 2 Name 0 0 0
619 735 84 2 Name 0 0 0
391 767 90 2 Name 0 0 0
195 542 11 2 Name 0 0 0
501 373 60 2 Name 0 0 0
670 302 10 2 Name 0 0 0
165 571 69 2 Name 0 0 0
85 172 7 2 Name 0 0 0
244 488 92 2 Name 0 0 0
100 728 49 2 Name 0 0 0
33 627 73 2 Name 0 0 0
955 582 93 2 Name 0 0 0
590 130 65 2 Name 0 0 0
230 222 125 2 Name 0 0 0
1015 1009 20 2 Name 0 0 0
99 919 11 2 Name 0 0 0
262 568 98 2 Name 0 0 0
43 993 38 2 Name 0 0 0
226 384 61 2 Name 0 0 0
141 814 111 2 Name 0 0 0
643 934 95 2 Name 0 0 0
704 974 74 2 Name 0 0 0
214 427 11 2 Name 0 0 0
409 757 57 2 Name 0 0 0
406 596 90 2 Name 0 0 0
460 543 5 2 Name 0 0 0
749 589 99 2 Name 0 0 0
234 472 37 2 Name 0 0 0
377 659 11 2 Name 0 0 0
728 85 33 2 Name 0 0 0
591 171 93 2 Name 0 0 0
322 564 93 2 Name 0 0 0
936 469 69 2 Name 0 0 0
254 628 87 2 Name 0 0 0
847 127 5 2 Name 0 0 0
518 1015 41 2 Name 0 0 0
193 711 31 2 Name 0 0 0
302 997 109 2 Name 0 0 0
408 695 55 2 Name 0 0 0
222 953 94 2 Name 0 0 0
56 333 27 2 Name 0 0 0
735 642 9 2 Name 0 0 0
144 425 74 2 Name 0 0 0
669 889 44 2 Name 0 0 0
86 509 20 2 Name 0 0 0
577 244 89 2 Name 0 0 0
253 240 87 2 Name 0 0 0
366 317 33 2 Name 0 0 0
1023 795 68 2 Name 0 0 0
199 999 16 2 Name 0 0 0
533 41 81 2 Name 0 0 0
88 297 106 2 Name 0 0 0
96 367 85 2 Name 0 0 0
312 56 54 2 Name 0 0 0
768 673 71 2 Name 0 0 0
754 612 47 2 Name 0 0 0
971 75 89 2 Name 0 0 0
756 572 104 2 Name 0 0 0
815 595 7 2 Name 0 0 0
500 801 13 2 Name 0 0 0
446 285 113 2 Name 0 0 0
895 349 108 2 Name 0 0 0
190 974 11 2 Name 0 0 0
302 868 30 2 Name 0 0 0
377 212 75 2 Name 0 0 0
68 149 74 2 Name 0 0 0
731 456 19 2 Name 0 0 0
253 831 32 2 Name 0 0 0
982 90 36 2 Name 0 0 0
959 49 16 2 Name 0 0 0
91 878 48 2 Name 0 0 0
237 773 104 2 Name 0 0 0
561 552 95 2 Name 0 0 0
975 351 5 2 Name 0 0 0
940 90 110 2 Name 0 0 0
859 759 118 2 Name 0 0 0
720 384 7 2 Name 0 0 0
560 433 83 2 Name 0 0 0
614 35 72 2 Name 0 0 0
645 497 88 2 Name 0 0 0
134 631 31 2 Name 0 0 0
520 118 7 2 Name 0 0 0
561 201 115 2 Name 0 0 0
938 1021 86 2 Name 0 0 0
891 134 82 2 Name 0 0 0
928 448 95 2 Name 0 0 0
732 213 101 2 Name 0 0 0
616 181 39 2 Name 0 0 0
274 717 112 2 Name 0 0 0
476 57 94 2 Name 0 0 0
804 784 79 2 Name 0 0 0
988 200 16 2 Name 0 0 0
789 974 102 2 Name 0 0 0
411 394 87 2 Name 0 0 0
858 943 115 2 Name 0 0 0
307 411 92 2 Name 0 0 0
85 773 112 2 Name 0 0 0
943 387 115 2 Name 0 0 0
909 558 37 2 Name 0 0 0
381 493 38 2 Name 0 0 0
381 769 39 2 Name 0 0 0
912 908 43 2 Name 0 0 0
777 250 124 2 Name 0 0 0
742 748 60 2 Name 0 0 0
183 544 96 2 Name 0 0 0
891 68 126 2 Name 0 0 0
259 177 57 2 Name 0 0 0
699 680 59 2 Name 0 0 0
560 72 7 2 Name 0 0 0
549 395 47 2 Name 0 0 0
80 218 65 2 Name 0 0 0
894 109 37 2 Name 0 0 0
292 658 8 2 Name 0 0 0
272 831 117 2 Name 0 0 0
319 559 63 2 Name 0 0 0
679 484 34 2 Name 0 0 0
805 61 7 2 Name 0 0 0
256 876 121 2 Name 0 0 0
183 117 17 2 Name 0 0 0
751 142 109 2 Name 0 0 0
761 371 16 2 Name 0 0 0
801 544 38 2 Name 0 0 0
380 983 127 2 Name 0 0 0
780 334 27 2 Name 0 0 0
620 731 84 2 Name 0 0 0
152 380 37 2 Name 0 0 0
885 35 10 2 Name 0 0 0
583 934 111 2 Name 0 0 0
10 914 32 2 Name 0 0 0
2 675 35 2 Name 0 0 0
386 225 57 2 Name 0 0 0
43 128 83 2 Name 0 0 0
648 923 73 2 Name 0 0 0
925 237 25 2 Name 0 0 0
337 711 34 2 Name 0 0 0
442 899 81 2 Name 0 0 0
881 1004 25 2 Name 0 0 0
864 930 17 2 Name 0 0 0
679 736 66 2 Name 0 0 0
548 937 90 2 Name 0 0 0
995 584 14 2 Name 0 0 0
300 999 46 2 Name 0 0 0
429 555 82 2 Name 0 0 0
713 774 76 2 Name 0 0 0
474 288 41 2 Name 0 0 0
454 855 61 2 Name 0 0 0
981 32 24 2 Name 0 0 0
118 705 23 2 Name 0 0 0
494 11 81 2 Name 0 0 0
358 436 74 2 Name 0 0 0
350 725 44 2 Name 0 0 0
214 753 6 2 Name 0 0 0
821 164 109 2 Name 0 0 0
231 719 7 2 Name 0 0 0
996 20 16 2 Name 0 0 0
139 352 123 2 Name 0 0 0
297 634 117 2 Name 0 0 0
628 104 54 2 Name 0 0 0
46 302 63 2 Name 0 0 0
654 369 21 2 Name 0 0 0
67 218 37 2 Name 0 0 0
476 385 5 2 Name 0 0 0
817 1020 54 2 Name 0 0 0
583 466 109 2 Name 0 0 0
185 60 98 2 Name 0 0 0
144 128 18 2 Name 0 0 0
88 343 102 2 Name 0 0 0
200 604 4 2 Name 0 0 0
901 679 43 2 Name 0 0 0
853 58 8 2 Name 0 0 0
782 474 62 2 Name 0 0 0
122 347 71 2 Name 0 0 0
152 498 31 2 Name 0 0 0
596 559 82 2 Name 0 0 0
601 1014 17 2 Name 0 0 0
487 201 19 2 Name 0 0 0
689 79 45 2 Name 0 0 0
198 113 5 2 Name 0 0 0
539 51 55 2 Name 0 0 0
550 1000 37 2 Name 0 0 0
464 244 90 2 Name 0 0 0
266 589 85 2 Name 0 0 0
250 842 100 2 Name 0 0 0
429 671 74 2 Name 0 0 0
604 557 119 2 Name 0 0 0
384 772 74 2 Name 0 0 0
89 420 62 2 Name 0 0 0
610 133 5 2 Name 0 0 0
512 879 11 2 Name 0 0 0
330 292 103 2 Name 0 0 0
956 384 21 2 Name 0 0 0
640 170 71 2 Name 0 0 0
808 957 17 2 Name 0 0 0
833 801 105 2 Name 0 0 0
264 329 68 2 Name 0 0 0
1 250 64 2 Name 0 0 0
26 597 45 2 Name 0 0 0
17 535 27 2 Name 0 0 0
181 780 61 2 Name 0 0 0
795 821 98 2 Name 0 0 0
604 171 46 2 Name 0 0 0
806 684 4 2 Name 0 0 0
477 557 46 2 Name 0 0 0
929 522 128 2 Name 0 0 0
511 368 111 2 Name 0 0 0
362 442 35 2 Name 0 0 0
974 885 124 2 Name 0 0 0
914 84 39 2 Name 0 0 0
437 612 61 2 Name 0 0 0
19 259 90 2 Name 0 0 0
263 954 46 2 Name 0 0 0
204 72 31 2 Name 0 0 0
196 39 74 2 Name 0 0 0
279 783 72 2 Name 0 0 0
261 875 114 2 Name 0 0 0
121 810 63 2 Name 0 0 0
336 224 113 2 Name 0 0 0
93 320 54 2 Name 0 0 0
908 511 15 2 Name 0 0 0
48 17 22 2 Name 0 0 0
0 568 31 2 Name 0 0 0
687 162 117 2 Name 0 0 0
601 265 61 2 Name 0 0 0
624 994 47 2 Name 0 0 0
20 759 81 2 Name 0 0 0
40 219 67 2 Name 0 0 0
17 228 63 2 Name 0 0 0
715 714 84 2 Name 0 0 0
696 48 21 2 Name 0 0 0
445 860 35 2 Name 0 0 0
445 288 68 2 Name 0 0 0
911 421 32 2 Name 0 0 0
634 338 106 2 Name 0 0 0
580 1013 40 2 Name 0 0 0
838 689 106 2 Name 0 0 0
660 758 37 2 Name 0 0 0
729 975 89 2 Name 0 0 0
672 131 31 2 Name 0 0 0
924 687 4 2 Name 0 0 0
780 889 17 2 Name 0 0 0
405 129 110 2 Name 0 0 0
685 250 95 2 Name 0 0 0
519 211 28 2 Name 0 0 0
496 311 118 2 Name 0 0 0
971 802 102 2 Name 0 0 0
943 836 91 2 Name 0 0 0
63 104 126 2 Name 0 0 0
209 931 11 2 Name 0 0 0
344 630 34 2 Name 0 0 0
512 645 105 2 Name 0 0 0
1007 352 29 2 Name 0 0 0
939 945 17 2 Name 0 0 0
628 303 23 2 Name 0 0 0
782 688 56 2 Name 0 0 0
42 879 63 2 Name 0 0 0
683 922 88 2 Name 0 0 0
401 889 56 2 Name 0 0 0
191 925 48 2 Name 0 0 0
160 14 117 2 Name 0 0 0
890 782 33 2 Name 0 0 0
751 214 77 2 Name 0 0 0
75 90 35 2 Name 0 0 0
293 700 35 2 Name 0 0 0
519 592 30 2 Name 0 0 0
803 844 105 2 Name 0 0 0
595 816 113 2 Name 0 0 0
906 463 108 2 Name 0 0 0
141 644 70 2 Name 0 0 0
963 836 89 2 Name 0 0 0
168 89 30 2 Name 0 0 0
329 554 34 2 Name 0 0 0
453 640 55 2 Name 0 0 0
746 535 56 2 Name 0 0 0
628 245 116 2 Name 0 0 0
x-Min=0
x-Max=1024
y-Min=0
y-Max=1024
min label height=2.0
max label height=2.0
min label width=4.0
max label width=128
