1024
4079 2984 51 8 Name 0 0 0
2785 918 33 8 Name 0 0 0
1172 3361 42 8 Name 0 0 0
161 3366 88 8 Name 0 0 0
2963 372 124 8 Name 0 0 0
3846 2836 123 8 Name 0 0 0
2875 1100 66 8 Name 0 0 0
3835 1034 24 8 Name 0 0 0
1080 2957 84 8 Name 0 0 0
3815 2937 30 8 Name 0 0 0
429 486 64 8 Name 0 0 0
714 3618 62 8 Name 0 0 0
3219 3194 109 8 Name 0 0 0
1681 3919 70 8 Name 0 0 0
2281 2396 121 8 Name 0 0 0
3469 3932 55 8 Name 0 0 0
2778 1129 51 8 Name 0 0 0
3204 1739 80 8 Name 0 0 0
3846 1668 37 8 Name 0 0 0
1904 4026 71 8 Name 0 0 0
2641 3829 71 8 Name 0 0 0
1481 1490 26 8 Name 0 0 0
3716 589 38 8 Name 0 0 0
886 2345 114 8 Name 0 0 0
3110 2905 101 8 Name 0 0 0
500 839 68 8 Name 0 0 0
965 1851 26 8 Name 0 0 0
1786 98 56 8 Name 0 0 0
3485 2113 89 8 Name 0 0 0
3513 1029 105 8 Name 0 0 0
60 2467 37 8 Name 0 0 0
1637 619 44 8 Name 0 0 0
2049 3058 25 8 Name 0 0 0
2227 2106 24 8 Name 0 0 0
2609 247 123 8 Name 0 0 0
3434 1837 80 8 Name 0 0 0
3475 1542 28 8 Name 0 0 0
3374 2973 73 8 Name 0 0 0
3478 3933 127 8 Name 0 0 0
2817 1843 45 8 Name 0 0 0
2694 2443 113 8 Name 0 0 0
2325 39 103 8 Name 0 0 0
3538 2937 102 8 Name 0 0 0
1620 136 75 8 Name 0 0 0
845 3122 19 8 Name 0 0 0
1630 3690 92 8 Name 0 0 0
935 3931 49 8 Name 0 0 0
3 356 121 8 Name 0 0 0
3589 978 58 8 Name 0 0 0
893 2769 31 8 Name 0 0 0
7 1362 57 8 Name 0 0 0
2011 1757 69 8 Name 0 0 0
2531 3778 78 8 Name 0 0 0
3855 3565 67 8 Name 0 0 0
2265 1606 54 8 Name 0 0 0
1086 2874 42 8 Name 0 0 0
3987 2943 71 8 Name 0 0 0
3988 2811 100 8 Name 0 0 0
2995 3356 34 8 Name 0 0 0
2537 2788 120 8 Name 0 0 0
1886 3996 47 8 Name 0 0 0
218 3051 87 8 Name 0 0 0
3713 1151 39 8 Name 0 0 0
3043 2798 110 8 Name 0 0 0
3754 1954 23 8 Name 0 0 0
2300 3955 68 8 Name 0 0 0
1553 3950 116 8 Name 0 0 0
3132 2514 88 8 Name 0 0 0
114 3387 118 8 Name 0 0 0
2646 2868 111 8 Name 0 0 0
3385 3243 112 8 Name 0 0 0
3754 3415 101 8 Name 0 0 0
1977 2602 123 8 Name 0 0 0
3554 1411 93 8 Name 0 0 0
4063 1226 63 8 Name 0 0 0
1641 3437 112 8 Name 0 0 0
2758 3779 88 8 Name 0 0 0
1262 304 120 8 Name 0 0 0
2413 1714 51 8 Name 0 0 0
2802 3037 83 8 Name 0 0 0
620 1526 44 8 Name 0 0 0
3608 556 112 8 Name 0 0 0
3198 3540 74 8 Name 0 0 0
426 877 114 8 Name 0 0 0
1313 1458 60 8 Name 0 0 0
2334 2520 42 8 Name 0 0 0
3118 2622 111 8 Name 0 0 0
2528 1783 98 8 Name 0 0 0
3703 1750 58 8 Name 0 0 0
1302 202 67 8 Name 0 0 0
793 2441 89 8 Name 0 0 0
3157 2881 125 8 Name 0 0 0
3779 4007 43 8 Name 0 0 0
2596 277 87 8 Name 0 0 0
2224 2849 43 8 Name 0 0 0
3831 1792 78 8 Name 0 0 0
46 3654 99 8 Name 0 0 0
3519 1685 96 8 Name 0 0 0
1031 2240 54 8 Name 0 0 0
2999 1639 34 8 Name 0 0 0
1231 36 72 8 Name 0 0 0
3787 433 46 8 Name 0 0 0
716 1810 46 8 Name 0 0 0
3169 1325 75 8 Name 0 0 0
3899 1438 56 8 Name 0 0 0
735 1464 61 8 Name 0 0 0
2424 2805 86 8 Name 0 0 0
3190 1308 27 8 Name 0 0 0
2481 3322 60 8 Name 0 0 0
2587 2240 100 8 Name 0 0 0
3226 2644 104 8 Name 0 0 0
1992 2528 32 8 Name 0 0 0
2255 2041 97 8 Name 0 0 0
2041 1685 71 8 Name 0 0 0
4075 3097 92 8 Name 0 0 0
588 514 58 8 Name 0 0 0
3932 2645 53 8 Name 0 0 0
3640 3604 47 8 Name 0 0 0
1117 2286 35 8 Name 0 0 0
2371 2984 116 8 Name 0 0 0
3340 18 87 8 Name 0 0 0
3248 1402 123 8 Name 0 0 0
400 2636 112 8 Name 0 0 0
2269 1816 77 8 Name 0 0 0
3693 750 24 8 Name 0 0 0
3026 3748 17 8 Name 0 0 0
3333 3261 94 8 Name 0 0 0
1292 641 74 8 Name 0 0 0
1440 3714 114 8 Name 0 0 0
196 1056 65 8 Name 0 0 0
1684 655 39 8 Name 0 0 0
47 3181 41 8 Name 0 0 0
2766 759 93 8 Name 0 0 0
1968 1238 72 8 Name 0 0 0
2323 441 111 8 Name 0 0 0
3253 2039 44 8 Name 0 0 0
3595 1322 97 8 Name 0 0 0
2096 1002 83 8 Name 0 0 0
2102 1947 120 8 Name 0 0 0
359 1706 51 8 Name 0 0 0
1681 2053 28 8 Name 0 0 0
978 3960 54 8 Name 0 0 0
610 1087 110 8 Name 0 0 0
221 4060 82 8 Name 0 0 0
2510 3306 18 8 Name 0 0 0
2932 1232 98 8 Name 0 0 0
2463 782 74 8 Name 0 0 0
3339 1447 38 8 Name 0 0 0
3338 994 76 8 Name 0 0 0
147 660 57 8 Name 0 0 0
2055 3459 103 8 Name 0 0 0
236 2161 73 8 Name 0 0 0
336 1651 91 8 Name 0 0 0
2349 1629 104 8 Name 0 0 0
2272 1941 20 8 Name 0 0 0
1198 2362 91 8 Name 0 0 0
1350 2073 124 8 Name 0 0 0
1223 269 90 8 Name 0 0 0
3886 2078 20 8 Name 0 0 0
2048 2757 23 8 Name 0 0 0
986 2949 91 8 Name 0 0 0
978 766 28 8 Name 0 0 0
1582 3479 96 8 Name 0 0 0
2291 2090 122 8 Name 0 0 0
3645 220 65 8 Name 0 0 0
3133 2418 49 8 Name 0 0 0
1288 1062 127 8 Name 0 0 0
1901 2165 76 8 Name 0 0 0
3491 1730 23 8 Name 0 0 0
939 31 120 8 Name 0 0 0
2776 1423 19 8 Name 0 0 0
1283 3086 34 8 Name 0 0 0
3793 342 35 8 Name 0 0 0
3060 1159 52 8 Name 0 0 0
297 2136 57 8 Name 0 0 0
2674 3506 82 8 Name 0 0 0
3316 1712 92 8 Name 0 0 0
2925 2977 71 8 Name 0 0 0
158 943 35 8 Name 0 0 0
3659 3239 73 8 Name 0 0 0
2736 1366 66 8 Name 0 0 0
1909 915 82 8 Name 0 0 0
1587 1468 91 8 Name 0 0 0
1157 1381 19 8 Name 0 0 0
2866 1505 40 8 Name 0 0 0
2664 1460 51 8 Name 0 0 0
3688 1849 91 8 Name 0 0 0
1010 3084 79 8 Name 0 0 0
3525 2716 106 8 Name 0 0 0
1513 1340 106 8 Name 0 0 0
3264 140 93 8 Name 0 0 0
2677 3700 57 8 Name 0 0 0
3700 3140 88 8 Name 0 0 0
3521 3143 70 8 Name 0 0 0
717 2758 80 8 Name 0 0 0
662 540 96 8 Name 0 0 0
1401 1726 27 8 Name 0 0 0
370 3261 110 8 Name 0 0 0
1624 1960 117 8 Name 0 0 0
73 1341 68 8 Name 0 0 0
827 91 71 8 Name 0 0 0
1352 1791 74 8 Name 0 0 0
3365 3272 79 8 Name 0 0 0
1095 3447 63 8 Name 0 0 0
1972 4068 55 8 Name 0 0 0
1075 4024 94 8 Name 0 0 0
640 3792 59 8 Name 0 0 0
3038 695 34 8 Name 0 0 0
2191 3686 65 8 Name 0 0 0
1120 2482 36 8 Name 0 0 0
2316 3587 28 8 Name 0 0 0
2952 1468 122 8 Name 0 0 0
2323 2678 99 8 Name 0 0 0
414 1131 23 8 Name 0 0 0
2088 2804 111 8 Name 0 0 0
1863 1293 110 8 Name 0 0 0
915 395 84 8 Name 0 0 0
1972 2568 41 8 Name 0 0 0
3051 300 111 8 Name 0 0 0
1357 3398 36 8 Name 0 0 0
2386 328 76 8 Name 0 0 0
2031 3973 70 8 Name 0 0 0
3995 2695 120 8 Name 0 0 0
3788 3054 79 8 Name 0 0 0
469 2389 106 8 Name 0 0 0
459 459 22 8 Name 0 0 0
2732 2472 54 8 Name 0 0 0
4034 1493 90 8 Name 0 0 0
1231 2142 123 8 Name 0 0 0
3639 82 123 8 Name 0 0 0
2725 1931 49 8 Name 0 0 0
1227 1325 106 8 Name 0 0 0
2085 554 30 8 Name 0 0 0
1572 3490 87 8 Name 0 0 0
3157 3919 24 8 Name 0 0 0
80 3685 92 8 Name 0 0 0
635 4056 127 8 Name 0 0 0
2674 41 104 8 Name 0 0 0
1811 2991 95 8 Name 0 0 0
3668 2036 99 8 Name 0 0 0
202 802 51 8 Name 0 0 0
2875 767 19 8 Name 0 0 0
3133 349 62 8 Name 0 0 0
2998 993 89 8 Name 0 0 0
2388 4026 118 8 Name 0 0 0
2379 2588 18 8 Name 0 0 0
636 3081 38 8 Name 0 0 0
1280 2197 18 8 Name 0 0 0
3719 3275 103 8 Name 0 0 0
2437 3369 42 8 Name 0 0 0
305 517 77 8 Name 0 0 0
2480 1888 106 8 Name 0 0 0
3562 1677 31 8 Name 0 0 0
2099 3896 20 8 Name 0 0 0
3331 3887 24 8 Name 0 0 0
3576 2307 116 8 Name 0 0 0
2873 1194 77 8 Name 0 0 0
2577 1402 85 8 Name 0 0 0
1154 3865 100 8 Name 0 0 0
448 996 52 8 Name 0 0 0
3171 2696 68 8 Name 0 0 0
3961 2567 69 8 Name 0 0 0
1107 2777 115 8 Name 0 0 0
4081 2483 17 8 Name 0 0 0
3488 1928 112 8 Name 0 0 0
1220 1032 46 8 Name 0 0 0
1763 2417 111 8 Name 0 0 0
959 2962 93 8 Name 0 0 0
1158 1638 51 8 Name 0 0 0
536 3082 76 8 Name 0 0 0
2213 3679 59 8 Name 0 0 0
69 2067 36 8 Name 0 0 0
709 3670 53 8 Name 0 0 0
3612 3017 63 8 Name 0 0 0
2570 4043 27 8 Name 0 0 0
661 3460 107 8 Name 0 0 0
3378 1737 25 8 Name 0 0 0
951 3609 122 8 Name 0 0 0
3303 2815 69 8 Name 0 0 0
1144 3796 105 8 Name 0 0 0
3877 2341 22 8 Name 0 0 0
2244 2287 37 8 Name 0 0 0
3124 1173 36 8 Name 0 0 0
2141 1534 80 8 Name 0 0 0
128 1927 29 8 Name 0 0 0
2417 2607 87 8 Name 0 0 0
2038 1320 79 8 Name 0 0 0
357 882 120 8 Name 0 0 0
3988 3694 44 8 Name 0 0 0
3541 871 34 8 Name 0 0 0
2596 2295 72 8 Name 0 0 0
394 2974 115 8 Name 0 0 0
3586 2926 124 8 Name 0 0 0
2652 1500 69 8 Name 0 0 0
2472 2566 123 8 Name 0 0 0
2759 2472 106 8 Name 0 0 0
1921 2807 19 8 Name 0 0 0
1815 819 65 8 Name 0 0 0
648 1971 40 8 Name 0 0 0
692 1698 88 8 Name 0 0 0
2850 1133 40 8 Name 0 0 0
3142 551 98 8 Name 0 0 0
1326 2964 92 8 Name 0 0 0
1392 1359 35 8 Name 0 0 0
3308 3015 79 8 Name 0 0 0
3453 1824 70 8 Name 0 0 0
3083 3612 48 8 Name 0 0 0
297 1893 109 8 Name 0 0 0
3311 103 123 8 Name 0 0 0
934 3772 104 8 Name 0 0 0
3224 208 77 8 Name 0 0 0
3595 1403 43 8 Name 0 0 0
2254 3150 89 8 Name 0 0 0
3573 2402 97 8 Name 0 0 0
2248 2848 30 8 Name 0 0 0
566 165 52 8 Name 0 0 0
2261 853 87 8 Name 0 0 0
3464 2275 58 8 Name 0 0 0
3609 3 122 8 Name 0 0 0
2501 3363 67 8 Name 0 0 0
3554 2390 23 8 Name 0 0 0
350 3365 41 8 Name 0 0 0
536 2460 95 8 Name 0 0 0
356 2836 34 8 Name 0 0 0
3693 148 35 8 Name 0 0 0
549 512 96 8 Name 0 0 0
4067 582 45 8 Name 0 0 0
3073 3310 101 8 Name 0 0 0
2785 1197 65 8 Name 0 0 0
2104 835 18 8 Name 0 0 0
603 3225 28 8 Name 0 0 0
734 2235 28 8 Name 0 0 0
3810 3180 56 8 Name 0 0 0
2495 312 37 8 Name 0 0 0
149 1248 122 8 Name 0 0 0
2306 1397 54 8 Name 0 0 0
314 1789 80 8 Name 0 0 0
2238 529 49 8 Name 0 0 0
3238 565 95 8 Name 0 0 0
2002 666 49 8 Name 0 0 0
2579 968 104 8 Name 0 0 0
685 1556 86 8 Name 0 0 0
3759 1336 94 8 Name 0 0 0
3751 1482 35 8 Name 0 0 0
451 3792 49 8 Name 0 0 0
1994 3768 64 8 Name 0 0 0
2208 1647 122 8 Name 0 0 0
677 320 26 8 Name 0 0 0
361 672 79 8 Name 0 0 0
3201 1290 44 8 Name 0 0 0
1320 4066 37 8 Name 0 0 0
2230 3949 126 8 Name 0 0 0
3814 1972 110 8 Name 0 0 0
867 215 21 8 Name 0 0 0
4022 1928 21 8 Name 0 0 0
3346 2803 116 8 Name 0 0 0
4066 1860 92 8 Name 0 0 0
274 3182 96 8 Name 0 0 0
3680 974 29 8 Name 0 0 0
2907 1251 110 8 Name 0 0 0
483 1230 121 8 Name 0 0 0
155 3845 104 8 Name 0 0 0
3086 297 90 8 Name 0 0 0
1860 1984 62 8 Name 0 0 0
949 347 36 8 Name 0 0 0
2282 2129 90 8 Name 0 0 0
3426 167 87 8 Name 0 0 0
1525 963 19 8 Name 0 0 0
2865 19 119 8 Name 0 0 0
1787 3128 35 8 Name 0 0 0
1622 3066 92 8 Name 0 0 0
1956 77 101 8 Name 0 0 0
333 4053 124 8 Name 0 0 0
491 134 70 8 Name 0 0 0
2590 4027 80 8 Name 0 0 0
809 163 60 8 Name 0 0 0
1884 4087 96 8 Name 0 0 0
1159 2038 91 8 Name 0 0 0
1969 615 128 8 Name 0 0 0
1580 3698 21 8 Name 0 0 0
1059 392 105 8 Name 0 0 0
1430 2762 100 8 Name 0 0 0
2250 1754 19 8 Name 0 0 0
830 1323 126 8 Name 0 0 0
638 121 30 8 Name 0 0 0
2090 1748 127 8 Name 0 0 0
1809 2219 40 8 Name 0 0 0
2370 606 70 8 Name 0 0 0
2148 2179 30 8 Name 0 0 0
1122 3777 42 8 Name 0 0 0
1905 2084 18 8 Name 0 0 0
1334 859 125 8 Name 0 0 0
2334 2212 102 8 Name 0 0 0
2853 2218 122 8 Name 0 0 0
632 2030 116 8 Name 0 0 0
1170 2132 113 8 Name 0 0 0
2833 3311 35 8 Name 0 0 0
537 237 68 8 Name 0 0 0
2487 3560 113 8 Name 0 0 0
524 2472 46 8 Name 0 0 0
1439 3029 34 8 Name 0 0 0
3835 2105 102 8 Name 0 0 0
1253 1585 47 8 Name 0 0 0
562 1040 128 8 Name 0 0 0
3743 2002 93 8 Name 0 0 0
1621 1426 75 8 Name 0 0 0
3698 3695 48 8 Name 0 0 0
2163 528 99 8 Name 0 0 0
2439 2371 108 8 Name 0 0 0
2854 2375 61 8 Name 0 0 0
673 1224 21 8 Name 0 0 0
2696 1288 76 8 Name 0 0 0
1309 2187 83 8 Name 0 0 0
779 2346 34 8 Name 0 0 0
1434 444 46 8 Name 0 0 0
878 1112 74 8 Name 0 0 0
3851 831 104 8 Name 0 0 0
1375 426 49 8 Name 0 0 0
3079 1137 94 8 Name 0 0 0
1400 133 83 8 Name 0 0 0
1812 1672 42 8 Name 0 0 0
2371 1400 65 8 Name 0 0 0
3520 919 32 8 Name 0 0 0
596 3311 20 8 Name 0 0 0
3657 3920 34 8 Name 0 0 0
1015 345 90 8 Name 0 0 0
320 1285 43 8 Name 0 0 0
1935 3366 90 8 Name 0 0 0
3588 1507 92 8 Name 0 0 0
3682 2699 119 8 Name 0 0 0
3931 3821 74 8 Name 0 0 0
802 3028 52 8 Name 0 0 0
3364 1056 108 8 Name 0 0 0
743 198 102 8 Name 0 0 0
1064 3702 71 8 Name 0 0 0
951 631 57 8 Name 0 0 0
2375 4083 106 8 Name 0 0 0
1468 3680 113 8 Name 0 0 0
2064 997 113 8 Name 0 0 0
2227 3986 69 8 Name 0 0 0
138 2487 95 8 Name 0 0 0
1819 502 120 8 Name 0 0 0
2275 724 83 8 Name 0 0 0
501 2212 63 8 Name 0 0 0
1401 2175 19 8 Name 0 0 0
2715 3904 76 8 Name 0 0 0
190 26 95 8 Name 0 0 0
1401 2430 115 8 Name 0 0 0
216 3279 38 8 Name 0 0 0
1211 3128 29 8 Name 0 0 0
1198 735 30 8 Name 0 0 0
898 720 31 8 Name 0 0 0
422 1315 124 8 Name 0 0 0
2574 330 80 8 Name 0 0 0
739 3670 24 8 Name 0 0 0
743 3022 59 8 Name 0 0 0
1488 3342 88 8 Name 0 0 0
2099 2036 82 8 Name 0 0 0
1139 3241 89 8 Name 0 0 0
3886 3797 28 8 Name 0 0 0
3792 3357 64 8 Name 0 0 0
3638 2801 95 8 Name 0 0 0
3424 603 43 8 Name 0 0 0
1344 1284 76 8 Name 0 0 0
366 1866 110 8 Name 0 0 0
3682 1142 61 8 Name 0 0 0
1115 3025 36 8 Name 0 0 0
2467 2122 38 8 Name 0 0 0
342 136 25 8 Name 0 0 0
719 2851 94 8 Name 0 0 0
869 2329 44 8 Name 0 0 0
2511 1974 114 8 Name 0 0 0
3960 1921 64 8 Name 0 0 0
3055 371 25 8 Name 0 0 0
461 1496 78 8 Name 0 0 0
1062 3997 65 8 Name 0 0 0
3008 2222 103 8 Name 0 0 0
2467 3841 58 8 Name 0 0 0
2775 3575 127 8 Name 0 0 0
1528 3285 103 8 Name 0 0 0
3107 2058 66 8 Name 0 0 0
14 1679 75 8 Name 0 0 0
88 3546 43 8 Name 0 0 0
3354 1894 125 8 Name 0 0 0
3547 1841 86 8 Name 0 0 0
219 1007 40 8 Name 0 0 0
3741 1836 76 8 Name 0 0 0
3451 3083 107 8 Name 0 0 0
1349 3282 18 8 Name 0 0 0
2344 1966 52 8 Name 0 0 0
1141 3858 36 8 Name 0 0 0
3734 208 127 8 Name 0 0 0
1833 1284 53 8 Name 0 0 0
1357 2138 51 8 Name 0 0 0
1566 3678 120 8 Name 0 0 0
3254 1280 121 8 Name 0 0 0
2859 3503 96 8 Name 0 0 0
59 2755 92 8 Name 0 0 0
594 3752 125 8 Name 0 0 0
4048 2746 125 8 Name 0 0 0
893 3675 43 8 Name 0 0 0
924 2694 95 8 Name 0 0 0
727 3908 79 8 Name 0 0 0
2302 474 125 8 Name 0 0 0
1937 18 18 8 Name 0 0 0
3024 3495 92 8 Name 0 0 0
1667 1352 67 8 Name 0 0 0
664 1544 34 8 Name 0 0 0
3119 1850 127 8 Name 0 0 0
2345 1417 83 8 Name 0 0 0
3477 117 58 8 Name 0 0 0
2887 2450 86 8 Name 0 0 0
919 2939 91 8 Name 0 0 0
2621 596 21 8 Name 0 0 0
3144 2191 112 8 Name 0 0 0
2163 204 17 8 Name 0 0 0
1769 3602 65 8 Name 0 0 0
467 1755 92 8 Name 0 0 0
1727 2544 19 8 Name 0 0 0
2868 2794 43 8 Name 0 0 0
3694 1173 91 8 Name 0 0 0
2511 2470 53 8 Name 0 0 0
1036 1139 63 8 Name 0 0 0
1025 3602 50 8 Name 0 0 0
2789 1839 119 8 Name 0 0 0
2258 2630 106 8 Name 0 0 0
926 623 46 8 Name 0 0 0
2825 813 81 8 Name 0 0 0
3763 3330 88 8 Name 0 0 0
1849 2827 58 8 Name 0 0 0
1746 3527 98 8 Name 0 0 0
975 3636 70 8 Name 0 0 0
1121 2356 28 8 Name 0 0 0
3661 1709 104 8 Name 0 0 0
929 2271 32 8 Name 0 0 0
3507 3320 112 8 Name 0 0 0
2987 264 116 8 Name 0 0 0
3853 2461 33 8 Name 0 0 0
93 928 92 8 Name 0 0 0
1585 3957 104 8 Name 0 0 0
3826 1602 19 8 Name 0 0 0
1612 2918 115 8 Name 0 0 0
1406 3328 96 8 Name 0 0 0
3152 1762 98 8 Name 0 0 0
3725 1026 63 8 Name 0 0 0
4016 1204 113 8 Name 0 0 0
1492 2558 51 8 Name 0 0 0
2176 3052 81 8 Name 0 0 0
2646 118 72 8 Name 0 0 0
3618 267 92 8 Name 0 0 0
557 1436 109 8 Name 0 0 0
275 582 49 8 Name 0 0 0
3365 444 103 8 Name 0 0 0
2593 1329 76 8 Name 0 0 0
328 3913 55 8 Name 0 0 0
3278 247 113 8 Name 0 0 0
740 2494 61 8 Name 0 0 0
3207 1714 108 8 Name 0 0 0
2056 3246 90 8 Name 0 0 0
1999 3593 21 8 Name 0 0 0
2304 3067 71 8 Name 0 0 0
3084 361 50 8 Name 0 0 0
2881 704 54 8 Name 0 0 0
3588 513 50 8 Name 0 0 0
518 1624 102 8 Name 0 0 0
2217 2188 62 8 Name 0 0 0
3398 2619 115 8 Name 0 0 0
3018 3399 88 8 Name 0 0 0
2097 1252 53 8 Name 0 0 0
3296 1909 54 8 Name 0 0 0
3706 1173 55 8 Name 0 0 0
2241 3684 59 8 Name 0 0 0
3589 2111 90 8 Name 0 0 0
91 3069 58 8 Name 0 0 0
2920 3511 67 8 Name 0 0 0
3367 1534 77 8 Name 0 0 0
3561 3624 29 8 Name 0 0 0
4079 1898 104 8 Name 0 0 0
2851 3288 24 8 Name 0 0 0
1263 3158 73 8 Name 0 0 0
484 3129 126 8 Name 0 0 0
2271 2674 38 8 Name 0 0 0
1845 1947 27 8 Name 0 0 0
2779 2093 121 8 Name 0 0 0
315 2895 58 8 Name 0 0 0
440 1872 29 8 Name 0 0 0
825 254 124 8 Name 0 0 0
1678 2789 104 8 Name 0 0 0
1416 1852 76 8 Name 0 0 0
907 312 50 8 Name 0 0 0
2512 3517 102 8 Name 0 0 0
1199 1853 45 8 Name 0 0 0
617 312 98 8 Name 0 0 0
2260 3534 112 8 Name 0 0 0
252 2716 97 8 Name 0 0 0
3693 3908 37 8 Name 0 0 0
1207 3609 124 8 Name 0 0 0
3417 1824 75 8 Name 0 0 0
104 1744 93 8 Name 0 0 0
2014 3354 93 8 Name 0 0 0
1316 2909 43 8 Name 0 0 0
818 2191 57 8 Name 0 0 0
3738 436 22 8 Name 0 0 0
1934 563 64 8 Name 0 0 0
1664 1413 119 8 Name 0 0 0
1409 2946 120 8 Name 0 0 0
3465 1333 39 8 Name 0 0 0
3847 1507 72 8 Name 0 0 0
56 1084 98 8 Name 0 0 0
1344 734 35 8 Name 0 0 0
2821 3616 94 8 Name 0 0 0
876 2876 31 8 Name 0 0 0
1789 1428 109 8 Name 0 0 0
1976 868 29 8 Name 0 0 0
193 1418 19 8 Name 0 0 0
1629 3296 60 8 Name 0 0 0
2243 1094 65 8 Name 0 0 0
182 2846 78 8 Name 0 0 0
2026 2901 90 8 Name 0 0 0
92 3408 27 8 Name 0 0 0
507 274 70 8 Name 0 0 0
3178 2074 49 8 Name 0 0 0
3994 2723 29 8 Name 0 0 0
24 238 65 8 Name 0 0 0
4017 1885 75 8 Name 0 0 0
1994 2749 80 8 Name 0 0 0
579 1036 93 8 Name 0 0 0
1637 1782 120 8 Name 0 0 0
973 3448 128 8 Name 0 0 0
417 2901 106 8 Name 0 0 0
566 3849 74 8 Name 0 0 0
2510 700 20 8 Name 0 0 0
3096 2278 76 8 Name 0 0 0
2932 2277 20 8 Name 0 0 0
3651 1561 49 8 Name 0 0 0
207 2598 110 8 Name 0 0 0
3361 2913 45 8 Name 0 0 0
394 763 51 8 Name 0 0 0
2190 3543 38 8 Name 0 0 0
1401 1081 40 8 Name 0 0 0
2153 1878 127 8 Name 0 0 0
1056 477 118 8 Name 0 0 0
2559 2447 128 8 Name 0 0 0
2062 3470 89 8 Name 0 0 0
2379 3296 100 8 Name 0 0 0
2792 1111 107 8 Name 0 0 0
555 4059 49 8 Name 0 0 0
3507 352 41 8 Name 0 0 0
3997 3544 57 8 Name 0 0 0
4093 2126 112 8 Name 0 0 0
679 974 103 8 Name 0 0 0
2673 1930 36 8 Name 0 0 0
1530 2121 58 8 Name 0 0 0
3816 607 68 8 Name 0 0 0
1371 415 31 8 Name 0 0 0
1627 3984 98 8 Name 0 0 0
2644 353 116 8 Name 0 0 0
3850 964 18 8 Name 0 0 0
3035 893 96 8 Name 0 0 0
1496 1190 66 8 Name 0 0 0
3027 2559 41 8 Name 0 0 0
2485 3291 32 8 Name 0 0 0
3787 3927 57 8 Name 0 0 0
3547 2891 95 8 Name 0 0 0
3790 3783 22 8 Name 0 0 0
1744 271 63 8 Name 0 0 0
3057 847 25 8 Name 0 0 0
3397 4052 85 8 Name 0 0 0
38 4026 125 8 Name 0 0 0
3300 2726 58 8 Name 0 0 0
7 2451 116 8 Name 0 0 0
3132 2112 116 8 Name 0 0 0
3114 3282 80 8 Name 0 0 0
2500 2912 63 8 Name 0 0 0
1036 1077 21 8 Name 0 0 0
2695 3807 87 8 Name 0 0 0
3960 362 37 8 Name 0 0 0
2406 4017 103 8 Name 0 0 0
1649 2128 31 8 Name 0 0 0
1013 2534 39 8 Name 0 0 0
3684 1487 111 8 Name 0 0 0
642 1739 55 8 Name 0 0 0
3787 460 16 8 Name 0 0 0
4035 4084 89 8 Name 0 0 0
2453 1442 56 8 Name 0 0 0
1193 580 50 8 Name 0 0 0
2663 2896 84 8 Name 0 0 0
4052 2656 110 8 Name 0 0 0
3273 3745 73 8 Name 0 0 0
3531 2180 38 8 Name 0 0 0
2804 653 101 8 Name 0 0 0
1405 2709 44 8 Name 0 0 0
3378 2930 120 8 Name 0 0 0
3154 370 60 8 Name 0 0 0
3389 668 59 8 Name 0 0 0
170 3010 39 8 Name 0 0 0
1858 3912 58 8 Name 0 0 0
1444 3578 126 8 Name 0 0 0
1964 551 68 8 Name 0 0 0
3502 627 115 8 Name 0 0 0
3439 1047 103 8 Name 0 0 0
1346 1126 73 8 Name 0 0 0
961 683 95 8 Name 0 0 0
1962 1392 30 8 Name 0 0 0
2938 2261 55 8 Name 0 0 0
872 370 47 8 Name 0 0 0
3803 666 82 8 Name 0 0 0
2810 1039 91 8 Name 0 0 0
4030 1721 60 8 Name 0 0 0
2216 3139 78 8 Name 0 0 0
3748 2211 73 8 Name 0 0 0
2769 3817 108 8 Name 0 0 0
3687 2680 60 8 Name 0 0 0
206 1250 52 8 Name 0 0 0
887 1169 59 8 Name 0 0 0
3296 3605 71 8 Name 0 0 0
2288 512 54 8 Name 0 0 0
383 1055 23 8 Name 0 0 0
3321 4028 25 8 Name 0 0 0
1506 1920 92 8 Name 0 0 0
559 44 41 8 Name 0 0 0
720 2738 105 8 Name 0 0 0
212 3724 108 8 Name 0 0 0
3142 14 66 8 Name 0 0 0
3910 437 67 8 Name 0 0 0
3184 597 51 8 Name 0 0 0
2680 1145 74 8 Name 0 0 0
2920 481 103 8 Name 0 0 0
1396 1627 112 8 Name 0 0 0
448 2686 92 8 Name 0 0 0
1185 1605 93 8 Name 0 0 0
3638 2553 109 8 Name 0 0 0
1818 2680 22 8 Name 0 0 0
1017 1170 90 8 Name 0 0 0
3409 3514 56 8 Name 0 0 0
2366 4059 78 8 Name 0 0 0
1335 990 98 8 Name 0 0 0
805 32 81 8 Name 0 0 0
3921 4026 90 8 Name 0 0 0
981 4064 107 8 Name 0 0 0
1700 1638 51 8 Name 0 0 0
3473 1157 38 8 Name 0 0 0
1927 3692 116 8 Name 0 0 0
2630 490 75 8 Name 0 0 0
1403 2385 124 8 Name 0 0 0
3188 811 69 8 Name 0 0 0
2016 2068 39 8 Name 0 0 0
2025 561 50 8 Name 0 0 0
2673 3598 31 8 Name 0 0 0
1860 628 59 8 Name 0 0 0
519 304 27 8 Name 0 0 0
850 3289 34 8 Name 0 0 0
1116 1860 66 8 Name 0 0 0
979 3629 25 8 Name 0 0 0
1130 3613 35 8 Name 0 0 0
929 1796 41 8 Name 0 0 0
3893 801 31 8 Name 0 0 0
1808 3829 113 8 Name 0 0 0
273 1269 78 8 Name 0 0 0
657 552 36 8 Name 0 0 0
3989 3899 119 8 Name 0 0 0
3695 3240 90 8 Name 0 0 0
2468 2376 45 8 Name 0 0 0
3974 3359 54 8 Name 0 0 0
3264 1021 67 8 Name 0 0 0
2768 2721 47 8 Name 0 0 0
910 443 77 8 Name 0 0 0
3096 2551 27 8 Name 0 0 0
580 3805 73 8 Name 0 0 0
987 694 54 8 Name 0 0 0
1613 2563 46 8 Name 0 0 0
2152 3831 102 8 Name 0 0 0
3027 2418 53 8 Name 0 0 0
3397 43 113 8 Name 0 0 0
2156 3135 123 8 Name 0 0 0
3290 744 41 8 Name 0 0 0
1109 2312 98 8 Name 0 0 0
65 612 117 8 Name 0 0 0
53 752 91 8 Name 0 0 0
1192 219 23 8 Name 0 0 0
1161 1908 90 8 Name 0 0 0
3457 1329 60 8 Name 0 0 0
1448 674 78 8 Name 0 0 0
4005 2870 41 8 Name 0 0 0
1941 2332 88 8 Name 0 0 0
1291 3868 83 8 Name 0 0 0
332 97 43 8 Name 0 0 0
1960 2219 39 8 Name 0 0 0
512 447 107 8 Name 0 0 0
379 2385 56 8 Name 0 0 0
3831 1896 41 8 Name 0 0 0
3998 1376 88 8 Name 0 0 0
1510 2535 90 8 Name 0 0 0
146 1737 45 8 Name 0 0 0
3242 3220 65 8 Name 0 0 0
268 2640 86 8 Name 0 0 0
1589 944 18 8 Name 0 0 0
1203 339 42 8 Name 0 0 0
1695 2061 76 8 Name 0 0 0
2594 874 27 8 Name 0 0 0
2733 1027 99 8 Name 0 0 0
1742 1088 115 8 Name 0 0 0
3485 3192 87 8 Name 0 0 0
3662 918 24 8 Name 0 0 0
506 3880 55 8 Name 0 0 0
3876 3390 16 8 Name 0 0 0
1984 4 47 8 Name 0 0 0
1030 383 125 8 Name 0 0 0
3116 3105 32 8 Name 0 0 0
393 2889 101 8 Name 0 0 0
314 1895 113 8 Name 0 0 0
419 1188 127 8 Name 0 0 0
391 3413 92 8 Name 0 0 0
1953 638 51 8 Name 0 0 0
1493 3796 103 8 Name 0 0 0
1161 3024 100 8 Name 0 0 0
2644 1172 20 8 Name 0 0 0
1004 569 58 8 Name 0 0 0
1359 99 66 8 Name 0 0 0
3051 2486 125 8 Name 0 0 0
3685 1102 127 8 Name 0 0 0
3911 330 49 8 Name 0 0 0
2852 2885 102 8 Name 0 0 0
1418 2744 71 8 Name 0 0 0
318 3111 77 8 Name 0 0 0
1543 2545 115 8 Name 0 0 0
1151 2948 102 8 Name 0 0 0
3450 273 33 8 Name 0 0 0
712 729 60 8 Name 0 0 0
1759 2625 78 8 Name 0 0 0
627 1835 100 8 Name 0 0 0
3334 2643 125 8 Name 0 0 0
2507 155 35 8 Name 0 0 0
184 2691 16 8 Name 0 0 0
3058 3657 20 8 Name 0 0 0
753 1882 110 8 Name 0 0 0
1939 3443 91 8 Name 0 0 0
633 3988 61 8 Name 0 0 0
1322 1097 32 8 Name 0 0 0
2625 416 30 8 Name 0 0 0
3711 2162 90 8 Name 0 0 0
615 2962 38 8 Name 0 0 0
1416 1193 102 8 Name 0 0 0
3241 3808 17 8 Name 0 0 0
2468 2226 121 8 Name 0 0 0
83 801 71 8 Name 0 0 0
811 2504 66 8 Name 0 0 0
2286 3270 21 8 Name 0 0 0
3916 267 43 8 Name 0 0 0
741 101 24 8 Name 0 0 0
3212 1442 78 8 Name 0 0 0
316 4018 117 8 Name 0 0 0
871 2824 17 8 Name 0 0 0
361 1981 88 8 Name 0 0 0
2180 1723 102 8 Name 0 0 0
3294 1267 78 8 Name 0 0 0
3918 1306 44 8 Name 0 0 0
1848 33 25 8 Name 0 0 0
293 1141 63 8 Name 0 0 0
3331 2809 75 8 Name 0 0 0
2114 1380 36 8 Name 0 0 0
3860 1111 58 8 Name 0 0 0
2299 3513 45 8 Name 0 0 0
3364 3729 22 8 Name 0 0 0
2061 1956 45 8 Name 0 0 0
1225 2698 38 8 Name 0 0 0
3591 565 91 8 Name 0 0 0
2375 1298 19 8 Name 0 0 0
1192 394 18 8 Name 0 0 0
2062 1883 108 8 Name 0 0 0
2212 2123 106 8 Name 0 0 0
2270 946 80 8 Name 0 0 0
1184 3294 97 8 Name 0 0 0
3788 3890 113 8 Name 0 0 0
1261 258 111 8 Name 0 0 0
1855 2257 123 8 Name 0 0 0
156 224 32 8 Name 0 0 0
409 281 120 8 Name 0 0 0
2268 2500 92 8 Name 0 0 0
4049 1596 55 8 Name 0 0 0
3500 479 40 8 Name 0 0 0
776 3962 115 8 Name 0 0 0
1773 1001 58 8 Name 0 0 0
3544 1492 112 8 Name 0 0 0
2455 2042 39 8 Name 0 0 0
1295 2513 55 8 Name 0 0 0
3495 1354 104 8 Name 0 0 0
2655 527 22 8 Name 0 0 0
4035 3075 30 8 Name 0 0 0
1908 2408 22 8 Name 0 0 0
1698 21 74 8 Name 0 0 0
6 4020 108 8 Name 0 0 0
696 3074 23 8 Name 0 0 0
139 4059 81 8 Name 0 0 0
2878 4061 37 8 Name 0 0 0
2220 2007 35 8 Name 0 0 0
3975 2976 32 8 Name 0 0 0
376 1755 85 8 Name 0 0 0
1102 2536 64 8 Name 0 0 0
2125 3685 122 8 Name 0 0 0
3126 1863 103 8 Name 0 0 0
3379 1864 40 8 Name 0 0 0
1139 2844 57 8 Name 0 0 0
2946 174 18 8 Name 0 0 0
2336 1417 19 8 Name 0 0 0
1899 3759 69 8 Name 0 0 0
3556 2835 127 8 Name 0 0 0
736 668 57 8 Name 0 0 0
3400 2494 19 8 Name 0 0 0
1131 82 123 8 Name 0 0 0
3111 3712 40 8 Name 0 0 0
2159 3862 76 8 Name 0 0 0
299 3624 42 8 Name 0 0 0
3830 1644 87 8 Name 0 0 0
3362 2065 61 8 Name 0 0 0
1915 2071 54 8 Name 0 0 0
929 1781 50 8 Name 0 0 0
3595 1647 111 8 Name 0 0 0
3451 1415 81 8 Name 0 0 0
1407 3792 49 8 Name 0 0 0
221 3024 102 8 Name 0 0 0
3382 3746 120 8 Name 0 0 0
1890 2849 96 8 Name 0 0 0
2476 340 40 8 Name 0 0 0
3077 2718 96 8 Name 0 0 0
2571 2648 71 8 Name 0 0 0
3047 3175 33 8 Name 0 0 0
2279 1636 47 8 Name 0 0 0
1744 359 19 8 Name 0 0 0
1024 571 97 8 Name 0 0 0
1901 980 22 8 Name 0 0 0
4086 2920 117 8 Name 0 0 0
3259 993 38 8 Name 0 0 0
3240 1818 56 8 Name 0 0 0
3628 2341 107 8 Name 0 0 0
574 1112 96 8 Name 0 0 0
1406 760 33 8 Name 0 0 0
779 1513 108 8 Name 0 0 0
950 28 53 8 Name 0 0 0
3120 1774 92 8 Name 0 0 0
3214 623 72 8 Name 0 0 0
3801 1461 127 8 Name 0 0 0
1520 1650 117 8 Name 0 0 0
725 2561 73 8 Name 0 0 0
930 3914 94 8 Name 0 0 0
2147 2275 98 8 Name 0 0 0
3899 669 51 8 Name 0 0 0
2368 2982 50 8 Name 0 0 0
3259 3164 29 8 Name 0 0 0
2908 1914 17 8 Name 0 0 0
1778 717 71 8 Name 0 0 0
1848 2792 49 8 Name 0 0 0
1352 2830 116 8 Name 0 0 0
3341 2278 41 8 Name 0 0 0
4021 1550 36 8 Name 0 0 0
3745 2806 44 8 Name 0 0 0
3772 556 100 8 Name 0 0 0
656 3372 83 8 Name 0 0 0
1485 206 54 8 Name 0 0 0
1969 600 88 8 Name 0 0 0
3264 2331 22 8 Name 0 0 0
1497 1452 103 8 Name 0 0 0
1409 1542 121 8 Name 0 0 0
3347 1972 72 8 Name 0 0 0
3794 1777 91 8 Name 0 0 0
3820 3701 76 8 Name 0 0 0
3249 433 66 8 Name 0 0 0
1466 1366 92 8 Name 0 0 0
656 2780 93 8 Name 0 0 0
1642 364 24 8 Name 0 0 0
3074 654 41 8 Name 0 0 0
1448 4032 127 8 Name 0 0 0
2735 3726 36 8 Name 0 0 0
2780 1311 70 8 Name 0 0 0
2650 1525 87 8 Name 0 0 0
3512 2184 73 8 Name 0 0 0
1149 2323 85 8 Name 0 0 0
1063 1507 82 8 Name 0 0 0
597 2395 105 8 Name 0 0 0
3589 2502 121 8 Name 0 0 0
2982 585 112 8 Name 0 0 0
3219 3890 19 8 Name 0 0 0
535 167 98 8 Name 0 0 0
3423 2698 49 8 Name 0 0 0
3023 2821 75 8 Name 0 0 0
3072 2194 85 8 Name 0 0 0
3141 3429 94 8 Name 0 0 0
3811 2439 112 8 Name 0 0 0
3391 1303 52 8 Name 0 0 0
3497 2732 74 8 Name 0 0 0
362 1363 102 8 Name 0 0 0
3505 2215 31 8 Name 0 0 0
1113 4071 46 8 Name 0 0 0
1468 2136 105 8 Name 0 0 0
3542 1099 123 8 Name 0 0 0
1588 1191 52 8 Name 0 0 0
3080 1193 35 8 Name 0 0 0
3177 2775 98 8 Name 0 0 0
2864 3545 111 8 Name 0 0 0
1239 2724 78 8 Name 0 0 0
2237 1666 69 8 Name 0 0 0
3579 3243 118 8 Name 0 0 0
2174 1656 123 8 Name 0 0 0
2018 2332 91 8 Name 0 0 0
3764 366 41 8 Name 0 0 0
1637 2295 42 8 Name 0 0 0
1023 3011 65 8 Name 0 0 0
4015 3255 96 8 Name 0 0 0
2065 1779 97 8 Name 0 0 0
1542 515 83 8 Name 0 0 0
1519 3400 59 8 Name 0 0 0
2450 2275 74 8 Name 0 0 0
2332 607 56 8 Name 0 0 0
2951 3677 80 8 Name 0 0 0
1034 3674 50 8 Name 0 0 0
3374 1390 25 8 Name 0 0 0
1952 1286 20 8 Name 0 0 0
3151 3527 58 8 Name 0 0 0
3891 3109 49 8 Name 0 0 0
2182 1076 79 8 Name 0 0 0
2653 3739 29 8 Name 0 0 0
1468 4032 108 8 Name 0 0 0
3942 2377 103 8 Name 0 0 0
671 1526 75 8 Name 0 0 0
x-Min=0
x-Max=4096
y-Min=0
y-Max=4096
min label height=8.0
max label height=8.0
min label width=16.0
max label width=128
