1024
2537 310 247 60 Name 0 0 0
6518 7127 117 36 Name 0 0 0
9707 14027 190 45 Name 0 0 0
16251 12561 211 50 Name 0 0 0
1809 12627 125 42 Name 0 0 0
6877 15418 173 36 Name 0 0 0
7553 5497 91 45 Name 0 0 0
9244 14689 82 43 Name 0 0 0
3775 12424 79 34 Name 0 0 0
4719 1903 148 49 Name 0 0 0
13605 9486 175 40 Name 0 0 0
9153 12812 242 59 Name 0 0 0
14714 2820 134 44 Name 0 0 0
6033 2870 95 59 Name 0 0 0
15530 9634 141 51 Name 0 0 0
11980 13846 252 36 Name 0 0 0
12904 8464 174 61 Name 0 0 0
861 13662 123 61 Name 0 0 0
2680 3955 199 41 Name 0 0 0
13353 6165 67 38 Name 0 0 0
4723 266 254 58 Name 0 0 0
27 10926 208 55 Name 0 0 0
3655 16036 124 63 Name 0 0 0
993 6598 196 49 Name 0 0 0
15127 3072 72 42 Name 0 0 0
10699 7212 84 43 Name 0 0 0
12357 15342 224 63 Name 0 0 0
6995 14306 163 52 Name 0 0 0
8161 3703 228 32 Name 0 0 0
3154 15946 113 40 Name 0 0 0
4339 7330 189 57 Name 0 0 0
2506 1221 207 34 Name 0 0 0
1112 4257 71 40 Name 0 0 0
10401 13042 190 39 Name 0 0 0
4334 2805 229 41 Name 0 0 0
5466 14027 189 42 Name 0 0 0
14183 12713 72 53 Name 0 0 0
15175 8289 173 58 Name 0 0 0
7579 907 151 39 Name 0 0 0
6638 1203 141 54 Name 0 0 0
15870 4339 81 60 Name 0 0 0
8406 9950 82 42 Name 0 0 0
5623 15568 190 60 Name 0 0 0
9793 2755 251 50 Name 0 0 0
6266 12374 181 38 Name 0 0 0
9471 12191 118 41 Name 0 0 0
4937 7350 91 58 Name 0 0 0
13338 623 68 36 Name 0 0 0
5035 11365 158 39 Name 0 0 0
13549 12203 228 35 Name 0 0 0
15109 15788 166 51 Name 0 0 0
14643 15096 108 52 Name 0 0 0
5763 601 195 38 Name 0 0 0
9358 14702 178 34 Name 0 0 0
12318 8113 190 48 Name 0 0 0
76 6969 108 52 Name 0 0 0
4095 10525 181 35 Name 0 0 0
15865 9354 251 48 Name 0 0 0
2112 4227 207 34 Name 0 0 0
9070 4707 210 56 Name 0 0 0
9643 15780 213 57 Name 0 0 0
8209 10453 133 32 Name 0 0 0
11475 13124 162 33 Name 0 0 0
5945 13337 97 33 Name 0 0 0
3637 9022 158 60 Name 0 0 0
9509 14941 157 39 Name 0 0 0
5307 13445 177 52 Name 0 0 0
8817 7094 182 37 Name 0 0 0
5543 15508 214 53 Name 0 0 0
4292 10881 221 33 Name 0 0 0
9488 15705 184 50 Name 0 0 0
6177 9471 227 62 Name 0 0 0
1527 390 194 33 Name 0 0 0
11724 11719 234 52 Name 0 0 0
10055 12595 69 53 Name 0 0 0
12171 15360 80 51 Name 0 0 0
12119 13639 197 61 Name 0 0 0
2119 538 157 60 Name 0 0 0
4298 12856 103 47 Name 0 0 0
14245 16182 160 59 Name 0 0 0
5031 12408 194 38 Name 0 0 0
16036 12173 97 33 Name 0 0 0
11389 338 106 54 Name 0 0 0
5348 12464 78 60 Name 0 0 0
10183 2016 219 48 Name 0 0 0
13323 14416 236 42 Name 0 0 0
4759 10342 110 36 Name 0 0 0
3602 8122 140 54 Name 0 0 0
8343 3110 163 61 Name 0 0 0
9897 14486 246 57 Name 0 0 0
12245 11036 100 63 Name 0 0 0
6916 12942 136 51 Name 0 0 0
1123 7712 218 41 Name 0 0 0
1824 11219 138 45 Name 0 0 0
6455 12627 203 61 Name 0 0 0
618 9635 239 62 Name 0 0 0
13741 13146 209 57 Name 0 0 0
12179 7992 111 64 Name 0 0 0
15499 425 188 47 Name 0 0 0
4775 6132 207 47 Name 0 0 0
15086 585 220 35 Name 0 0 0
746 8589 189 43 Name 0 0 0
10041 647 107 58 Name 0 0 0
13081 13475 150 40 Name 0 0 0
9496 6097 200 37 Name 0 0 0
11889 11188 143 57 Name 0 0 0
7409 9563 162 58 Name 0 0 0
13820 11875 108 64 Name 0 0 0
2446 12996 133 63 Name 0 0 0
6971 13842 193 40 Name 0 0 0
9356 11115 154 32 Name 0 0 0
14594 16218 160 46 Name 0 0 0
5466 3739 222 47 Name 0 0 0
9328 13281 92 48 Name 0 0 0
3727 4759 67 40 Name 0 0 0
13120 13366 250 58 Name 0 0 0
6477 4553 177 52 Name 0 0 0
8958 2373 109 59 Name 0 0 0
7496 1922 103 39 Name 0 0 0
13129 12717 188 39 Name 0 0 0
3162 10537 184 61 Name 0 0 0
3066 15961 140 36 Name 0 0 0
7988 11579 237 50 Name 0 0 0
4572 15124 176 41 Name 0 0 0
5951 7511 255 44 Name 0 0 0
9297 8434 147 41 Name 0 0 0
5709 11701 70 51 Name 0 0 0
10024 9329 68 40 Name 0 0 0
3747 16352 105 62 Name 0 0 0
14916 7442 130 48 Name 0 0 0
1371 14152 120 55 Name 0 0 0
10106 12375 182 63 Name 0 0 0
7629 10174 218 60 Name 0 0 0
14144 7887 158 64 Name 0 0 0
4751 4924 152 48 Name 0 0 0
7461 8556 135 33 Name 0 0 0
15156 5701 151 33 Name 0 0 0
12999 14843 183 60 Name 0 0 0
2690 7332 198 51 Name 0 0 0
9040 5221 171 38 Name 0 0 0
3431 800 97 32 Name 0 0 0
14632 790 157 50 Name 0 0 0
5328 5366 221 38 Name 0 0 0
14958 5174 164 58 Name 0 0 0
8576 5307 155 45 Name 0 0 0
4397 5427 105 45 Name 0 0 0
1877 12713 173 42 Name 0 0 0
5915 7278 224 44 Name 0 0 0
8053 9184 114 35 Name 0 0 0
921 7305 188 51 Name 0 0 0
14986 16224 126 50 Name 0 0 0
2651 11267 226 63 Name 0 0 0
15057 9158 153 33 Name 0 0 0
2317 5867 228 62 Name 0 0 0
11040 9581 213 59 Name 0 0 0
10798 1925 216 46 Name 0 0 0
3479 10120 92 43 Name 0 0 0
9887 4464 205 59 Name 0 0 0
15947 8407 158 53 Name 0 0 0
10474 8451 105 50 Name 0 0 0
5419 12191 74 35 Name 0 0 0
14264 15299 184 58 Name 0 0 0
15397 12743 80 56 Name 0 0 0
11116 14233 114 34 Name 0 0 0
10559 15430 198 61 Name 0 0 0
13502 2938 98 58 Name 0 0 0
7286 13309 177 53 Name 0 0 0
2287 15499 117 36 Name 0 0 0
2401 8261 215 35 Name 0 0 0
12721 4646 220 37 Name 0 0 0
6058 1629 233 56 Name 0 0 0
1656 5410 236 37 Name 0 0 0
11923 6143 205 38 Name 0 0 0
14698 15358 110 51 Name 0 0 0
14158 330 225 34 Name 0 0 0
15451 10730 193 38 Name 0 0 0
16251 4778 218 35 Name 0 0 0
160 12825 109 54 Name 0 0 0
13352 12767 165 55 Name 0 0 0
15389 5835 160 48 Name 0 0 0
1555 9485 66 55 Name 0 0 0
13697 13513 127 50 Name 0 0 0
3366 15320 250 48 Name 0 0 0
3643 13717 76 56 Name 0 0 0
14947 2020 221 55 Name 0 0 0
9597 12239 90 58 Name 0 0 0
11780 8998 186 51 Name 0 0 0
2994 835 124 62 Name 0 0 0
8608 7668 164 56 Name 0 0 0
5378 5181 247 42 Name 0 0 0
8913 1962 103 39 Name 0 0 0
14545 5382 184 48 Name 0 0 0
8467 9783 103 56 Name 0 0 0
13723 7671 72 55 Name 0 0 0
1363 13849 136 50 Name 0 0 0
6551 16122 185 64 Name 0 0 0
77 13305 66 57 Name 0 0 0
4392 2013 242 57 Name 0 0 0
9170 3816 110 38 Name 0 0 0
4068 15750 150 55 Name 0 0 0
9186 12168 153 56 Name 0 0 0
10105 4824 177 57 Name 0 0 0
1101 6914 134 58 Name 0 0 0
4085 963 239 55 Name 0 0 0
13603 4416 185 45 Name 0 0 0
7251 14786 189 58 Name 0 0 0
14404 13886 84 40 Name 0 0 0
6309 14945 148 35 Name 0 0 0
12095 1633 221 38 Name 0 0 0
3852 94 137 48 Name 0 0 0
11943 14946 183 58 Name 0 0 0
6727 3322 191 56 Name 0 0 0
1948 888 174 40 Name 0 0 0
9111 7149 98 33 Name 0 0 0
5825 6828 129 45 Name 0 0 0
15621 2563 229 64 Name 0 0 0
1309 14861 66 37 Name 0 0 0
9953 15521 111 35 Name 0 0 0
15736 13224 90 43 Name 0 0 0
14496 2396 224 52 Name 0 0 0
15241 14445 124 35 Name 0 0 0
15769 5969 239 46 Name 0 0 0
8277 8050 178 45 Name 0 0 0
7256 12600 102 46 Name 0 0 0
2664 14889 187 42 Name 0 0 0
14546 12447 105 36 Name 0 0 0
13823 14782 93 49 Name 0 0 0
11076 8962 223 52 Name 0 0 0
8338 12346 83 50 Name 0 0 0
12018 1930 94 56 Name 0 0 0
1702 11746 192 45 Name 0 0 0
15137 11471 236 43 Name 0 0 0
16103 2479 148 41 Name 0 0 0
4452 6482 234 63 Name 0 0 0
7971 9664 135 35 Name 0 0 0
2574 8232 237 58 Name 0 0 0
15064 4252 149 37 Name 0 0 0
5901 6768 222 37 Name 0 0 0
7039 5482 101 46 Name 0 0 0
897 14130 189 32 Name 0 0 0
15988 10685 238 51 Name 0 0 0
14240 7195 106 61 Name 0 0 0
4827 15021 114 51 Name 0 0 0
15154 864 183 46 Name 0 0 0
3917 9424 162 57 Name 0 0 0
11820 11500 111 43 Name 0 0 0
12952 13308 122 48 Name 0 0 0
8286 5521 143 44 Name 0 0 0
10189 9262 239 36 Name 0 0 0
11873 13748 136 41 Name 0 0 0
2833 6345 254 63 Name 0 0 0
6248 4800 218 60 Name 0 0 0
4864 13738 105 64 Name 0 0 0
9093 6706 253 33 Name 0 0 0
1393 10299 151 51 Name 0 0 0
10120 11828 196 62 Name 0 0 0
12646 8500 178 47 Name 0 0 0
8337 677 160 60 Name 0 0 0
3797 13275 79 34 Name 0 0 0
6019 14057 196 35 Name 0 0 0
12184 7946 176 52 Name 0 0 0
4427 3288 165 52 Name 0 0 0
7475 1206 101 53 Name 0 0 0
3205 16148 80 58 Name 0 0 0
14964 229 233 49 Name 0 0 0
736 11005 100 59 Name 0 0 0
11538 14064 200 46 Name 0 0 0
2283 15692 99 61 Name 0 0 0
2221 8486 141 58 Name 0 0 0
13870 14660 114 53 Name 0 0 0
2450 13444 165 44 Name 0 0 0
4075 12223 153 60 Name 0 0 0
4128 15478 223 53 Name 0 0 0
15065 504 82 42 Name 0 0 0
363 9242 172 47 Name 0 0 0
12 6390 250 35 Name 0 0 0
1775 9197 160 42 Name 0 0 0
9791 12447 170 32 Name 0 0 0
7259 16260 215 52 Name 0 0 0
4444 12751 189 34 Name 0 0 0
14032 3199 67 54 Name 0 0 0
12360 11236 136 51 Name 0 0 0
8450 9903 125 45 Name 0 0 0
3484 15660 118 57 Name 0 0 0
7708 4323 143 44 Name 0 0 0
6986 7316 202 61 Name 0 0 0
3335 8841 152 55 Name 0 0 0
13537 6188 76 58 Name 0 0 0
7034 11281 147 57 Name 0 0 0
6048 9560 181 48 Name 0 0 0
14862 2290 124 48 Name 0 0 0
10899 1440 89 42 Name 0 0 0
1291 12368 120 42 Name 0 0 0
3820 1680 175 62 Name 0 0 0
14553 16295 150 38 Name 0 0 0
5848 1058 152 58 Name 0 0 0
4232 2464 245 32 Name 0 0 0
8073 2707 226 40 Name 0 0 0
6710 15658 192 40 Name 0 0 0
16196 11239 238 42 Name 0 0 0
13726 1112 239 39 Name 0 0 0
11246 12063 83 58 Name 0 0 0
6460 716 130 34 Name 0 0 0
15669 12672 119 58 Name 0 0 0
12191 6604 191 39 Name 0 0 0
4466 16241 196 46 Name 0 0 0
7981 4804 208 41 Name 0 0 0
13978 619 122 48 Name 0 0 0
9982 12560 133 45 Name 0 0 0
11007 14579 195 42 Name 0 0 0
9859 15427 198 46 Name 0 0 0
5564 9302 124 62 Name 0 0 0
11006 13341 241 55 Name 0 0 0
3669 3256 129 45 Name 0 0 0
11730 13335 231 63 Name 0 0 0
5801 3047 132 45 Name 0 0 0
6719 1271 248 39 Name 0 0 0
5306 8919 68 62 Name 0 0 0
11294 11845 138 63 Name 0 0 0
2874 10223 120 58 Name 0 0 0
325 5508 86 48 Name 0 0 0
12965 16009 248 53 Name 0 0 0
10887 8955 221 61 Name 0 0 0
12630 4760 216 62 Name 0 0 0
15195 6910 240 43 Name 0 0 0
1922 15848 109 42 Name 0 0 0
335 11084 186 54 Name 0 0 0
12454 2178 120 36 Name 0 0 0
2411 1667 137 47 Name 0 0 0
11427 6418 175 35 Name 0 0 0
12859 10407 112 34 Name 0 0 0
3068 15614 131 36 Name 0 0 0
9808 1513 133 44 Name 0 0 0
449 4454 135 38 Name 0 0 0
1755 7287 70 41 Name 0 0 0
12831 6506 97 47 Name 0 0 0
5817 7108 77 42 Name 0 0 0
7684 5012 124 34 Name 0 0 0
11713 13799 158 38 Name 0 0 0
2329 3779 163 38 Name 0 0 0
15477 14470 201 63 Name 0 0 0
13041 6945 204 35 Name 0 0 0
2673 4935 73 52 Name 0 0 0
9440 14711 136 49 Name 0 0 0
10432 7905 242 50 Name 0 0 0
13926 10060 192 56 Name 0 0 0
12203 322 238 44 Name 0 0 0
11419 11489 113 42 Name 0 0 0
16281 9465 137 36 Name 0 0 0
15453 5318 155 43 Name 0 0 0
11560 11458 210 35 Name 0 0 0
11803 9018 235 50 Name 0 0 0
4251 2397 128 38 Name 0 0 0
2609 10504 253 35 Name 0 0 0
12698 3428 216 37 Name 0 0 0
3921 5925 185 63 Name 0 0 0
12573 7168 126 56 Name 0 0 0
13955 16079 184 42 Name 0 0 0
15890 8256 183 58 Name 0 0 0
11035 606 188 33 Name 0 0 0
968 15906 100 51 Name 0 0 0
11477 541 154 48 Name 0 0 0
14823 11910 188 34 Name 0 0 0
7705 183 235 40 Name 0 0 0
9348 11560 72 38 Name 0 0 0
141 2297 246 52 Name 0 0 0
6962 14144 243 45 Name 0 0 0
468 1519 130 39 Name 0 0 0
4801 88 68 44 Name 0 0 0
5563 13006 69 42 Name 0 0 0
7353 15455 73 36 Name 0 0 0
11102 10810 231 40 Name 0 0 0
7699 8246 240 41 Name 0 0 0
2460 1911 107 62 Name 0 0 0
13021 11712 80 61 Name 0 0 0
1270 15803 220 48 Name 0 0 0
6310 14009 223 52 Name 0 0 0
14593 6441 117 42 Name 0 0 0
12911 12374 211 32 Name 0 0 0
6778 10895 244 34 Name 0 0 0
2483 7129 111 43 Name 0 0 0
3570 7841 205 58 Name 0 0 0
13874 5477 136 62 Name 0 0 0
8993 5387 170 57 Name 0 0 0
14048 2082 217 42 Name 0 0 0
2493 9025 217 56 Name 0 0 0
15348 12630 110 53 Name 0 0 0
4951 15334 175 61 Name 0 0 0
314 9838 105 45 Name 0 0 0
14487 9160 112 34 Name 0 0 0
10898 10802 64 37 Name 0 0 0
15420 471 79 62 Name 0 0 0
4298 8069 138 52 Name 0 0 0
8693 16310 186 63 Name 0 0 0
12204 14788 143 44 Name 0 0 0
3689 1094 250 38 Name 0 0 0
4322 125 206 55 Name 0 0 0
9877 6766 207 40 Name 0 0 0
9451 13055 190 53 Name 0 0 0
8258 13543 160 43 Name 0 0 0
9416 2736 234 44 Name 0 0 0
10740 13151 135 32 Name 0 0 0
12436 14929 230 34 Name 0 0 0
3976 4115 184 57 Name 0 0 0
10552 4796 143 47 Name 0 0 0
10800 7224 104 47 Name 0 0 0
2861 7488 210 38 Name 0 0 0
1632 8015 245 55 Name 0 0 0
8817 16183 183 45 Name 0 0 0
15296 4588 251 44 Name 0 0 0
3049 2141 81 58 Name 0 0 0
5685 8003 120 57 Name 0 0 0
1290 15723 231 61 Name 0 0 0
12046 12531 137 46 Name 0 0 0
12377 13997 65 33 Name 0 0 0
10544 5230 113 35 Name 0 0 0
5477 13393 70 55 Name 0 0 0
3006 15177 143 40 Name 0 0 0
11229 3564 80 60 Name 0 0 0
11415 15459 71 33 Name 0 0 0
1327 13382 104 33 Name 0 0 0
551 11104 74 50 Name 0 0 0
6600 336 209 62 Name 0 0 0
11709 3384 243 55 Name 0 0 0
3068 14935 169 41 Name 0 0 0
16182 5704 140 53 Name 0 0 0
4236 6874 83 39 Name 0 0 0
6363 3642 99 41 Name 0 0 0
8475 1912 234 44 Name 0 0 0
10217 9479 239 36 Name 0 0 0
8960 5231 192 36 Name 0 0 0
14886 7274 130 51 Name 0 0 0
7562 6018 136 61 Name 0 0 0
12944 10877 105 49 Name 0 0 0
11581 7927 220 40 Name 0 0 0
4245 14999 115 60 Name 0 0 0
2160 10246 237 53 Name 0 0 0
9571 8297 127 56 Name 0 0 0
6534 15888 108 55 Name 0 0 0
12682 12567 160 43 Name 0 0 0
838 6606 218 57 Name 0 0 0
143 8256 149 51 Name 0 0 0
4881 6741 145 32 Name 0 0 0
8797 336 134 61 Name 0 0 0
16363 14223 97 48 Name 0 0 0
16285 8248 100 51 Name 0 0 0
2171 5915 245 62 Name 0 0 0
4455 15143 203 37 Name 0 0 0
6849 2958 79 54 Name 0 0 0
15903 15878 213 60 Name 0 0 0
2388 2318 194 48 Name 0 0 0
8218 6064 87 43 Name 0 0 0
2896 6895 186 36 Name 0 0 0
9079 6961 83 47 Name 0 0 0
690 5453 116 55 Name 0 0 0
2954 11871 79 62 Name 0 0 0
11580 10304 65 58 Name 0 0 0
9374 15739 252 54 Name 0 0 0
3006 13095 236 52 Name 0 0 0
190 9854 167 60 Name 0 0 0
16056 13218 180 60 Name 0 0 0
13802 3804 149 38 Name 0 0 0
7371 10567 78 62 Name 0 0 0
3443 749 103 53 Name 0 0 0
7524 15902 131 58 Name 0 0 0
14744 9318 231 44 Name 0 0 0
12209 1117 138 54 Name 0 0 0
14637 9541 184 63 Name 0 0 0
6471 7309 138 37 Name 0 0 0
5690 10550 151 62 Name 0 0 0
8919 10619 150 39 Name 0 0 0
924 7768 224 46 Name 0 0 0
16148 7750 167 63 Name 0 0 0
776 14740 140 51 Name 0 0 0
1919 12261 204 49 Name 0 0 0
6952 1363 66 54 Name 0 0 0
15410 8141 140 35 Name 0 0 0
11411 15151 245 54 Name 0 0 0
1943 15291 167 54 Name 0 0 0
10814 348 191 45 Name 0 0 0
529 15638 87 39 Name 0 0 0
15599 14631 71 36 Name 0 0 0
4480 8065 186 53 Name 0 0 0
9650 7531 161 46 Name 0 0 0
4899 16044 235 59 Name 0 0 0
11192 4100 235 62 Name 0 0 0
4570 8506 76 42 Name 0 0 0
4037 13458 126 45 Name 0 0 0
655 7240 254 57 Name 0 0 0
12598 13040 245 48 Name 0 0 0
2208 4312 202 59 Name 0 0 0
15871 16208 160 33 Name 0 0 0
4397 15164 230 62 Name 0 0 0
4452 5727 228 43 Name 0 0 0
10266 7383 140 53 Name 0 0 0
8038 14778 156 37 Name 0 0 0
2275 4549 102 48 Name 0 0 0
13934 11409 197 52 Name 0 0 0
579 5241 150 33 Name 0 0 0
7359 3544 249 63 Name 0 0 0
11638 5563 222 50 Name 0 0 0
4824 7716 174 50 Name 0 0 0
12871 13633 224 52 Name 0 0 0
4340 9171 103 45 Name 0 0 0
13801 900 144 53 Name 0 0 0
16229 11358 83 44 Name 0 0 0
14226 7996 65 53 Name 0 0 0
4366 6476 66 56 Name 0 0 0
14609 13536 234 32 Name 0 0 0
13430 14135 147 32 Name 0 0 0
566 5619 148 40 Name 0 0 0
12044 11332 134 44 Name 0 0 0
118 7497 85 33 Name 0 0 0
12556 5631 170 57 Name 0 0 0
8773 8999 103 64 Name 0 0 0
6587 1631 121 53 Name 0 0 0
12128 15861 145 60 Name 0 0 0
11685 1940 71 56 Name 0 0 0
12648 13921 84 44 Name 0 0 0
1906 6026 115 36 Name 0 0 0
2618 10895 135 37 Name 0 0 0
15784 10923 88 49 Name 0 0 0
8080 13023 118 37 Name 0 0 0
9416 10001 125 62 Name 0 0 0
7809 2055 110 35 Name 0 0 0
14469 9507 208 62 Name 0 0 0
8877 1450 229 36 Name 0 0 0
13025 10283 251 63 Name 0 0 0
6653 13399 234 45 Name 0 0 0
4968 10337 243 63 Name 0 0 0
15614 7968 181 44 Name 0 0 0
7503 3903 227 56 Name 0 0 0
3393 7021 113 44 Name 0 0 0
7181 2892 186 48 Name 0 0 0
289 10085 223 51 Name 0 0 0
2315 14072 206 44 Name 0 0 0
9103 12513 137 49 Name 0 0 0
4727 5255 102 39 Name 0 0 0
1487 1112 73 55 Name 0 0 0
8486 14079 228 55 Name 0 0 0
2956 11026 119 33 Name 0 0 0
11671 2787 142 42 Name 0 0 0
3479 7549 107 36 Name 0 0 0
7968 2126 240 49 Name 0 0 0
7997 7964 247 60 Name 0 0 0
3863 12139 173 51 Name 0 0 0
13679 12618 86 61 Name 0 0 0
11055 2806 95 39 Name 0 0 0
14673 8469 232 56 Name 0 0 0
1721 5662 202 54 Name 0 0 0
8280 9032 199 59 Name 0 0 0
7025 9797 196 38 Name 0 0 0
7821 13115 150 43 Name 0 0 0
2804 13967 246 47 Name 0 0 0
16063 3431 134 41 Name 0 0 0
12190 8901 77 56 Name 0 0 0
5289 269 186 49 Name 0 0 0
12337 1772 101 32 Name 0 0 0
1397 15961 88 47 Name 0 0 0
14143 333 76 35 Name 0 0 0
13121 13463 143 34 Name 0 0 0
4963 16260 71 32 Name 0 0 0
3339 14131 160 41 Name 0 0 0
14070 510 162 61 Name 0 0 0
13998 8314 117 36 Name 0 0 0
12299 6504 171 41 Name 0 0 0
1317 4491 86 42 Name 0 0 0
3891 6682 140 59 Name 0 0 0
1888 13298 96 45 Name 0 0 0
13490 4302 240 59 Name 0 0 0
14381 6286 127 43 Name 0 0 0
13127 15846 215 42 Name 0 0 0
14746 4854 107 60 Name 0 0 0
5774 6451 243 35 Name 0 0 0
14657 14211 214 51 Name 0 0 0
14721 11912 90 53 Name 0 0 0
2181 5407 216 40 Name 0 0 0
12186 14376 227 61 Name 0 0 0
6851 2387 113 40 Name 0 0 0
4172 10547 177 39 Name 0 0 0
13626 224 86 41 Name 0 0 0
13106 6339 169 60 Name 0 0 0
14 14536 249 35 Name 0 0 0
2551 12858 149 46 Name 0 0 0
4656 15500 88 60 Name 0 0 0
12825 11273 211 64 Name 0 0 0
480 9968 160 35 Name 0 0 0
2477 1228 172 39 Name 0 0 0
11893 6039 151 61 Name 0 0 0
8352 12469 223 49 Name 0 0 0
1979 11531 106 62 Name 0 0 0
12979 11827 83 42 Name 0 0 0
6501 15909 106 44 Name 0 0 0
9815 9228 67 60 Name 0 0 0
12331 2660 78 64 Name 0 0 0
3907 15914 189 51 Name 0 0 0
3684 2677 215 40 Name 0 0 0
15940 4740 109 63 Name 0 0 0
2196 5383 177 45 Name 0 0 0
10083 561 103 50 Name 0 0 0
803 1230 73 38 Name 0 0 0
11179 850 131 34 Name 0 0 0
5994 1587 227 63 Name 0 0 0
13059 360 213 45 Name 0 0 0
3794 10004 164 46 Name 0 0 0
5006 13097 167 62 Name 0 0 0
3215 15325 142 44 Name 0 0 0
7644 716 234 36 Name 0 0 0
15767 15726 246 64 Name 0 0 0
3490 6206 195 59 Name 0 0 0
13667 6702 193 45 Name 0 0 0
12215 8845 177 37 Name 0 0 0
2527 3146 211 50 Name 0 0 0
8160 7147 155 54 Name 0 0 0
12576 3406 121 34 Name 0 0 0
12948 13984 97 48 Name 0 0 0
15759 7465 172 62 Name 0 0 0
10252 11417 235 63 Name 0 0 0
2137 8603 84 33 Name 0 0 0
11284 7355 83 39 Name 0 0 0
9514 4446 209 52 Name 0 0 0
11660 6068 138 63 Name 0 0 0
8610 8528 148 42 Name 0 0 0
11879 841 167 37 Name 0 0 0
1412 13677 179 36 Name 0 0 0
3669 3687 242 59 Name 0 0 0
6595 1753 175 32 Name 0 0 0
15951 12875 165 56 Name 0 0 0
5168 863 227 58 Name 0 0 0
10171 6059 121 35 Name 0 0 0
269 4891 157 33 Name 0 0 0
2549 8918 217 48 Name 0 0 0
9335 3080 169 46 Name 0 0 0
8021 5618 111 35 Name 0 0 0
8076 8971 99 57 Name 0 0 0
9323 3930 170 34 Name 0 0 0
9953 4826 241 43 Name 0 0 0
11085 1850 177 44 Name 0 0 0
6440 9694 105 36 Name 0 0 0
6309 14034 154 51 Name 0 0 0
13960 11602 229 59 Name 0 0 0
13704 663 177 48 Name 0 0 0
9830 10844 240 39 Name 0 0 0
15550 6902 207 61 Name 0 0 0
5459 14771 247 38 Name 0 0 0
11603 11179 68 40 Name 0 0 0
15447 16132 83 36 Name 0 0 0
8478 1049 247 40 Name 0 0 0
3879 5814 186 59 Name 0 0 0
426 2513 160 58 Name 0 0 0
14380 681 245 52 Name 0 0 0
1861 3704 155 38 Name 0 0 0
11969 8612 75 62 Name 0 0 0
14647 7893 75 49 Name 0 0 0
14648 7471 256 48 Name 0 0 0
10997 15546 140 47 Name 0 0 0
4517 7338 153 54 Name 0 0 0
10894 4976 73 35 Name 0 0 0
12301 4806 158 45 Name 0 0 0
2875 7992 225 52 Name 0 0 0
7499 6896 240 41 Name 0 0 0
12380 10949 158 52 Name 0 0 0
2957 3161 128 49 Name 0 0 0
9186 2949 142 43 Name 0 0 0
8029 10793 254 35 Name 0 0 0
12192 11786 158 32 Name 0 0 0
5810 14462 145 48 Name 0 0 0
16256 7688 192 54 Name 0 0 0
11913 8914 76 59 Name 0 0 0
6700 6445 235 42 Name 0 0 0
10170 8116 98 54 Name 0 0 0
12749 9466 233 48 Name 0 0 0
3032 8442 103 40 Name 0 0 0
9854 2985 106 62 Name 0 0 0
4742 5537 243 48 Name 0 0 0
3677 14457 152 33 Name 0 0 0
8963 4019 225 48 Name 0 0 0
8031 9041 127 37 Name 0 0 0
7313 2132 162 34 Name 0 0 0
13243 12380 139 33 Name 0 0 0
5459 13983 177 35 Name 0 0 0
6375 13875 90 32 Name 0 0 0
15571 11101 193 62 Name 0 0 0
8354 9765 242 32 Name 0 0 0
11985 2661 112 51 Name 0 0 0
8842 4017 189 40 Name 0 0 0
4145 15156 245 56 Name 0 0 0
8243 9895 152 50 Name 0 0 0
3761 6318 232 41 Name 0 0 0
9417 8475 255 58 Name 0 0 0
5845 12600 143 35 Name 0 0 0
8875 2644 69 44 Name 0 0 0
13632 15566 213 46 Name 0 0 0
5159 2907 246 43 Name 0 0 0
1762 13066 191 56 Name 0 0 0
1174 15043 250 57 Name 0 0 0
10949 609 214 62 Name 0 0 0
3359 1558 129 51 Name 0 0 0
11908 1201 130 40 Name 0 0 0
13902 1473 255 50 Name 0 0 0
13840 9845 116 46 Name 0 0 0
2043 5721 85 48 Name 0 0 0
11751 15359 116 33 Name 0 0 0
9756 12167 224 41 Name 0 0 0
15603 11575 243 36 Name 0 0 0
3861 13301 227 49 Name 0 0 0
15992 3997 153 33 Name 0 0 0
10472 11050 80 50 Name 0 0 0
587 8697 85 35 Name 0 0 0
12811 4032 196 52 Name 0 0 0
6148 4000 93 43 Name 0 0 0
8276 8312 167 56 Name 0 0 0
13776 1275 137 55 Name 0 0 0
14021 6569 191 39 Name 0 0 0
5203 830 98 50 Name 0 0 0
11601 6158 223 44 Name 0 0 0
6829 2428 239 52 Name 0 0 0
13484 10948 138 34 Name 0 0 0
2250 10406 170 50 Name 0 0 0
589 7825 69 50 Name 0 0 0
2138 7068 167 58 Name 0 0 0
9149 12480 212 33 Name 0 0 0
5232 2673 163 54 Name 0 0 0
8151 8024 109 55 Name 0 0 0
9974 13811 244 57 Name 0 0 0
8693 3596 97 52 Name 0 0 0
13959 3354 94 38 Name 0 0 0
6500 8053 71 54 Name 0 0 0
4561 10789 154 54 Name 0 0 0
3156 5886 229 43 Name 0 0 0
14122 12606 162 56 Name 0 0 0
1055 15881 232 33 Name 0 0 0
2647 15127 212 43 Name 0 0 0
3401 2321 163 41 Name 0 0 0
4451 7089 246 32 Name 0 0 0
13066 5823 148 44 Name 0 0 0
10039 1499 239 56 Name 0 0 0
14033 13427 166 61 Name 0 0 0
15401 9033 120 58 Name 0 0 0
107 12192 125 47 Name 0 0 0
11652 9114 247 34 Name 0 0 0
13469 352 163 62 Name 0 0 0
683 6655 118 61 Name 0 0 0
13861 4643 95 56 Name 0 0 0
8337 48 229 33 Name 0 0 0
10089 15456 150 35 Name 0 0 0
15861 4570 67 37 Name 0 0 0
13461 11008 122 54 Name 0 0 0
8722 15120 246 61 Name 0 0 0
10471 5536 212 59 Name 0 0 0
2099 12274 86 44 Name 0 0 0
3927 8132 219 36 Name 0 0 0
7871 15937 156 33 Name 0 0 0
15050 6132 81 35 Name 0 0 0
3022 9049 192 59 Name 0 0 0
1226 9481 127 32 Name 0 0 0
13181 9740 94 60 Name 0 0 0
11412 7378 207 44 Name 0 0 0
12985 21 233 61 Name 0 0 0
14505 12580 152 43 Name 0 0 0
6219 395 176 34 Name 0 0 0
12583 12434 154 34 Name 0 0 0
7042 11214 145 32 Name 0 0 0
9689 3988 228 34 Name 0 0 0
12699 1116 210 35 Name 0 0 0
11400 3558 90 61 Name 0 0 0
1724 6761 143 42 Name 0 0 0
2838 3701 223 34 Name 0 0 0
10958 14920 192 56 Name 0 0 0
13541 11159 245 59 Name 0 0 0
10809 3911 133 33 Name 0 0 0
925 11454 76 41 Name 0 0 0
8300 11425 79 53 Name 0 0 0
14655 3627 183 34 Name 0 0 0
7418 11015 144 44 Name 0 0 0
14892 13885 106 43 Name 0 0 0
14344 15932 174 55 Name 0 0 0
4117 5323 82 60 Name 0 0 0
4937 5134 70 41 Name 0 0 0
9768 4589 222 40 Name 0 0 0
4083 11559 126 38 Name 0 0 0
10769 16324 233 55 Name 0 0 0
12799 7701 171 48 Name 0 0 0
6217 11040 136 38 Name 0 0 0
13172 11638 73 34 Name 0 0 0
11467 2444 95 60 Name 0 0 0
13023 14865 134 48 Name 0 0 0
2595 3289 224 48 Name 0 0 0
9576 12353 169 45 Name 0 0 0
7386 10974 178 58 Name 0 0 0
8361 11541 89 42 Name 0 0 0
2871 13890 73 39 Name 0 0 0
7465 10321 159 46 Name 0 0 0
14038 6400 214 55 Name 0 0 0
15151 13068 128 47 Name 0 0 0
13274 15743 176 44 Name 0 0 0
218 14243 79 52 Name 0 0 0
10234 14608 158 45 Name 0 0 0
15260 4552 74 34 Name 0 0 0
14619 13335 236 47 Name 0 0 0
8086 7776 186 59 Name 0 0 0
10582 13048 205 58 Name 0 0 0
13032 10370 154 44 Name 0 0 0
1418 9274 240 40 Name 0 0 0
4486 8616 218 62 Name 0 0 0
9558 2572 218 34 Name 0 0 0
4068 1236 175 63 Name 0 0 0
14199 15186 90 34 Name 0 0 0
11993 6630 141 32 Name 0 0 0
13047 8379 228 43 Name 0 0 0
16034 14954 189 57 Name 0 0 0
3433 7556 97 44 Name 0 0 0
2011 38 120 49 Name 0 0 0
3888 2378 199 47 Name 0 0 0
885 2654 209 35 Name 0 0 0
13008 3264 65 50 Name 0 0 0
9219 8967 182 49 Name 0 0 0
13107 5701 143 59 Name 0 0 0
2487 9854 218 52 Name 0 0 0
5696 15812 191 37 Name 0 0 0
2329 15601 184 37 Name 0 0 0
3748 11649 189 52 Name 0 0 0
16316 16009 244 55 Name 0 0 0
7444 8330 221 46 Name 0 0 0
15730 12586 80 45 Name 0 0 0
5701 4441 199 53 Name 0 0 0
479 9819 89 36 Name 0 0 0
10689 15099 184 47 Name 0 0 0
8404 4583 127 55 Name 0 0 0
13398 16317 215 41 Name 0 0 0
4388 13811 247 43 Name 0 0 0
7969 1998 124 61 Name 0 0 0
1578 2519 125 64 Name 0 0 0
10888 9029 101 64 Name 0 0 0
8705 9730 249 55 Name 0 0 0
906 3974 149 42 Name 0 0 0
1327 9449 184 55 Name 0 0 0
4651 9527 247 55 Name 0 0 0
11036 15583 162 51 Name 0 0 0
5419 13203 186 54 Name 0 0 0
14957 6937 216 45 Name 0 0 0
10949 8500 111 33 Name 0 0 0
15191 16274 121 63 Name 0 0 0
6916 750 254 32 Name 0 0 0
11565 8072 138 49 Name 0 0 0
1646 6771 191 59 Name 0 0 0
6360 10494 149 50 Name 0 0 0
5267 12586 96 44 Name 0 0 0
3432 11793 122 53 Name 0 0 0
13163 5717 92 32 Name 0 0 0
3083 5791 251 47 Name 0 0 0
13050 16372 75 60 Name 0 0 0
7212 2126 213 43 Name 0 0 0
8244 6118 114 43 Name 0 0 0
11761 3667 182 54 Name 0 0 0
13932 3444 100 63 Name 0 0 0
2825 1406 214 51 Name 0 0 0
11608 3510 160 41 Name 0 0 0
2098 6272 236 42 Name 0 0 0
8708 13020 206 43 Name 0 0 0
2904 9188 207 62 Name 0 0 0
1281 6310 75 59 Name 0 0 0
15983 2878 167 57 Name 0 0 0
11793 9697 72 37 Name 0 0 0
784 5446 133 39 Name 0 0 0
6194 666 97 34 Name 0 0 0
14034 5133 120 36 Name 0 0 0
12865 15373 73 32 Name 0 0 0
10966 6002 254 55 Name 0 0 0
3145 622 160 33 Name 0 0 0
11852 11266 189 46 Name 0 0 0
15790 8002 109 64 Name 0 0 0
9799 6443 252 64 Name 0 0 0
16124 2191 119 51 Name 0 0 0
8341 8558 81 46 Name 0 0 0
15574 5826 115 41 Name 0 0 0
13425 10532 73 50 Name 0 0 0
13901 1430 79 47 Name 0 0 0
14463 8824 64 49 Name 0 0 0
7069 10472 117 37 Name 0 0 0
1948 7366 210 54 Name 0 0 0
11977 11441 244 38 Name 0 0 0
4083 2484 223 37 Name 0 0 0
9215 15886 93 49 Name 0 0 0
14910 4384 127 52 Name 0 0 0
1554 11848 156 51 Name 0 0 0
3562 14243 181 43 Name 0 0 0
682 9524 163 45 Name 0 0 0
11774 8241 164 57 Name 0 0 0
25 13975 163 46 Name 0 0 0
2253 1873 173 58 Name 0 0 0
1407 10766 170 47 Name 0 0 0
8013 1830 132 43 Name 0 0 0
814 15080 78 62 Name 0 0 0
8303 7336 167 36 Name 0 0 0
2546 551 134 40 Name 0 0 0
15701 14723 134 58 Name 0 0 0
1207 2321 165 60 Name 0 0 0
9210 14856 144 51 Name 0 0 0
8763 11460 133 47 Name 0 0 0
11860 12340 89 46 Name 0 0 0
10125 8461 128 54 Name 0 0 0
3713 9293 131 43 Name 0 0 0
14319 13415 169 34 Name 0 0 0
5659 986 244 62 Name 0 0 0
10588 15398 189 56 Name 0 0 0
13980 6029 204 33 Name 0 0 0
432 8913 162 58 Name 0 0 0
6519 13245 85 42 Name 0 0 0
3769 11096 203 52 Name 0 0 0
8658 7191 243 55 Name 0 0 0
1510 13115 196 59 Name 0 0 0
5195 7196 234 33 Name 0 0 0
2236 3433 81 45 Name 0 0 0
1952 7625 113 60 Name 0 0 0
7724 5845 109 62 Name 0 0 0
4244 15604 133 40 Name 0 0 0
2125 7715 240 44 Name 0 0 0
7958 9003 87 40 Name 0 0 0
9237 7382 218 46 Name 0 0 0
8893 8473 148 46 Name 0 0 0
7860 13507 205 38 Name 0 0 0
3476 10055 240 43 Name 0 0 0
3426 10955 190 56 Name 0 0 0
9513 14438 188 51 Name 0 0 0
5040 6858 225 35 Name 0 0 0
16060 9862 110 41 Name 0 0 0
10960 11132 208 40 Name 0 0 0
13895 10286 137 36 Name 0 0 0
9462 19 223 57 Name 0 0 0
13361 9253 208 56 Name 0 0 0
1546 12420 245 55 Name 0 0 0
10767 1724 151 51 Name 0 0 0
15223 7458 93 41 Name 0 0 0
2204 103 216 40 Name 0 0 0
9660 7506 245 51 Name 0 0 0
8538 1500 131 63 Name 0 0 0
8232 13716 200 63 Name 0 0 0
15388 7288 190 37 Name 0 0 0
10553 4487 160 52 Name 0 0 0
8236 5651 88 55 Name 0 0 0
10096 15680 246 58 Name 0 0 0
413 4149 113 42 Name 0 0 0
9467 10754 148 54 Name 0 0 0
5905 9494 138 49 Name 0 0 0
8199 16101 118 35 Name 0 0 0
12621 1332 186 61 Name 0 0 0
8671 2836 207 34 Name 0 0 0
7239 364 210 52 Name 0 0 0
1391 6310 214 49 Name 0 0 0
6050 8827 83 63 Name 0 0 0
1470 12042 92 49 Name 0 0 0
5299 7932 185 63 Name 0 0 0
5445 14905 163 56 Name 0 0 0
13000 9871 145 63 Name 0 0 0
3129 2602 227 50 Name 0 0 0
13225 12768 78 34 Name 0 0 0
10381 12524 241 47 Name 0 0 0
11283 15186 157 52 Name 0 0 0
7825 125 100 63 Name 0 0 0
5142 5126 196 49 Name 0 0 0
3983 7914 137 50 Name 0 0 0
4968 16172 127 49 Name 0 0 0
6812 9529 86 60 Name 0 0 0
3830 12482 136 53 Name 0 0 0
14940 3416 232 46 Name 0 0 0
2240 3676 91 64 Name 0 0 0
6419 2171 193 39 Name 0 0 0
14468 11800 99 43 Name 0 0 0
8925 15004 172 53 Name 0 0 0
514 11809 65 46 Name 0 0 0
2205 10833 151 48 Name 0 0 0
16047 8517 198 61 Name 0 0 0
15748 1237 189 46 Name 0 0 0
15273 9583 69 53 Name 0 0 0
1401 1932 123 45 Name 0 0 0
6128 15107 155 61 Name 0 0 0
4551 8359 82 52 Name 0 0 0
7568 12431 142 50 Name 0 0 0
13657 2285 166 61 Name 0 0 0
12200 3798 149 48 Name 0 0 0
683 9165 154 62 Name 0 0 0
1246 11855 95 41 Name 0 0 0
13501 566 211 38 Name 0 0 0
1587 4409 231 55 Name 0 0 0
2306 10357 123 59 Name 0 0 0
1998 8975 252 60 Name 0 0 0
14929 14355 131 61 Name 0 0 0
13907 8932 74 55 Name 0 0 0
5273 12987 239 41 Name 0 0 0
13910 6058 106 35 Name 0 0 0
5853 4208 243 50 Name 0 0 0
192 5554 130 39 Name 0 0 0
9230 2248 125 54 Name 0 0 0
15808 13646 124 34 Name 0 0 0
1758 3559 160 48 Name 0 0 0
6321 8693 99 62 Name 0 0 0
15391 2066 213 39 Name 0 0 0
3351 9593 197 33 Name 0 0 0
1536 9516 254 48 Name 0 0 0
14603 6550 235 40 Name 0 0 0
19 14285 135 43 Name 0 0 0
10203 7126 103 63 Name 0 0 0
15484 8260 206 38 Name 0 0 0
15399 11619 251 40 Name 0 0 0
2729 9807 163 49 Name 0 0 0
12898 8894 208 50 Name 0 0 0
9869 4116 84 45 Name 0 0 0
3943 3917 171 32 Name 0 0 0
2322 9947 191 49 Name 0 0 0
2655 15943 223 35 Name 0 0 0
8519 13663 114 60 Name 0 0 0
2052 1437 186 44 Name 0 0 0
9522 14200 73 57 Name 0 0 0
9316 6102 117 52 Name 0 0 0
8294 1410 162 48 Name 0 0 0
13606 15537 209 61 Name 0 0 0
2910 8805 239 55 Name 0 0 0
13005 3461 170 42 Name 0 0 0
3851 7520 195 50 Name 0 0 0
8110 13017 230 55 Name 0 0 0
13618 2096 155 52 Name 0 0 0
12155 11655 188 47 Name 0 0 0
13674 15219 145 41 Name 0 0 0
x-Min=0
x-Max=16384
y-Min=0
y-Max=16384
min label height=32.0
max label height=64.0
min label width=64.0
max label width=256.0
