1024
5990 972 93 31 Name 0 0 0
483 2653 68 25 Name 0 0 0
7268 3304 96 18 Name 0 0 0
5347 1264 101 30 Name 0 0 0
588 8100 103 24 Name 0 0 0
1725 6654 108 25 Name 0 0 0
2488 3138 120 25 Name 0 0 0
5268 6875 122 24 Name 0 0 0
2941 85 95 31 Name 0 0 0
6062 542 111 22 Name 0 0 0
4479 1586 77 20 Name 0 0 0
3573 1234 41 29 Name 0 0 0
801 5535 80 24 Name 0 0 0
956 8140 92 19 Name 0 0 0
5110 6169 39 29 Name 0 0 0
3360 7632 45 18 Name 0 0 0
3050 6697 44 25 Name 0 0 0
6479 1605 103 29 Name 0 0 0
3835 1986 117 21 Name 0 0 0
6534 5227 82 19 Name 0 0 0
7109 6372 70 21 Name 0 0 0
6695 3412 94 24 Name 0 0 0
3923 4622 34 23 Name 0 0 0
2916 3901 86 31 Name 0 0 0
3432 2253 123 17 Name 0 0 0
6043 2184 35 21 Name 0 0 0
3042 7538 32 27 Name 0 0 0
6242 685 47 17 Name 0 0 0
2471 3012 37 19 Name 0 0 0
2541 811 83 29 Name 0 0 0
680 1503 105 21 Name 0 0 0
6811 6458 77 26 Name 0 0 0
544 5186 38 29 Name 0 0 0
5086 4906 104 21 Name 0 0 0
7159 6781 57 19 Name 0 0 0
438 4472 87 26 Name 0 0 0
6355 7516 107 24 Name 0 0 0
6201 1590 86 21 Name 0 0 0
3861 4643 126 21 Name 0 0 0
6136 6906 103 31 Name 0 0 0
4563 7832 127 21 Name 0 0 0
5391 6872 48 23 Name 0 0 0
1921 5821 57 18 Name 0 0 0
3538 3048 102 29 Name 0 0 0
412 8079 45 21 Name 0 0 0
4162 7202 84 25 Name 0 0 0
6840 2935 37 16 Name 0 0 0
1654 1918 110 22 Name 0 0 0
5585 4675 53 23 Name 0 0 0
5084 3859 101 30 Name 0 0 0
7505 4856 108 22 Name 0 0 0
5772 6961 100 25 Name 0 0 0
4246 742 44 17 Name 0 0 0
3393 2859 72 31 Name 0 0 0
5220 3913 43 30 Name 0 0 0
3088 1641 60 23 Name 0 0 0
2736 5036 125 28 Name 0 0 0
7186 6554 67 27 Name 0 0 0
7347 7658 57 25 Name 0 0 0
6287 6071 76 28 Name 0 0 0
7685 5172 96 16 Name 0 0 0
4256 4563 121 24 Name 0 0 0
6470 823 53 24 Name 0 0 0
1152 7318 62 25 Name 0 0 0
5126 6841 32 19 Name 0 0 0
1633 6590 48 22 Name 0 0 0
866 3095 76 27 Name 0 0 0
156 4478 43 28 Name 0 0 0
3688 6460 96 25 Name 0 0 0
4174 7213 86 28 Name 0 0 0
1722 6633 107 23 Name 0 0 0
4038 3584 121 17 Name 0 0 0
2973 4501 94 32 Name 0 0 0
8123 1663 92 29 Name 0 0 0
7526 3827 35 23 Name 0 0 0
5852 4244 108 24 Name 0 0 0
927 2780 47 19 Name 0 0 0
8112 7090 64 30 Name 0 0 0
6620 2324 89 26 Name 0 0 0
2563 6915 42 17 Name 0 0 0
5733 1649 40 23 Name 0 0 0
2117 3757 105 23 Name 0 0 0
5680 5797 60 32 Name 0 0 0
2238 2498 113 24 Name 0 0 0
7060 7981 64 29 Name 0 0 0
2905 1253 46 26 Name 0 0 0
4802 626 45 30 Name 0 0 0
7773 4935 100 31 Name 0 0 0
5752 5114 75 28 Name 0 0 0
673 4727 101 19 Name 0 0 0
7899 5255 81 26 Name 0 0 0
2695 6524 32 31 Name 0 0 0
4349 1907 127 21 Name 0 0 0
3570 7382 101 17 Name 0 0 0
341 4787 41 23 Name 0 0 0
4126 6687 110 19 Name 0 0 0
4979 5914 42 29 Name 0 0 0
4075 41 82 24 Name 0 0 0
6556 1165 64 27 Name 0 0 0
806 1361 101 20 Name 0 0 0
931 2829 113 25 Name 0 0 0
3399 7480 48 22 Name 0 0 0
3571 3963 93 23 Name 0 0 0
452 1016 100 21 Name 0 0 0
6453 6157 88 30 Name 0 0 0
7804 4080 86 19 Name 0 0 0
7669 1080 91 31 Name 0 0 0
2146 7109 84 26 Name 0 0 0
2057 4390 108 24 Name 0 0 0
7285 4110 88 22 Name 0 0 0
5427 5922 97 20 Name 0 0 0
3621 2521 89 30 Name 0 0 0
1076 138 123 32 Name 0 0 0
3364 3643 101 29 Name 0 0 0
1843 4169 95 21 Name 0 0 0
3642 4512 95 19 Name 0 0 0
7852 169 64 21 Name 0 0 0
2748 5752 94 29 Name 0 0 0
8047 358 38 24 Name 0 0 0
7728 4023 41 25 Name 0 0 0
3072 984 107 31 Name 0 0 0
6967 5452 55 26 Name 0 0 0
7938 3813 58 23 Name 0 0 0
7752 8090 39 22 Name 0 0 0
7337 3803 118 28 Name 0 0 0
2156 6749 104 19 Name 0 0 0
6910 1176 43 20 Name 0 0 0
6430 833 109 18 Name 0 0 0
6610 4704 103 25 Name 0 0 0
5063 2487 117 18 Name 0 0 0
7943 7516 62 24 Name 0 0 0
6569 2852 78 23 Name 0 0 0
6100 3996 58 24 Name 0 0 0
967 4159 68 30 Name 0 0 0
4828 99 116 23 Name 0 0 0
809 8096 95 18 Name 0 0 0
5376 6989 77 20 Name 0 0 0
1632 1216 59 19 Name 0 0 0
6090 7987 88 21 Name 0 0 0
8090 573 76 22 Name 0 0 0
5349 831 124 30 Name 0 0 0
7911 1992 44 17 Name 0 0 0
5704 5419 81 32 Name 0 0 0
4926 400 66 23 Name 0 0 0
6587 1751 32 28 Name 0 0 0
3737 6775 99 31 Name 0 0 0
1489 1313 60 25 Name 0 0 0
5071 7186 36 22 Name 0 0 0
7040 7641 74 20 Name 0 0 0
1107 6965 65 18 Name 0 0 0
2143 5572 98 32 Name 0 0 0
5777 6950 77 23 Name 0 0 0
1322 7242 88 22 Name 0 0 0
6447 1932 39 18 Name 0 0 0
4958 577 119 24 Name 0 0 0
1377 3011 121 18 Name 0 0 0
2878 3946 66 17 Name 0 0 0
2732 1657 83 18 Name 0 0 0
6123 5291 57 30 Name 0 0 0
1071 5091 102 30 Name 0 0 0
3016 3281 109 29 Name 0 0 0
3967 8069 76 20 Name 0 0 0
3574 5496 47 26 Name 0 0 0
1915 6654 111 27 Name 0 0 0
6521 1805 126 23 Name 0 0 0
6216 734 72 31 Name 0 0 0
5834 4098 42 23 Name 0 0 0
1852 1049 40 18 Name 0 0 0
2312 987 117 32 Name 0 0 0
5500 5796 35 18 Name 0 0 0
7815 7890 128 28 Name 0 0 0
3354 4827 32 21 Name 0 0 0
1610 5556 41 19 Name 0 0 0
5831 4693 72 18 Name 0 0 0
5440 1089 64 26 Name 0 0 0
6787 2167 36 18 Name 0 0 0
589 1811 57 23 Name 0 0 0
4433 1360 72 29 Name 0 0 0
1109 3028 115 24 Name 0 0 0
7895 5585 100 17 Name 0 0 0
4608 6566 95 21 Name 0 0 0
3925 3152 75 21 Name 0 0 0
7505 5167 75 32 Name 0 0 0
5364 2941 98 19 Name 0 0 0
7994 1353 62 27 Name 0 0 0
1262 8029 42 26 Name 0 0 0
4065 2292 76 22 Name 0 0 0
7212 1374 126 21 Name 0 0 0
7521 8073 90 18 Name 0 0 0
214 1263 71 32 Name 0 0 0
7132 5622 56 31 Name 0 0 0
1711 71 44 23 Name 0 0 0
4308 2216 82 21 Name 0 0 0
2126 1059 42 18 Name 0 0 0
1516 1707 62 26 Name 0 0 0
440 6946 121 27 Name 0 0 0
2905 1006 101 25 Name 0 0 0
4502 3346 46 28 Name 0 0 0
2672 2605 80 21 Name 0 0 0
6696 139 62 17 Name 0 0 0
7494 7213 73 19 Name 0 0 0
5694 1856 70 20 Name 0 0 0
1728 4908 80 19 Name 0 0 0
3644 3041 86 26 Name 0 0 0
5177 4883 34 24 Name 0 0 0
4634 5587 87 19 Name 0 0 0
7945 3225 55 28 Name 0 0 0
4854 2910 37 28 Name 0 0 0
6734 4423 94 16 Name 0 0 0
3698 6092 101 25 Name 0 0 0
1493 2063 111 18 Name 0 0 0
3591 7064 69 24 Name 0 0 0
61 5957 112 30 Name 0 0 0
7392 5898 119 21 Name 0 0 0
5155 6367 76 16 Name 0 0 0
5293 5495 72 22 Name 0 0 0
7875 7337 76 26 Name 0 0 0
5036 8040 100 20 Name 0 0 0
5081 2430 58 27 Name 0 0 0
7683 7908 88 26 Name 0 0 0
7702 356 97 31 Name 0 0 0
6445 2027 124 16 Name 0 0 0
4694 507 49 26 Name 0 0 0
2594 1156 94 19 Name 0 0 0
6177 5905 98 29 Name 0 0 0
7926 5377 46 17 Name 0 0 0
1456 6648 70 27 Name 0 0 0
6835 4274 94 20 Name 0 0 0
826 3400 76 29 Name 0 0 0
332 7088 103 27 Name 0 0 0
4593 4010 45 22 Name 0 0 0
2938 2100 75 20 Name 0 0 0
6906 7724 72 17 Name 0 0 0
6427 1225 54 24 Name 0 0 0
6698 1504 37 29 Name 0 0 0
4749 7299 67 20 Name 0 0 0
3899 5946 46 31 Name 0 0 0
7872 3784 90 20 Name 0 0 0
2742 5097 110 31 Name 0 0 0
6767 1561 36 25 Name 0 0 0
5098 2425 116 29 Name 0 0 0
6564 3351 111 17 Name 0 0 0
3429 6754 88 29 Name 0 0 0
6377 4435 40 27 Name 0 0 0
4269 77 40 27 Name 0 0 0
7851 3408 97 31 Name 0 0 0
6333 4356 65 23 Name 0 0 0
4596 5347 87 18 Name 0 0 0
2471 1250 128 16 Name 0 0 0
4065 1382 48 32 Name 0 0 0
8086 8038 81 16 Name 0 0 0
5528 7359 125 16 Name 0 0 0
6897 2722 75 27 Name 0 0 0
3677 1025 126 29 Name 0 0 0
429 6151 107 21 Name 0 0 0
3175 6642 93 19 Name 0 0 0
2607 7198 45 31 Name 0 0 0
981 1561 33 19 Name 0 0 0
1767 5604 74 26 Name 0 0 0
8078 2372 79 18 Name 0 0 0
2188 3882 59 30 Name 0 0 0
1595 4781 93 31 Name 0 0 0
6957 5569 33 31 Name 0 0 0
6479 4109 50 31 Name 0 0 0
5095 6953 122 21 Name 0 0 0
3438 5756 66 20 Name 0 0 0
2235 1288 88 29 Name 0 0 0
2429 2124 61 20 Name 0 0 0
7547 897 41 30 Name 0 0 0
2693 2149 55 22 Name 0 0 0
1180 7358 81 21 Name 0 0 0
1103 7071 104 29 Name 0 0 0
7736 534 40 17 Name 0 0 0
4601 6845 58 29 Name 0 0 0
4449 5847 117 24 Name 0 0 0
356 6772 98 23 Name 0 0 0
8010 1001 84 26 Name 0 0 0
6220 5483 40 28 Name 0 0 0
3020 4449 114 18 Name 0 0 0
6057 2293 74 27 Name 0 0 0
5680 1193 55 21 Name 0 0 0
7378 6004 42 19 Name 0 0 0
5379 2686 45 31 Name 0 0 0
1409 1335 50 29 Name 0 0 0
6213 1434 62 26 Name 0 0 0
2154 5646 49 27 Name 0 0 0
5861 3262 111 31 Name 0 0 0
2278 5396 70 17 Name 0 0 0
245 5866 110 19 Name 0 0 0
798 7448 113 29 Name 0 0 0
8055 3827 65 31 Name 0 0 0
5311 3220 103 31 Name 0 0 0
3632 2610 101 32 Name 0 0 0
7672 7461 117 30 Name 0 0 0
1827 5787 78 28 Name 0 0 0
3389 2006 89 16 Name 0 0 0
4527 7664 79 21 Name 0 0 0
268 6148 44 30 Name 0 0 0
7073 4269 113 21 Name 0 0 0
4395 2852 36 20 Name 0 0 0
3308 1979 114 32 Name 0 0 0
2130 1239 59 27 Name 0 0 0
7625 7206 115 18 Name 0 0 0
5060 8012 86 29 Name 0 0 0
6595 2271 41 32 Name 0 0 0
8160 560 121 25 Name 0 0 0
3775 1505 77 24 Name 0 0 0
1031 5803 44 28 Name 0 0 0
920 6386 61 21 Name 0 0 0
7398 5309 98 27 Name 0 0 0
2936 41 55 22 Name 0 0 0
6084 8082 93 32 Name 0 0 0
5961 7270 90 26 Name 0 0 0
5893 916 63 31 Name 0 0 0
4631 3553 122 17 Name 0 0 0
5820 4216 53 27 Name 0 0 0
4870 3226 127 29 Name 0 0 0
1129 3698 96 27 Name 0 0 0
7736 6121 86 19 Name 0 0 0
5703 5553 59 28 Name 0 0 0
7548 2909 35 26 Name 0 0 0
8129 3569 121 27 Name 0 0 0
198 392 40 19 Name 0 0 0
6633 1122 40 30 Name 0 0 0
6411 7878 83 20 Name 0 0 0
7512 1343 86 28 Name 0 0 0
5593 4596 40 24 Name 0 0 0
6306 6405 66 26 Name 0 0 0
2259 431 114 27 Name 0 0 0
4914 532 105 18 Name 0 0 0
3775 3265 58 27 Name 0 0 0
3520 7220 78 20 Name 0 0 0
7535 5906 61 25 Name 0 0 0
110 330 71 18 Name 0 0 0
5714 3135 89 27 Name 0 0 0
4884 5816 86 29 Name 0 0 0
518 6772 40 28 Name 0 0 0
2659 5952 36 18 Name 0 0 0
1469 7690 115 21 Name 0 0 0
3191 3477 90 19 Name 0 0 0
7912 4655 127 21 Name 0 0 0
7327 1362 98 22 Name 0 0 0
4432 2012 124 31 Name 0 0 0
6074 1082 49 28 Name 0 0 0
3483 6334 53 22 Name 0 0 0
7240 3902 108 29 Name 0 0 0
4497 2240 125 19 Name 0 0 0
5889 7744 34 29 Name 0 0 0
4339 7061 72 29 Name 0 0 0
2714 6309 72 21 Name 0 0 0
275 6852 33 31 Name 0 0 0
7255 4445 103 32 Name 0 0 0
1742 6436 33 29 Name 0 0 0
8160 409 38 31 Name 0 0 0
7332 8154 45 16 Name 0 0 0
1548 6437 100 30 Name 0 0 0
1559 7287 100 26 Name 0 0 0
5484 1476 119 21 Name 0 0 0
3206 6941 92 27 Name 0 0 0
1995 4554 127 32 Name 0 0 0
6711 3245 40 31 Name 0 0 0
4709 2295 81 28 Name 0 0 0
5680 2140 119 19 Name 0 0 0
4436 1731 43 30 Name 0 0 0
686 4704 72 19 Name 0 0 0
6234 8023 90 31 Name 0 0 0
5754 2607 94 21 Name 0 0 0
335 7697 96 24 Name 0 0 0
2423 5066 86 30 Name 0 0 0
3465 6821 36 32 Name 0 0 0
357 5832 86 31 Name 0 0 0
5161 1763 68 27 Name 0 0 0
8189 1087 72 30 Name 0 0 0
5435 4008 79 20 Name 0 0 0
2755 1381 114 27 Name 0 0 0
308 4001 108 27 Name 0 0 0
6912 4534 115 29 Name 0 0 0
6889 4729 118 16 Name 0 0 0
1175 5539 44 22 Name 0 0 0
3785 2504 112 24 Name 0 0 0
3395 3975 125 16 Name 0 0 0
6769 8137 42 21 Name 0 0 0
2285 2512 76 31 Name 0 0 0
6305 4354 58 24 Name 0 0 0
5072 1666 114 24 Name 0 0 0
1033 5 82 30 Name 0 0 0
947 7471 95 17 Name 0 0 0
1982 1638 94 30 Name 0 0 0
5139 2161 58 24 Name 0 0 0
2513 3283 53 17 Name 0 0 0
4010 6215 114 23 Name 0 0 0
5498 1098 73 27 Name 0 0 0
7037 3493 92 31 Name 0 0 0
7432 5501 118 29 Name 0 0 0
6403 1748 37 20 Name 0 0 0
6177 1535 121 30 Name 0 0 0
1468 5081 66 28 Name 0 0 0
2062 854 58 24 Name 0 0 0
821 1706 45 20 Name 0 0 0
4243 5917 43 21 Name 0 0 0
3527 832 103 29 Name 0 0 0
1516 5059 103 25 Name 0 0 0
8166 5469 72 25 Name 0 0 0
6999 2567 63 30 Name 0 0 0
2909 6874 39 23 Name 0 0 0
2290 2540 44 25 Name 0 0 0
6320 4086 33 29 Name 0 0 0
2371 8115 80 21 Name 0 0 0
7038 356 119 26 Name 0 0 0
6496 3796 128 24 Name 0 0 0
5819 4080 120 30 Name 0 0 0
5822 5013 37 27 Name 0 0 0
6749 6754 85 28 Name 0 0 0
6397 5112 36 22 Name 0 0 0
7535 5550 115 29 Name 0 0 0
7354 2441 64 25 Name 0 0 0
7808 5639 73 19 Name 0 0 0
2843 1852 104 17 Name 0 0 0
6940 7982 87 19 Name 0 0 0
7451 3529 64 29 Name 0 0 0
1242 1948 59 17 Name 0 0 0
2481 775 106 24 Name 0 0 0
2791 2687 48 28 Name 0 0 0
7286 6172 80 19 Name 0 0 0
241 6918 98 29 Name 0 0 0
7274 6557 57 27 Name 0 0 0
7096 3362 85 19 Name 0 0 0
4444 135 108 19 Name 0 0 0
5477 5457 91 30 Name 0 0 0
5928 2669 106 19 Name 0 0 0
3564 2233 95 20 Name 0 0 0
5727 501 38 22 Name 0 0 0
3147 4407 99 27 Name 0 0 0
7199 7092 126 30 Name 0 0 0
1145 3463 66 25 Name 0 0 0
3714 32 125 23 Name 0 0 0
6690 1124 35 26 Name 0 0 0
599 7230 114 19 Name 0 0 0
3187 5420 64 20 Name 0 0 0
7080 5398 88 22 Name 0 0 0
1637 749 56 29 Name 0 0 0
1358 7648 80 30 Name 0 0 0
1489 4787 86 19 Name 0 0 0
5680 6836 64 19 Name 0 0 0
1109 3361 127 21 Name 0 0 0
3550 757 46 23 Name 0 0 0
4217 2578 98 22 Name 0 0 0
3602 5911 87 17 Name 0 0 0
839 5529 104 23 Name 0 0 0
6330 5902 123 27 Name 0 0 0
3403 1752 37 17 Name 0 0 0
743 3589 111 30 Name 0 0 0
5352 2803 113 26 Name 0 0 0
7280 2422 51 30 Name 0 0 0
4098 4727 62 21 Name 0 0 0
8065 246 122 22 Name 0 0 0
70 7139 49 32 Name 0 0 0
7884 2367 38 16 Name 0 0 0
7972 2153 42 16 Name 0 0 0
1025 6673 76 29 Name 0 0 0
67 3031 118 23 Name 0 0 0
1376 3813 91 16 Name 0 0 0
1164 6123 55 28 Name 0 0 0
7706 4347 79 17 Name 0 0 0
4641 5474 116 19 Name 0 0 0
2069 6780 49 28 Name 0 0 0
6549 344 33 18 Name 0 0 0
3699 84 51 19 Name 0 0 0
4447 1035 51 18 Name 0 0 0
2669 1449 43 23 Name 0 0 0
793 3702 126 25 Name 0 0 0
5604 6202 98 19 Name 0 0 0
4936 1570 34 24 Name 0 0 0
4470 7035 48 22 Name 0 0 0
1883 6294 55 25 Name 0 0 0
8097 6476 99 24 Name 0 0 0
1946 7650 74 31 Name 0 0 0
1119 198 59 21 Name 0 0 0
6054 2092 48 20 Name 0 0 0
1646 373 119 24 Name 0 0 0
2781 2692 125 23 Name 0 0 0
528 3102 62 26 Name 0 0 0
2880 713 103 17 Name 0 0 0
4515 1108 108 31 Name 0 0 0
3944 6116 46 26 Name 0 0 0
5306 1104 49 26 Name 0 0 0
4731 301 105 29 Name 0 0 0
1744 7404 83 18 Name 0 0 0
6567 3654 108 24 Name 0 0 0
1447 3180 49 17 Name 0 0 0
685 3031 108 24 Name 0 0 0
6306 607 91 29 Name 0 0 0
2542 310 62 22 Name 0 0 0
4613 5137 56 27 Name 0 0 0
3800 3119 125 23 Name 0 0 0
1670 1313 55 22 Name 0 0 0
7546 1015 112 17 Name 0 0 0
7847 8062 62 31 Name 0 0 0
5517 7065 81 31 Name 0 0 0
5649 4701 110 23 Name 0 0 0
5311 2722 97 17 Name 0 0 0
3908 5025 103 20 Name 0 0 0
6197 6727 50 30 Name 0 0 0
6168 2277 110 27 Name 0 0 0
7201 6882 97 19 Name 0 0 0
5279 5717 80 17 Name 0 0 0
6616 7610 128 25 Name 0 0 0
3256 8080 127 25 Name 0 0 0
1359 3430 71 26 Name 0 0 0
4561 1798 109 27 Name 0 0 0
2636 7584 81 21 Name 0 0 0
465 5969 89 17 Name 0 0 0
2637 6571 91 17 Name 0 0 0
5437 5970 37 28 Name 0 0 0
2023 2847 119 23 Name 0 0 0
1015 7618 37 20 Name 0 0 0
1406 4556 91 20 Name 0 0 0
7680 5036 79 17 Name 0 0 0
1494 3352 96 18 Name 0 0 0
3294 6711 111 23 Name 0 0 0
4235 3349 97 29 Name 0 0 0
661 241 117 20 Name 0 0 0
7569 6962 89 18 Name 0 0 0
4076 5908 98 17 Name 0 0 0
2460 5765 75 31 Name 0 0 0
893 87 72 32 Name 0 0 0
2347 498 73 26 Name 0 0 0
2791 3476 46 30 Name 0 0 0
5297 4009 125 26 Name 0 0 0
3991 1738 67 17 Name 0 0 0
1001 6447 69 22 Name 0 0 0
3845 777 105 23 Name 0 0 0
3353 7063 77 26 Name 0 0 0
3835 1356 82 29 Name 0 0 0
6642 4073 122 31 Name 0 0 0
2114 7879 87 29 Name 0 0 0
4055 3444 40 31 Name 0 0 0
7108 7077 103 32 Name 0 0 0
3202 5719 57 28 Name 0 0 0
4626 341 127 29 Name 0 0 0
6957 1690 74 21 Name 0 0 0
6832 2762 114 23 Name 0 0 0
1171 6788 35 30 Name 0 0 0
7099 7649 125 17 Name 0 0 0
5489 3961 125 21 Name 0 0 0
5358 4239 121 31 Name 0 0 0
7385 7954 99 18 Name 0 0 0
873 5096 87 30 Name 0 0 0
2467 6034 126 25 Name 0 0 0
7940 5573 110 31 Name 0 0 0
3312 1873 63 32 Name 0 0 0
3499 168 56 17 Name 0 0 0
1444 6511 124 31 Name 0 0 0
660 2671 60 17 Name 0 0 0
4827 8030 36 32 Name 0 0 0
7943 5142 119 21 Name 0 0 0
4954 3554 127 20 Name 0 0 0
6216 5060 79 27 Name 0 0 0
7270 2190 84 19 Name 0 0 0
1252 7386 44 28 Name 0 0 0
7940 4512 113 17 Name 0 0 0
219 1642 116 18 Name 0 0 0
1159 6968 93 28 Name 0 0 0
4375 2410 59 16 Name 0 0 0
4989 7551 120 25 Name 0 0 0
7245 6295 126 20 Name 0 0 0
6059 7350 32 23 Name 0 0 0
1225 5442 77 18 Name 0 0 0
3320 5248 117 22 Name 0 0 0
3630 776 125 31 Name 0 0 0
7499 4488 100 22 Name 0 0 0
5157 5436 65 20 Name 0 0 0
7167 5523 62 24 Name 0 0 0
7746 2758 128 18 Name 0 0 0
947 3084 128 28 Name 0 0 0
6426 1273 33 16 Name 0 0 0
5224 1891 87 24 Name 0 0 0
1289 5401 87 24 Name 0 0 0
4076 1071 36 20 Name 0 0 0
3335 6155 111 25 Name 0 0 0
6180 7384 93 17 Name 0 0 0
668 2935 39 22 Name 0 0 0
507 154 41 17 Name 0 0 0
7926 739 99 25 Name 0 0 0
3607 6044 121 17 Name 0 0 0
3302 1846 97 17 Name 0 0 0
6044 4003 104 26 Name 0 0 0
815 2555 83 20 Name 0 0 0
1264 1594 96 30 Name 0 0 0
7987 1262 91 28 Name 0 0 0
8020 184 92 24 Name 0 0 0
5406 3379 126 31 Name 0 0 0
1146 3399 50 24 Name 0 0 0
5034 8166 34 18 Name 0 0 0
182 7696 73 18 Name 0 0 0
626 2840 120 19 Name 0 0 0
3470 953 89 25 Name 0 0 0
1523 4078 37 28 Name 0 0 0
36 5341 112 22 Name 0 0 0
788 1221 51 22 Name 0 0 0
606 1460 92 23 Name 0 0 0
4394 5295 68 22 Name 0 0 0
6990 7495 123 19 Name 0 0 0
6176 2458 114 27 Name 0 0 0
5534 7322 123 21 Name 0 0 0
3217 2344 95 31 Name 0 0 0
98 981 102 21 Name 0 0 0
5083 6062 102 30 Name 0 0 0
2366 22 105 32 Name 0 0 0
4744 1945 126 24 Name 0 0 0
4755 2604 73 27 Name 0 0 0
2941 1487 55 31 Name 0 0 0
1157 7621 61 19 Name 0 0 0
2191 2389 92 29 Name 0 0 0
4274 5603 62 26 Name 0 0 0
1389 7134 94 22 Name 0 0 0
7289 61 104 17 Name 0 0 0
4251 6424 76 30 Name 0 0 0
6836 3396 76 30 Name 0 0 0
7706 1033 85 19 Name 0 0 0
5086 578 35 16 Name 0 0 0
3830 2388 55 20 Name 0 0 0
3 4556 56 26 Name 0 0 0
470 6890 89 32 Name 0 0 0
7699 5207 72 28 Name 0 0 0
815 7101 85 29 Name 0 0 0
1229 5291 108 31 Name 0 0 0
7184 3948 77 21 Name 0 0 0
6299 772 119 17 Name 0 0 0
5430 457 84 30 Name 0 0 0
4907 7946 65 22 Name 0 0 0
2751 4971 56 22 Name 0 0 0
7423 6627 110 16 Name 0 0 0
2694 7300 38 17 Name 0 0 0
3184 5699 100 18 Name 0 0 0
1648 2999 87 23 Name 0 0 0
7719 5859 35 27 Name 0 0 0
6111 3202 89 32 Name 0 0 0
375 7927 74 28 Name 0 0 0
2405 501 59 30 Name 0 0 0
2088 4960 88 25 Name 0 0 0
2522 4660 106 21 Name 0 0 0
5934 5098 88 17 Name 0 0 0
5541 7096 51 21 Name 0 0 0
3398 2807 56 23 Name 0 0 0
3877 1705 36 18 Name 0 0 0
56 5666 84 21 Name 0 0 0
1357 5752 70 30 Name 0 0 0
339 3250 56 32 Name 0 0 0
6589 1581 64 22 Name 0 0 0
7666 6584 97 29 Name 0 0 0
4136 2238 109 17 Name 0 0 0
1843 8180 81 19 Name 0 0 0
3646 6361 108 27 Name 0 0 0
1138 8191 95 23 Name 0 0 0
3081 6068 62 27 Name 0 0 0
5018 3399 87 21 Name 0 0 0
7813 8143 101 18 Name 0 0 0
3790 665 35 27 Name 0 0 0
3007 1236 35 28 Name 0 0 0
584 4177 91 29 Name 0 0 0
6664 2524 82 29 Name 0 0 0
2455 3319 51 26 Name 0 0 0
7836 7821 36 29 Name 0 0 0
3727 5118 39 17 Name 0 0 0
7190 811 97 20 Name 0 0 0
6520 2978 119 31 Name 0 0 0
7618 2861 72 26 Name 0 0 0
5018 2339 75 17 Name 0 0 0
4213 3384 42 19 Name 0 0 0
1906 7989 121 17 Name 0 0 0
7748 2553 72 29 Name 0 0 0
1520 4359 108 28 Name 0 0 0
7781 5458 47 19 Name 0 0 0
194 1691 109 19 Name 0 0 0
7472 6158 76 30 Name 0 0 0
2522 4721 98 24 Name 0 0 0
7349 2198 76 25 Name 0 0 0
6967 716 85 16 Name 0 0 0
3861 7709 75 21 Name 0 0 0
2485 6253 52 28 Name 0 0 0
909 2698 78 27 Name 0 0 0
7670 6798 67 27 Name 0 0 0
895 5195 120 32 Name 0 0 0
4787 3921 98 17 Name 0 0 0
7338 5791 127 23 Name 0 0 0
6521 3923 94 24 Name 0 0 0
1010 864 54 26 Name 0 0 0
5692 5056 81 25 Name 0 0 0
2284 6476 81 31 Name 0 0 0
3938 5919 89 27 Name 0 0 0
7777 3183 48 22 Name 0 0 0
3517 4168 93 32 Name 0 0 0
817 7842 45 21 Name 0 0 0
463 3603 117 22 Name 0 0 0
6437 6408 113 19 Name 0 0 0
1902 4761 36 24 Name 0 0 0
7722 7922 39 23 Name 0 0 0
6811 4699 64 30 Name 0 0 0
4729 7791 44 31 Name 0 0 0
1238 2269 94 18 Name 0 0 0
4222 4275 88 17 Name 0 0 0
239 4423 95 26 Name 0 0 0
8097 262 109 23 Name 0 0 0
4392 2336 52 21 Name 0 0 0
3611 3048 83 21 Name 0 0 0
3826 4799 80 26 Name 0 0 0
5243 326 51 29 Name 0 0 0
2315 3926 105 31 Name 0 0 0
1166 5287 101 24 Name 0 0 0
47 4734 102 20 Name 0 0 0
6113 3164 34 23 Name 0 0 0
1493 792 113 16 Name 0 0 0
4558 2267 37 22 Name 0 0 0
2500 7959 118 20 Name 0 0 0
7799 7727 117 28 Name 0 0 0
3606 7545 50 25 Name 0 0 0
4723 5326 47 27 Name 0 0 0
6188 406 44 17 Name 0 0 0
1489 5136 58 20 Name 0 0 0
8141 2823 80 17 Name 0 0 0
3248 2748 94 29 Name 0 0 0
5485 5586 82 18 Name 0 0 0
1745 1605 87 30 Name 0 0 0
3645 5836 108 19 Name 0 0 0
1704 5780 79 22 Name 0 0 0
4045 4623 51 20 Name 0 0 0
4548 3929 49 22 Name 0 0 0
6221 2898 122 21 Name 0 0 0
2789 4477 48 25 Name 0 0 0
7194 7054 42 21 Name 0 0 0
3765 2950 36 20 Name 0 0 0
157 3985 75 29 Name 0 0 0
679 7067 73 24 Name 0 0 0
4426 1881 69 30 Name 0 0 0
7675 4568 118 22 Name 0 0 0
7398 7123 61 28 Name 0 0 0
580 7231 80 17 Name 0 0 0
2545 1963 121 28 Name 0 0 0
7404 5231 74 17 Name 0 0 0
3535 2038 72 20 Name 0 0 0
2708 3731 62 18 Name 0 0 0
7947 260 124 30 Name 0 0 0
2153 5795 76 17 Name 0 0 0
5897 6945 39 18 Name 0 0 0
7644 4203 66 16 Name 0 0 0
7024 7076 108 30 Name 0 0 0
5868 872 36 17 Name 0 0 0
270 2181 70 18 Name 0 0 0
5397 3294 39 20 Name 0 0 0
4662 5681 89 29 Name 0 0 0
5469 4111 93 31 Name 0 0 0
1778 6746 96 25 Name 0 0 0
4557 4292 91 22 Name 0 0 0
4640 4650 115 21 Name 0 0 0
2633 2468 125 25 Name 0 0 0
3506 692 47 23 Name 0 0 0
4481 4849 57 32 Name 0 0 0
7681 4943 103 25 Name 0 0 0
2927 4414 81 19 Name 0 0 0
7970 5744 122 32 Name 0 0 0
4989 1680 58 23 Name 0 0 0
5196 680 119 20 Name 0 0 0
843 2229 104 26 Name 0 0 0
1286 7868 46 21 Name 0 0 0
7195 7387 82 30 Name 0 0 0
82 3009 119 22 Name 0 0 0
3601 6055 94 26 Name 0 0 0
5394 759 100 22 Name 0 0 0
1451 7283 52 26 Name 0 0 0
1803 7680 83 21 Name 0 0 0
3019 2504 54 31 Name 0 0 0
206 5141 114 30 Name 0 0 0
2949 6562 114 20 Name 0 0 0
2063 4322 94 25 Name 0 0 0
2306 2746 65 26 Name 0 0 0
3027 7670 54 21 Name 0 0 0
6415 825 85 24 Name 0 0 0
7003 6433 122 28 Name 0 0 0
5190 5585 71 16 Name 0 0 0
6642 4645 67 25 Name 0 0 0
2261 7258 128 19 Name 0 0 0
2057 5444 91 25 Name 0 0 0
5253 1937 34 22 Name 0 0 0
1774 3162 86 31 Name 0 0 0
4760 639 74 24 Name 0 0 0
2040 5223 82 30 Name 0 0 0
4506 7518 125 24 Name 0 0 0
7082 2794 83 22 Name 0 0 0
4156 6460 43 21 Name 0 0 0
4380 7585 80 29 Name 0 0 0
7368 2638 42 24 Name 0 0 0
4351 4791 81 26 Name 0 0 0
3791 803 125 22 Name 0 0 0
5580 1625 109 25 Name 0 0 0
5395 1905 41 18 Name 0 0 0
4421 5965 62 31 Name 0 0 0
6627 1771 72 28 Name 0 0 0
7802 6057 109 24 Name 0 0 0
3534 4127 56 20 Name 0 0 0
1671 3588 40 30 Name 0 0 0
3321 7275 60 19 Name 0 0 0
2758 1983 73 19 Name 0 0 0
7221 6935 35 23 Name 0 0 0
2248 2881 76 23 Name 0 0 0
7153 6154 127 32 Name 0 0 0
1097 5068 70 24 Name 0 0 0
5431 4483 45 17 Name 0 0 0
3911 513 66 22 Name 0 0 0
3925 7087 69 28 Name 0 0 0
4113 3505 74 16 Name 0 0 0
2468 3683 121 26 Name 0 0 0
8029 3282 108 21 Name 0 0 0
5651 2301 125 31 Name 0 0 0
3276 940 99 28 Name 0 0 0
6594 5578 99 19 Name 0 0 0
5732 5565 81 16 Name 0 0 0
3862 2081 51 24 Name 0 0 0
172 7676 85 22 Name 0 0 0
6195 3786 53 23 Name 0 0 0
3673 3617 43 26 Name 0 0 0
3861 5789 43 31 Name 0 0 0
7895 7272 56 25 Name 0 0 0
5952 7246 105 19 Name 0 0 0
5145 4995 70 21 Name 0 0 0
6015 3884 34 26 Name 0 0 0
3741 554 35 19 Name 0 0 0
5125 3866 43 25 Name 0 0 0
4956 4307 115 28 Name 0 0 0
6719 6093 104 18 Name 0 0 0
6289 7292 101 22 Name 0 0 0
5711 1243 118 17 Name 0 0 0
2384 58 114 29 Name 0 0 0
2512 7111 89 18 Name 0 0 0
5784 6783 125 23 Name 0 0 0
4626 1765 71 16 Name 0 0 0
4775 3951 41 18 Name 0 0 0
274 6620 51 31 Name 0 0 0
1491 3975 91 29 Name 0 0 0
4375 3474 68 28 Name 0 0 0
6145 2969 125 19 Name 0 0 0
2565 3449 74 21 Name 0 0 0
4682 6898 38 22 Name 0 0 0
6203 6828 39 19 Name 0 0 0
1949 7422 101 27 Name 0 0 0
1045 5252 47 17 Name 0 0 0
3153 861 121 23 Name 0 0 0
2206 578 82 24 Name 0 0 0
5952 6853 37 31 Name 0 0 0
4140 2428 36 28 Name 0 0 0
2321 4891 86 24 Name 0 0 0
6450 612 41 23 Name 0 0 0
2522 1171 126 17 Name 0 0 0
6655 4394 106 29 Name 0 0 0
3069 6455 105 25 Name 0 0 0
6321 4613 32 30 Name 0 0 0
1618 446 32 22 Name 0 0 0
6892 4908 115 17 Name 0 0 0
3771 5377 91 19 Name 0 0 0
3085 3402 116 20 Name 0 0 0
6877 3877 114 31 Name 0 0 0
7057 6846 83 17 Name 0 0 0
7516 6710 58 24 Name 0 0 0
1176 4412 93 16 Name 0 0 0
6433 1540 36 26 Name 0 0 0
4126 4119 83 31 Name 0 0 0
411 7907 89 24 Name 0 0 0
3346 1311 72 27 Name 0 0 0
5933 7355 64 25 Name 0 0 0
3696 6453 120 27 Name 0 0 0
4037 2002 105 31 Name 0 0 0
4142 2185 98 22 Name 0 0 0
7145 3362 121 29 Name 0 0 0
137 5659 52 25 Name 0 0 0
2769 7426 88 24 Name 0 0 0
4422 2580 101 19 Name 0 0 0
7477 5461 124 30 Name 0 0 0
4524 4235 71 21 Name 0 0 0
3278 2995 74 20 Name 0 0 0
5723 6019 41 29 Name 0 0 0
7187 1152 93 28 Name 0 0 0
2849 3194 104 21 Name 0 0 0
2683 1617 64 26 Name 0 0 0
3254 4329 73 23 Name 0 0 0
2530 6390 109 31 Name 0 0 0
7449 4967 100 29 Name 0 0 0
6112 8122 84 30 Name 0 0 0
7431 1537 85 26 Name 0 0 0
6050 3718 58 25 Name 0 0 0
1032 7765 117 17 Name 0 0 0
2953 6052 48 18 Name 0 0 0
2756 3846 126 25 Name 0 0 0
2633 1090 47 24 Name 0 0 0
5172 5466 121 19 Name 0 0 0
3040 3911 44 28 Name 0 0 0
8177 3897 116 26 Name 0 0 0
797 1535 96 17 Name 0 0 0
5265 4085 123 20 Name 0 0 0
1392 3601 121 20 Name 0 0 0
1563 1529 125 31 Name 0 0 0
6543 7052 45 28 Name 0 0 0
7790 7494 44 17 Name 0 0 0
6715 7823 92 30 Name 0 0 0
7462 238 119 22 Name 0 0 0
4699 6277 76 21 Name 0 0 0
234 6696 100 26 Name 0 0 0
6284 167 55 19 Name 0 0 0
8088 3592 41 22 Name 0 0 0
5284 203 77 18 Name 0 0 0
3659 1306 49 32 Name 0 0 0
1882 1808 36 26 Name 0 0 0
7237 5061 80 22 Name 0 0 0
1757 1304 121 24 Name 0 0 0
7877 3139 114 24 Name 0 0 0
2376 6088 40 25 Name 0 0 0
6557 6234 64 22 Name 0 0 0
6689 2691 55 22 Name 0 0 0
2592 5398 49 30 Name 0 0 0
2096 2097 100 31 Name 0 0 0
5927 6876 34 30 Name 0 0 0
7307 3798 63 17 Name 0 0 0
5963 6719 71 31 Name 0 0 0
1258 4208 62 26 Name 0 0 0
5764 5561 98 30 Name 0 0 0
838 1975 120 16 Name 0 0 0
5923 4599 69 31 Name 0 0 0
7834 7888 89 25 Name 0 0 0
7787 2927 100 24 Name 0 0 0
5421 5212 82 27 Name 0 0 0
7105 7806 115 23 Name 0 0 0
1989 3022 113 20 Name 0 0 0
2109 6089 79 19 Name 0 0 0
7890 3530 128 29 Name 0 0 0
7580 5725 124 30 Name 0 0 0
5600 7029 40 28 Name 0 0 0
2214 6509 49 23 Name 0 0 0
2512 319 41 32 Name 0 0 0
4532 2694 64 18 Name 0 0 0
4185 4195 98 27 Name 0 0 0
7859 5058 36 24 Name 0 0 0
5370 1671 44 21 Name 0 0 0
2419 4317 42 29 Name 0 0 0
3603 1108 76 20 Name 0 0 0
2548 3284 72 27 Name 0 0 0
4882 4629 111 24 Name 0 0 0
1775 6136 63 16 Name 0 0 0
2639 7297 81 20 Name 0 0 0
5460 1528 82 26 Name 0 0 0
6083 6365 100 28 Name 0 0 0
2630 347 117 21 Name 0 0 0
7267 2351 109 24 Name 0 0 0
7343 1114 32 25 Name 0 0 0
3940 624 38 26 Name 0 0 0
4434 7660 115 21 Name 0 0 0
1358 768 40 17 Name 0 0 0
7167 173 57 17 Name 0 0 0
3661 3637 77 22 Name 0 0 0
3926 2652 46 30 Name 0 0 0
6701 109 41 24 Name 0 0 0
8174 1486 88 21 Name 0 0 0
4133 2001 33 19 Name 0 0 0
3559 403 96 31 Name 0 0 0
988 3070 71 20 Name 0 0 0
3207 1136 81 17 Name 0 0 0
2479 4594 66 25 Name 0 0 0
6022 6933 54 21 Name 0 0 0
2149 4828 69 22 Name 0 0 0
5566 5837 127 17 Name 0 0 0
2827 3260 120 23 Name 0 0 0
2194 961 42 25 Name 0 0 0
8189 2276 82 27 Name 0 0 0
6895 729 36 18 Name 0 0 0
7897 5525 36 25 Name 0 0 0
2476 476 87 30 Name 0 0 0
2653 2273 120 28 Name 0 0 0
6715 4717 108 24 Name 0 0 0
7472 5670 62 27 Name 0 0 0
4525 4121 67 17 Name 0 0 0
860 5655 79 18 Name 0 0 0
4808 4393 45 24 Name 0 0 0
1146 6940 79 25 Name 0 0 0
1836 8075 71 21 Name 0 0 0
7522 2640 69 26 Name 0 0 0
4721 5699 55 22 Name 0 0 0
6796 4182 32 22 Name 0 0 0
3301 955 40 19 Name 0 0 0
54 5831 48 32 Name 0 0 0
2497 8084 115 25 Name 0 0 0
6597 5787 64 26 Name 0 0 0
1927 5073 60 21 Name 0 0 0
2176 5111 67 32 Name 0 0 0
3943 1586 73 23 Name 0 0 0
4072 4705 51 17 Name 0 0 0
4136 2096 63 17 Name 0 0 0
4706 815 103 23 Name 0 0 0
4071 372 124 22 Name 0 0 0
2067 4176 95 29 Name 0 0 0
5583 4802 123 25 Name 0 0 0
4919 5438 126 19 Name 0 0 0
590 7965 113 31 Name 0 0 0
6157 7379 79 17 Name 0 0 0
6363 6949 52 31 Name 0 0 0
15 1623 64 29 Name 0 0 0
3714 5236 55 27 Name 0 0 0
781 812 73 18 Name 0 0 0
271 2526 127 21 Name 0 0 0
3225 856 51 31 Name 0 0 0
2692 7744 81 19 Name 0 0 0
4202 4442 115 22 Name 0 0 0
3959 1946 82 28 Name 0 0 0
7790 2981 72 30 Name 0 0 0
7230 5575 103 28 Name 0 0 0
5512 4092 84 28 Name 0 0 0
4782 7576 85 18 Name 0 0 0
7975 4743 126 29 Name 0 0 0
1860 6417 99 22 Name 0 0 0
462 7737 119 24 Name 0 0 0
1945 2422 48 17 Name 0 0 0
8046 7095 55 30 Name 0 0 0
4203 5166 73 21 Name 0 0 0
2685 7185 42 24 Name 0 0 0
5898 617 82 27 Name 0 0 0
720 3857 98 21 Name 0 0 0
6755 5563 61 28 Name 0 0 0
x-Min=0
x-Max=8192
y-Min=0
y-Max=8192
min label height=16.0
max label height=32.0
min label width=32.0
max label width=128.0
