1024
601 368 6 2 Name 0 0 0
162 559 11 2 Name 0 0 0
261 988 10 2 Name 0 0 0
801 1011 15 2 Name 0 0 0
162 660 10 2 Name 0 0 0
909 349 11 2 Name 0 0 0
204 197 12 2 Name 0 0 0
748 430 16 2 Name 0 0 0
649 445 7 2 Name 0 0 0
486 135 11 2 Name 0 0 0
747 881 13 2 Name 0 0 0
765 398 9 2 Name 0 0 0
12 413 7 2 Name 0 0 0
909 613 5 2 Name 0 0 0
172 633 12 2 Name 0 0 0
194 715 6 2 Name 0 0 0
101 133 11 2 Name 0 0 0
292 47 14 2 Name 0 0 0
652 91 9 2 Name 0 0 0
613 422 5 2 Name 0 0 0
232 837 11 2 Name 0 0 0
111 488 10 2 Name 0 0 0
28 659 4 2 Name 0 0 0
507 862 5 2 Name 0 0 0
999 838 13 2 Name 0 0 0
192 283 5 2 Name 0 0 0
888 7 14 2 Name 0 0 0
769 361 14 2 Name 0 0 0
584 475 9 2 Name 0 0 0
760 125 12 2 Name 0 0 0
867 950 14 2 Name 0 0 0
527 873 10 2 Name 0 0 0
909 107 5 2 Name 0 0 0
238 257 12 2 Name 0 0 0
8 528 8 2 Name 0 0 0
177 906 10 2 Name 0 0 0
993 577 16 2 Name 0 0 0
812 982 9 2 Name 0 0 0
428 486 6 2 Name 0 0 0
844 51 13 2 Name 0 0 0
609 987 6 2 Name 0 0 0
938 11 8 2 Name 0 0 0
679 797 7 2 Name 0 0 0
216 233 7 2 Name 0 0 0
836 507 7 2 Name 0 0 0
241 155 13 2 Name 0 0 0
860 582 9 2 Name 0 0 0
162 514 14 2 Name 0 0 0
159 7 15 2 Name 0 0 0
734 47 13 2 Name 0 0 0
834 804 13 2 Name 0 0 0
692 65 6 2 Name 0 0 0
913 602 15 2 Name 0 0 0
67 34 7 2 Name 0 0 0
643 485 12 2 Name 0 0 0
622 384 9 2 Name 0 0 0
211 174 11 2 Name 0 0 0
330 175 11 2 Name 0 0 0
791 1001 10 2 Name 0 0 0
758 923 11 2 Name 0 0 0
87 482 6 2 Name 0 0 0
863 264 11 2 Name 0 0 0
904 516 7 2 Name 0 0 0
945 40 9 2 Name 0 0 0
1003 292 4 2 Name 0 0 0
169 263 5 2 Name 0 0 0
812 43 7 2 Name 0 0 0
733 754 15 2 Name 0 0 0
811 881 5 2 Name 0 0 0
840 881 10 2 Name 0 0 0
176 973 4 2 Name 0 0 0
929 607 9 2 Name 0 0 0
688 58 10 2 Name 0 0 0
204 837 5 2 Name 0 0 0
130 904 6 2 Name 0 0 0
323 689 6 2 Name 0 0 0
116 4 16 2 Name 0 0 0
282 233 10 2 Name 0 0 0
770 613 11 2 Name 0 0 0
61 683 14 2 Name 0 0 0
325 560 14 2 Name 0 0 0
844 19 5 2 Name 0 0 0
399 980 6 2 Name 0 0 0
786 461 13 2 Name 0 0 0
692 514 10 2 Name 0 0 0
388 212 11 2 Name 0 0 0
901 770 5 2 Name 0 0 0
505 989 12 2 Name 0 0 0
761 221 13 2 Name 0 0 0
739 594 13 2 Name 0 0 0
229 201 13 2 Name 0 0 0
332 278 14 2 Name 0 0 0
244 902 5 2 Name 0 0 0
187 810 5 2 Name 0 0 0
262 631 7 2 Name 0 0 0
664 85 5 2 Name 0 0 0
867 939 12 2 Name 0 0 0
949 860 14 2 Name 0 0 0
492 334 6 2 Name 0 0 0
665 664 5 2 Name 0 0 0
200 894 12 2 Name 0 0 0
502 828 10 2 Name 0 0 0
494 484 9 2 Name 0 0 0
182 484 14 2 Name 0 0 0
885 984 4 2 Name 0 0 0
773 452 10 2 Name 0 0 0
828 424 5 2 Name 0 0 0
406 695 8 2 Name 0 0 0
295 826 9 2 Name 0 0 0
469 223 13 2 Name 0 0 0
778 198 16 2 Name 0 0 0
816 221 5 2 Name 0 0 0
477 607 16 2 Name 0 0 0
472 185 13 2 Name 0 0 0
274 310 12 2 Name 0 0 0
496 458 6 2 Name 0 0 0
35 663 5 2 Name 0 0 0
479 163 11 2 Name 0 0 0
524 938 9 2 Name 0 0 0
449 213 14 2 Name 0 0 0
407 899 10 2 Name 0 0 0
323 832 16 2 Name 0 0 0
396 631 9 2 Name 0 0 0
711 745 4 2 Name 0 0 0
360 273 6 2 Name 0 0 0
35 322 14 2 Name 0 0 0
1 908 12 2 Name 0 0 0
594 30 8 2 Name 0 0 0
637 138 8 2 Name 0 0 0
797 168 14 2 Name 0 0 0
909 77 7 2 Name 0 0 0
859 865 9 2 Name 0 0 0
519 114 8 2 Name 0 0 0
814 597 7 2 Name 0 0 0
464 285 6 2 Name 0 0 0
839 880 9 2 Name 0 0 0
1021 602 4 2 Name 0 0 0
985 189 10 2 Name 0 0 0
338 966 13 2 Name 0 0 0
407 903 8 2 Name 0 0 0
206 976 11 2 Name 0 0 0
360 824 14 2 Name 0 0 0
504 351 14 2 Name 0 0 0
978 175 12 2 Name 0 0 0
50 740 11 2 Name 0 0 0
313 304 13 2 Name 0 0 0
918 264 7 2 Name 0 0 0
348 359 8 2 Name 0 0 0
277 185 12 2 Name 0 0 0
857 682 10 2 Name 0 0 0
1012 242 15 2 Name 0 0 0
940 569 15 2 Name 0 0 0
35 227 11 2 Name 0 0 0
522 86 11 2 Name 0 0 0
703 303 16 2 Name 0 0 0
660 666 11 2 Name 0 0 0
965 345 11 2 Name 0 0 0
493 215 11 2 Name 0 0 0
485 977 12 2 Name 0 0 0
826 511 5 2 Name 0 0 0
421 957 15 2 Name 0 0 0
356 194 13 2 Name 0 0 0
571 478 8 2 Name 0 0 0
1024 32 16 2 Name 0 0 0
641 996 5 2 Name 0 0 0
174 771 10 2 Name 0 0 0
351 465 11 2 Name 0 0 0
2 527 5 2 Name 0 0 0
188 100 10 2 Name 0 0 0
765 66 15 2 Name 0 0 0
265 433 12 2 Name 0 0 0
30 628 14 2 Name 0 0 0
575 124 14 2 Name 0 0 0
386 314 9 2 Name 0 0 0
699 1022 13 2 Name 0 0 0
154 680 11 2 Name 0 0 0
899 458 9 2 Name 0 0 0
716 789 11 2 Name 0 0 0
984 585 4 2 Name 0 0 0
337 846 15 2 Name 0 0 0
615 417 4 2 Name 0 0 0
310 178 9 2 Name 0 0 0
780 557 8 2 Name 0 0 0
932 277 6 2 Name 0 0 0
662 972 7 2 Name 0 0 0
468 945 7 2 Name 0 0 0
349 45 15 2 Name 0 0 0
601 767 7 2 Name 0 0 0
883 666 14 2 Name 0 0 0
321 342 12 2 Name 0 0 0
532 251 12 2 Name 0 0 0
893 513 16 2 Name 0 0 0
961 220 7 2 Name 0 0 0
101 779 5 2 Name 0 0 0
596 761 9 2 Name 0 0 0
347 679 7 2 Name 0 0 0
127 676 6 2 Name 0 0 0
634 764 14 2 Name 0 0 0
717 477 5 2 Name 0 0 0
148 299 11 2 Name 0 0 0
364 377 7 2 Name 0 0 0
895 298 11 2 Name 0 0 0
985 576 13 2 Name 0 0 0
102 666 11 2 Name 0 0 0
140 316 7 2 Name 0 0 0
773 38 4 2 Name 0 0 0
246 958 9 2 Name 0 0 0
989 946 15 2 Name 0 0 0
888 944 9 2 Name 0 0 0
63 213 5 2 Name 0 0 0
414 738 15 2 Name 0 0 0
239 704 14 2 Name 0 0 0
341 269 15 2 Name 0 0 0
317 308 7 2 Name 0 0 0
525 292 8 2 Name 0 0 0
350 125 11 2 Name 0 0 0
157 531 11 2 Name 0 0 0
560 853 8 2 Name 0 0 0
228 125 15 2 Name 0 0 0
242 1024 6 2 Name 0 0 0
381 283 9 2 Name 0 0 0
540 789 8 2 Name 0 0 0
919 787 9 2 Name 0 0 0
769 609 12 2 Name 0 0 0
366 511 12 2 Name 0 0 0
546 162 13 2 Name 0 0 0
814 815 16 2 Name 0 0 0
861 533 12 2 Name 0 0 0
918 612 12 2 Name 0 0 0
505 930 14 2 Name 0 0 0
75 938 9 2 Name 0 0 0
672 153 11 2 Name 0 0 0
407 523 8 2 Name 0 0 0
549 897 4 2 Name 0 0 0
517 129 6 2 Name 0 0 0
819 645 7 2 Name 0 0 0
640 729 15 2 Name 0 0 0
7 589 5 2 Name 0 0 0
419 381 15 2 Name 0 0 0
1002 133 7 2 Name 0 0 0
891 892 13 2 Name 0 0 0
513 42 4 2 Name 0 0 0
514 503 8 2 Name 0 0 0
423 13 4 2 Name 0 0 0
1002 947 14 2 Name 0 0 0
987 99 12 2 Name 0 0 0
1013 652 14 2 Name 0 0 0
506 517 15 2 Name 0 0 0
763 834 11 2 Name 0 0 0
219 290 8 2 Name 0 0 0
290 895 15 2 Name 0 0 0
144 327 5 2 Name 0 0 0
579 909 4 2 Name 0 0 0
84 198 9 2 Name 0 0 0
924 445 5 2 Name 0 0 0
775 301 5 2 Name 0 0 0
953 345 7 2 Name 0 0 0
135 136 15 2 Name 0 0 0
149 541 9 2 Name 0 0 0
1021 994 11 2 Name 0 0 0
925 77 8 2 Name 0 0 0
243 695 10 2 Name 0 0 0
130 405 14 2 Name 0 0 0
425 854 14 2 Name 0 0 0
208 812 10 2 Name 0 0 0
130 786 14 2 Name 0 0 0
704 473 13 2 Name 0 0 0
692 864 10 2 Name 0 0 0
968 276 14 2 Name 0 0 0
480 86 11 2 Name 0 0 0
515 382 16 2 Name 0 0 0
793 349 15 2 Name 0 0 0
1015 553 8 2 Name 0 0 0
207 94 7 2 Name 0 0 0
556 667 7 2 Name 0 0 0
808 452 16 2 Name 0 0 0
133 938 13 2 Name 0 0 0
684 924 11 2 Name 0 0 0
155 415 15 2 Name 0 0 0
957 292 7 2 Name 0 0 0
352 856 14 2 Name 0 0 0
271 916 11 2 Name 0 0 0
53 754 12 2 Name 0 0 0
5 258 12 2 Name 0 0 0
97 413 6 2 Name 0 0 0
20 661 10 2 Name 0 0 0
456 159 16 2 Name 0 0 0
114 542 10 2 Name 0 0 0
724 746 8 2 Name 0 0 0
252 490 14 2 Name 0 0 0
328 143 4 2 Name 0 0 0
966 784 12 2 Name 0 0 0
379 831 5 2 Name 0 0 0
326 489 10 2 Name 0 0 0
626 637 12 2 Name 0 0 0
941 986 9 2 Name 0 0 0
95 783 9 2 Name 0 0 0
388 376 7 2 Name 0 0 0
719 762 9 2 Name 0 0 0
320 253 16 2 Name 0 0 0
225 729 15 2 Name 0 0 0
869 502 15 2 Name 0 0 0
510 77 12 2 Name 0 0 0
646 804 16 2 Name 0 0 0
446 981 11 2 Name 0 0 0
404 176 16 2 Name 0 0 0
392 437 7 2 Name 0 0 0
639 917 12 2 Name 0 0 0
977 559 9 2 Name 0 0 0
838 694 10 2 Name 0 0 0
129 697 5 2 Name 0 0 0
521 804 14 2 Name 0 0 0
940 380 11 2 Name 0 0 0
862 892 15 2 Name 0 0 0
579 866 16 2 Name 0 0 0
617 587 9 2 Name 0 0 0
843 458 10 2 Name 0 0 0
848 271 13 2 Name 0 0 0
518 555 15 2 Name 0 0 0
658 925 14 2 Name 0 0 0
428 475 10 2 Name 0 0 0
617 343 15 2 Name 0 0 0
863 539 10 2 Name 0 0 0
40 680 8 2 Name 0 0 0
647 757 15 2 Name 0 0 0
886 264 9 2 Name 0 0 0
311 941 9 2 Name 0 0 0
826 778 8 2 Name 0 0 0
67 691 16 2 Name 0 0 0
94 993 12 2 Name 0 0 0
517 824 6 2 Name 0 0 0
38 482 7 2 Name 0 0 0
339 425 14 2 Name 0 0 0
447 601 7 2 Name 0 0 0
291 672 10 2 Name 0 0 0
407 213 11 2 Name 0 0 0
711 881 11 2 Name 0 0 0
995 179 5 2 Name 0 0 0
32 267 8 2 Name 0 0 0
705 572 14 2 Name 0 0 0
282 181 4 2 Name 0 0 0
206 267 5 2 Name 0 0 0
24 455 8 2 Name 0 0 0
975 995 9 2 Name 0 0 0
716 756 4 2 Name 0 0 0
294 810 11 2 Name 0 0 0
164 426 5 2 Name 0 0 0
514 315 11 2 Name 0 0 0
578 127 15 2 Name 0 0 0
961 116 9 2 Name 0 0 0
569 36 7 2 Name 0 0 0
322 217 16 2 Name 0 0 0
231 584 7 2 Name 0 0 0
778 990 10 2 Name 0 0 0
415 412 4 2 Name 0 0 0
708 401 11 2 Name 0 0 0
12 175 5 2 Name 0 0 0
1003 463 7 2 Name 0 0 0
72 374 15 2 Name 0 0 0
526 96 8 2 Name 0 0 0
905 98 6 2 Name 0 0 0
675 6 13 2 Name 0 0 0
47 720 12 2 Name 0 0 0
589 888 12 2 Name 0 0 0
436 229 8 2 Name 0 0 0
348 293 15 2 Name 0 0 0
566 281 11 2 Name 0 0 0
931 441 16 2 Name 0 0 0
977 804 15 2 Name 0 0 0
640 347 12 2 Name 0 0 0
538 136 7 2 Name 0 0 0
73 476 9 2 Name 0 0 0
46 336 13 2 Name 0 0 0
840 151 12 2 Name 0 0 0
414 812 16 2 Name 0 0 0
208 743 11 2 Name 0 0 0
912 56 10 2 Name 0 0 0
942 294 15 2 Name 0 0 0
420 1009 10 2 Name 0 0 0
621 84 10 2 Name 0 0 0
195 333 13 2 Name 0 0 0
517 639 16 2 Name 0 0 0
796 560 6 2 Name 0 0 0
394 466 9 2 Name 0 0 0
173 339 9 2 Name 0 0 0
470 328 7 2 Name 0 0 0
812 827 4 2 Name 0 0 0
730 400 10 2 Name 0 0 0
275 346 9 2 Name 0 0 0
165 208 8 2 Name 0 0 0
463 90 5 2 Name 0 0 0
736 731 5 2 Name 0 0 0
614 424 15 2 Name 0 0 0
738 214 11 2 Name 0 0 0
511 271 11 2 Name 0 0 0
348 154 13 2 Name 0 0 0
937 648 5 2 Name 0 0 0
908 768 16 2 Name 0 0 0
392 704 9 2 Name 0 0 0
468 559 15 2 Name 0 0 0
753 167 4 2 Name 0 0 0
457 127 15 2 Name 0 0 0
292 688 14 2 Name 0 0 0
246 864 9 2 Name 0 0 0
124 761 9 2 Name 0 0 0
460 208 16 2 Name 0 0 0
512 720 11 2 Name 0 0 0
715 632 9 2 Name 0 0 0
729 635 9 2 Name 0 0 0
1006 969 9 2 Name 0 0 0
125 979 13 2 Name 0 0 0
364 978 13 2 Name 0 0 0
870 147 12 2 Name 0 0 0
154 253 13 2 Name 0 0 0
503 870 12 2 Name 0 0 0
972 417 14 2 Name 0 0 0
255 364 16 2 Name 0 0 0
431 793 8 2 Name 0 0 0
3 588 11 2 Name 0 0 0
737 469 5 2 Name 0 0 0
972 829 11 2 Name 0 0 0
714 489 8 2 Name 0 0 0
927 523 8 2 Name 0 0 0
806 677 7 2 Name 0 0 0
577 567 12 2 Name 0 0 0
68 161 16 2 Name 0 0 0
1007 366 10 2 Name 0 0 0
206 831 7 2 Name 0 0 0
311 289 10 2 Name 0 0 0
145 598 12 2 Name 0 0 0
773 749 4 2 Name 0 0 0
314 40 12 2 Name 0 0 0
898 881 8 2 Name 0 0 0
809 660 15 2 Name 0 0 0
911 227 13 2 Name 0 0 0
343 974 4 2 Name 0 0 0
723 38 11 2 Name 0 0 0
549 238 10 2 Name 0 0 0
640 25 7 2 Name 0 0 0
652 922 10 2 Name 0 0 0
177 895 11 2 Name 0 0 0
415 1008 11 2 Name 0 0 0
363 308 6 2 Name 0 0 0
1023 245 10 2 Name 0 0 0
599 524 16 2 Name 0 0 0
53 747 10 2 Name 0 0 0
857 956 5 2 Name 0 0 0
475 553 9 2 Name 0 0 0
888 424 9 2 Name 0 0 0
267 180 12 2 Name 0 0 0
624 106 9 2 Name 0 0 0
82 568 6 2 Name 0 0 0
266 923 12 2 Name 0 0 0
858 5 14 2 Name 0 0 0
930 137 6 2 Name 0 0 0
683 680 11 2 Name 0 0 0
249 264 8 2 Name 0 0 0
485 136 9 2 Name 0 0 0
847 292 5 2 Name 0 0 0
423 165 8 2 Name 0 0 0
459 840 15 2 Name 0 0 0
157 265 7 2 Name 0 0 0
55 349 13 2 Name 0 0 0
750 620 7 2 Name 0 0 0
818 843 10 2 Name 0 0 0
911 253 14 2 Name 0 0 0
162 16 15 2 Name 0 0 0
543 31 14 2 Name 0 0 0
103 487 11 2 Name 0 0 0
486 137 9 2 Name 0 0 0
321 54 13 2 Name 0 0 0
241 560 9 2 Name 0 0 0
443 950 5 2 Name 0 0 0
1002 113 12 2 Name 0 0 0
174 748 10 2 Name 0 0 0
856 233 9 2 Name 0 0 0
87 336 12 2 Name 0 0 0
757 163 12 2 Name 0 0 0
288 896 8 2 Name 0 0 0
952 336 15 2 Name 0 0 0
134 949 16 2 Name 0 0 0
874 579 9 2 Name 0 0 0
651 344 9 2 Name 0 0 0
225 42 10 2 Name 0 0 0
528 443 6 2 Name 0 0 0
285 886 12 2 Name 0 0 0
514 578 8 2 Name 0 0 0
1006 877 16 2 Name 0 0 0
45 507 9 2 Name 0 0 0
155 716 8 2 Name 0 0 0
559 454 12 2 Name 0 0 0
612 913 12 2 Name 0 0 0
877 722 14 2 Name 0 0 0
375 419 15 2 Name 0 0 0
976 942 16 2 Name 0 0 0
587 495 12 2 Name 0 0 0
449 46 4 2 Name 0 0 0
430 510 16 2 Name 0 0 0
826 290 9 2 Name 0 0 0
304 838 8 2 Name 0 0 0
378 157 12 2 Name 0 0 0
654 491 8 2 Name 0 0 0
330 661 11 2 Name 0 0 0
1 264 7 2 Name 0 0 0
724 652 10 2 Name 0 0 0
387 546 10 2 Name 0 0 0
814 896 11 2 Name 0 0 0
323 496 15 2 Name 0 0 0
335 663 7 2 Name 0 0 0
50 349 6 2 Name 0 0 0
358 437 14 2 Name 0 0 0
789 792 7 2 Name 0 0 0
185 344 7 2 Name 0 0 0
78 952 9 2 Name 0 0 0
888 574 7 2 Name 0 0 0
914 1010 14 2 Name 0 0 0
465 580 15 2 Name 0 0 0
525 670 16 2 Name 0 0 0
530 470 5 2 Name 0 0 0
710 164 7 2 Name 0 0 0
129 954 4 2 Name 0 0 0
255 1012 9 2 Name 0 0 0
844 259 10 2 Name 0 0 0
828 920 6 2 Name 0 0 0
156 790 15 2 Name 0 0 0
863 277 9 2 Name 0 0 0
299 609 8 2 Name 0 0 0
685 488 16 2 Name 0 0 0
141 350 15 2 Name 0 0 0
29 416 6 2 Name 0 0 0
115 636 4 2 Name 0 0 0
958 310 10 2 Name 0 0 0
896 884 12 2 Name 0 0 0
443 608 8 2 Name 0 0 0
952 404 5 2 Name 0 0 0
552 259 14 2 Name 0 0 0
769 602 7 2 Name 0 0 0
978 1021 6 2 Name 0 0 0
212 1022 14 2 Name 0 0 0
200 641 9 2 Name 0 0 0
395 141 10 2 Name 0 0 0
262 700 11 2 Name 0 0 0
269 769 13 2 Name 0 0 0
865 29 16 2 Name 0 0 0
107 683 11 2 Name 0 0 0
396 645 10 2 Name 0 0 0
12 692 12 2 Name 0 0 0
784 377 14 2 Name 0 0 0
494 828 9 2 Name 0 0 0
143 904 5 2 Name 0 0 0
250 382 10 2 Name 0 0 0
897 1017 11 2 Name 0 0 0
684 898 15 2 Name 0 0 0
433 843 4 2 Name 0 0 0
389 492 11 2 Name 0 0 0
54 761 14 2 Name 0 0 0
919 367 13 2 Name 0 0 0
571 434 10 2 Name 0 0 0
886 117 11 2 Name 0 0 0
152 785 12 2 Name 0 0 0
612 276 7 2 Name 0 0 0
668 115 10 2 Name 0 0 0
768 157 11 2 Name 0 0 0
348 298 5 2 Name 0 0 0
881 668 16 2 Name 0 0 0
508 48 9 2 Name 0 0 0
443 189 10 2 Name 0 0 0
166 569 11 2 Name 0 0 0
547 955 14 2 Name 0 0 0
565 812 5 2 Name 0 0 0
216 377 14 2 Name 0 0 0
542 845 10 2 Name 0 0 0
352 605 12 2 Name 0 0 0
330 284 14 2 Name 0 0 0
641 617 8 2 Name 0 0 0
394 351 7 2 Name 0 0 0
767 771 14 2 Name 0 0 0
487 333 7 2 Name 0 0 0
1010 761 12 2 Name 0 0 0
329 654 15 2 Name 0 0 0
258 483 13 2 Name 0 0 0
488 693 16 2 Name 0 0 0
790 807 7 2 Name 0 0 0
981 466 11 2 Name 0 0 0
1013 558 6 2 Name 0 0 0
756 217 12 2 Name 0 0 0
993 633 9 2 Name 0 0 0
841 687 10 2 Name 0 0 0
74 381 9 2 Name 0 0 0
620 212 10 2 Name 0 0 0
920 15 15 2 Name 0 0 0
822 972 13 2 Name 0 0 0
979 643 7 2 Name 0 0 0
77 698 8 2 Name 0 0 0
75 615 11 2 Name 0 0 0
536 865 4 2 Name 0 0 0
250 273 10 2 Name 0 0 0
216 238 11 2 Name 0 0 0
9 5 16 2 Name 0 0 0
508 311 13 2 Name 0 0 0
318 22 14 2 Name 0 0 0
327 300 6 2 Name 0 0 0
459 595 9 2 Name 0 0 0
619 1008 10 2 Name 0 0 0
489 795 12 2 Name 0 0 0
112 456 6 2 Name 0 0 0
171 568 14 2 Name 0 0 0
679 774 12 2 Name 0 0 0
613 247 9 2 Name 0 0 0
575 752 8 2 Name 0 0 0
471 952 15 2 Name 0 0 0
906 70 5 2 Name 0 0 0
609 183 8 2 Name 0 0 0
734 72 6 2 Name 0 0 0
940 715 7 2 Name 0 0 0
470 632 6 2 Name 0 0 0
291 162 6 2 Name 0 0 0
867 619 7 2 Name 0 0 0
170 93 14 2 Name 0 0 0
423 936 6 2 Name 0 0 0
870 111 6 2 Name 0 0 0
88 796 16 2 Name 0 0 0
973 499 10 2 Name 0 0 0
932 97 5 2 Name 0 0 0
104 23 4 2 Name 0 0 0
491 47 8 2 Name 0 0 0
1014 531 10 2 Name 0 0 0
803 496 14 2 Name 0 0 0
270 411 12 2 Name 0 0 0
955 121 15 2 Name 0 0 0
1022 754 13 2 Name 0 0 0
128 689 12 2 Name 0 0 0
407 75 14 2 Name 0 0 0
90 351 13 2 Name 0 0 0
220 99 10 2 Name 0 0 0
465 99 13 2 Name 0 0 0
449 971 6 2 Name 0 0 0
914 188 10 2 Name 0 0 0
295 706 5 2 Name 0 0 0
90 960 5 2 Name 0 0 0
268 837 11 2 Name 0 0 0
768 456 6 2 Name 0 0 0
827 595 8 2 Name 0 0 0
707 430 10 2 Name 0 0 0
684 244 14 2 Name 0 0 0
349 994 8 2 Name 0 0 0
298 436 16 2 Name 0 0 0
8 191 7 2 Name 0 0 0
148 510 6 2 Name 0 0 0
749 828 4 2 Name 0 0 0
408 500 8 2 Name 0 0 0
186 813 11 2 Name 0 0 0
222 395 8 2 Name 0 0 0
458 264 9 2 Name 0 0 0
616 62 11 2 Name 0 0 0
322 902 7 2 Name 0 0 0
506 756 14 2 Name 0 0 0
907 31 15 2 Name 0 0 0
220 119 13 2 Name 0 0 0
586 388 10 2 Name 0 0 0
123 27 12 2 Name 0 0 0
977 118 5 2 Name 0 0 0
965 753 4 2 Name 0 0 0
770 209 15 2 Name 0 0 0
158 290 13 2 Name 0 0 0
346 308 13 2 Name 0 0 0
402 390 12 2 Name 0 0 0
232 96 4 2 Name 0 0 0
116 310 7 2 Name 0 0 0
297 905 11 2 Name 0 0 0
272 119 15 2 Name 0 0 0
564 421 6 2 Name 0 0 0
960 1 6 2 Name 0 0 0
857 862 5 2 Name 0 0 0
833 585 6 2 Name 0 0 0
568 703 8 2 Name 0 0 0
938 252 10 2 Name 0 0 0
660 827 14 2 Name 0 0 0
174 108 4 2 Name 0 0 0
966 944 15 2 Name 0 0 0
140 654 14 2 Name 0 0 0
987 903 5 2 Name 0 0 0
998 959 8 2 Name 0 0 0
119 966 7 2 Name 0 0 0
599 515 5 2 Name 0 0 0
751 537 5 2 Name 0 0 0
1001 513 12 2 Name 0 0 0
167 570 9 2 Name 0 0 0
370 951 15 2 Name 0 0 0
911 285 9 2 Name 0 0 0
927 885 11 2 Name 0 0 0
174 659 6 2 Name 0 0 0
340 441 5 2 Name 0 0 0
92 763 4 2 Name 0 0 0
398 61 14 2 Name 0 0 0
984 453 14 2 Name 0 0 0
88 419 15 2 Name 0 0 0
455 1008 10 2 Name 0 0 0
295 141 11 2 Name 0 0 0
666 691 11 2 Name 0 0 0
631 268 5 2 Name 0 0 0
6 92 11 2 Name 0 0 0
683 209 14 2 Name 0 0 0
33 898 8 2 Name 0 0 0
240 204 8 2 Name 0 0 0
966 930 5 2 Name 0 0 0
192 953 13 2 Name 0 0 0
345 814 14 2 Name 0 0 0
20 463 4 2 Name 0 0 0
552 523 15 2 Name 0 0 0
16 693 9 2 Name 0 0 0
231 90 9 2 Name 0 0 0
916 898 7 2 Name 0 0 0
547 420 12 2 Name 0 0 0
800 594 14 2 Name 0 0 0
315 840 11 2 Name 0 0 0
604 184 15 2 Name 0 0 0
179 135 11 2 Name 0 0 0
990 26 9 2 Name 0 0 0
87 795 12 2 Name 0 0 0
549 161 13 2 Name 0 0 0
467 567 13 2 Name 0 0 0
69 805 12 2 Name 0 0 0
463 729 11 2 Name 0 0 0
246 478 7 2 Name 0 0 0
897 824 14 2 Name 0 0 0
786 661 12 2 Name 0 0 0
912 521 14 2 Name 0 0 0
656 52 7 2 Name 0 0 0
755 937 5 2 Name 0 0 0
675 272 8 2 Name 0 0 0
58 256 14 2 Name 0 0 0
417 873 16 2 Name 0 0 0
56 787 13 2 Name 0 0 0
204 258 6 2 Name 0 0 0
977 868 7 2 Name 0 0 0
654 355 14 2 Name 0 0 0
79 736 11 2 Name 0 0 0
682 78 11 2 Name 0 0 0
782 708 13 2 Name 0 0 0
636 339 6 2 Name 0 0 0
999 593 6 2 Name 0 0 0
110 397 16 2 Name 0 0 0
760 163 16 2 Name 0 0 0
753 522 10 2 Name 0 0 0
734 375 16 2 Name 0 0 0
758 641 14 2 Name 0 0 0
187 320 15 2 Name 0 0 0
687 933 9 2 Name 0 0 0
554 1024 4 2 Name 0 0 0
924 970 8 2 Name 0 0 0
325 828 14 2 Name 0 0 0
957 862 7 2 Name 0 0 0
321 855 6 2 Name 0 0 0
860 400 11 2 Name 0 0 0
716 463 12 2 Name 0 0 0
37 880 10 2 Name 0 0 0
300 576 6 2 Name 0 0 0
549 822 10 2 Name 0 0 0
978 843 15 2 Name 0 0 0
543 99 14 2 Name 0 0 0
532 72 11 2 Name 0 0 0
16 793 14 2 Name 0 0 0
712 327 13 2 Name 0 0 0
33 560 15 2 Name 0 0 0
681 708 9 2 Name 0 0 0
1014 724 13 2 Name 0 0 0
25 535 12 2 Name 0 0 0
363 132 13 2 Name 0 0 0
849 199 14 2 Name 0 0 0
638 55 10 2 Name 0 0 0
406 640 5 2 Name 0 0 0
865 676 4 2 Name 0 0 0
772 961 9 2 Name 0 0 0
1021 154 15 2 Name 0 0 0
620 602 13 2 Name 0 0 0
917 129 11 2 Name 0 0 0
38 658 6 2 Name 0 0 0
423 986 13 2 Name 0 0 0
531 557 5 2 Name 0 0 0
965 206 11 2 Name 0 0 0
503 234 8 2 Name 0 0 0
828 459 5 2 Name 0 0 0
180 881 15 2 Name 0 0 0
696 694 7 2 Name 0 0 0
72 912 5 2 Name 0 0 0
1007 459 14 2 Name 0 0 0
897 495 7 2 Name 0 0 0
489 646 12 2 Name 0 0 0
828 762 10 2 Name 0 0 0
878 79 11 2 Name 0 0 0
166 748 8 2 Name 0 0 0
765 323 15 2 Name 0 0 0
207 475 8 2 Name 0 0 0
874 144 13 2 Name 0 0 0
13 320 5 2 Name 0 0 0
297 664 4 2 Name 0 0 0
13 321 10 2 Name 0 0 0
351 984 6 2 Name 0 0 0
101 632 11 2 Name 0 0 0
352 669 5 2 Name 0 0 0
61 1 6 2 Name 0 0 0
818 799 11 2 Name 0 0 0
156 470 8 2 Name 0 0 0
470 224 5 2 Name 0 0 0
145 13 16 2 Name 0 0 0
500 763 12 2 Name 0 0 0
463 520 12 2 Name 0 0 0
883 756 13 2 Name 0 0 0
69 322 4 2 Name 0 0 0
469 84 9 2 Name 0 0 0
866 1005 13 2 Name 0 0 0
729 332 4 2 Name 0 0 0
566 715 5 2 Name 0 0 0
541 213 15 2 Name 0 0 0
173 737 13 2 Name 0 0 0
54 1021 13 2 Name 0 0 0
445 270 8 2 Name 0 0 0
341 773 9 2 Name 0 0 0
164 153 10 2 Name 0 0 0
356 613 5 2 Name 0 0 0
471 386 4 2 Name 0 0 0
364 374 7 2 Name 0 0 0
762 777 10 2 Name 0 0 0
725 451 11 2 Name 0 0 0
730 985 7 2 Name 0 0 0
997 147 6 2 Name 0 0 0
831 159 12 2 Name 0 0 0
4 298 9 2 Name 0 0 0
338 794 12 2 Name 0 0 0
404 987 8 2 Name 0 0 0
834 374 5 2 Name 0 0 0
29 659 13 2 Name 0 0 0
23 1018 13 2 Name 0 0 0
181 373 13 2 Name 0 0 0
165 824 13 2 Name 0 0 0
287 995 10 2 Name 0 0 0
640 548 15 2 Name 0 0 0
111 747 16 2 Name 0 0 0
471 550 15 2 Name 0 0 0
413 654 7 2 Name 0 0 0
590 567 6 2 Name 0 0 0
349 145 7 2 Name 0 0 0
624 374 12 2 Name 0 0 0
769 274 5 2 Name 0 0 0
247 56 8 2 Name 0 0 0
936 704 11 2 Name 0 0 0
883 611 5 2 Name 0 0 0
116 14 15 2 Name 0 0 0
737 166 5 2 Name 0 0 0
296 251 13 2 Name 0 0 0
458 888 13 2 Name 0 0 0
609 455 12 2 Name 0 0 0
186 733 7 2 Name 0 0 0
487 476 14 2 Name 0 0 0
246 512 4 2 Name 0 0 0
904 94 10 2 Name 0 0 0
699 788 8 2 Name 0 0 0
46 651 13 2 Name 0 0 0
415 741 8 2 Name 0 0 0
431 553 9 2 Name 0 0 0
306 925 14 2 Name 0 0 0
677 215 8 2 Name 0 0 0
154 589 11 2 Name 0 0 0
239 457 11 2 Name 0 0 0
654 127 15 2 Name 0 0 0
1012 104 8 2 Name 0 0 0
519 731 14 2 Name 0 0 0
226 49 6 2 Name 0 0 0
116 305 8 2 Name 0 0 0
60 57 15 2 Name 0 0 0
805 548 6 2 Name 0 0 0
21 991 8 2 Name 0 0 0
540 204 11 2 Name 0 0 0
720 933 7 2 Name 0 0 0
734 878 7 2 Name 0 0 0
308 876 5 2 Name 0 0 0
892 478 10 2 Name 0 0 0
293 603 4 2 Name 0 0 0
251 318 7 2 Name 0 0 0
281 717 10 2 Name 0 0 0
935 579 6 2 Name 0 0 0
515 455 14 2 Name 0 0 0
949 843 13 2 Name 0 0 0
708 392 10 2 Name 0 0 0
111 1003 15 2 Name 0 0 0
313 73 13 2 Name 0 0 0
283 966 6 2 Name 0 0 0
831 555 5 2 Name 0 0 0
176 826 5 2 Name 0 0 0
641 592 14 2 Name 0 0 0
127 311 9 2 Name 0 0 0
424 660 5 2 Name 0 0 0
331 1010 16 2 Name 0 0 0
990 1008 8 2 Name 0 0 0
898 520 12 2 Name 0 0 0
505 231 9 2 Name 0 0 0
804 814 11 2 Name 0 0 0
927 667 8 2 Name 0 0 0
510 796 15 2 Name 0 0 0
452 595 9 2 Name 0 0 0
62 752 6 2 Name 0 0 0
241 948 15 2 Name 0 0 0
223 433 8 2 Name 0 0 0
315 969 8 2 Name 0 0 0
940 533 11 2 Name 0 0 0
373 355 13 2 Name 0 0 0
51 73 11 2 Name 0 0 0
235 284 11 2 Name 0 0 0
414 981 13 2 Name 0 0 0
81 523 6 2 Name 0 0 0
157 887 8 2 Name 0 0 0
197 892 4 2 Name 0 0 0
860 430 8 2 Name 0 0 0
740 679 4 2 Name 0 0 0
242 107 12 2 Name 0 0 0
623 988 13 2 Name 0 0 0
358 575 5 2 Name 0 0 0
225 565 12 2 Name 0 0 0
943 594 12 2 Name 0 0 0
448 463 9 2 Name 0 0 0
522 961 4 2 Name 0 0 0
56 53 13 2 Name 0 0 0
709 1003 13 2 Name 0 0 0
193 614 15 2 Name 0 0 0
82 424 13 2 Name 0 0 0
238 1017 13 2 Name 0 0 0
170 843 5 2 Name 0 0 0
733 113 13 2 Name 0 0 0
958 902 6 2 Name 0 0 0
977 965 14 2 Name 0 0 0
193 263 16 2 Name 0 0 0
462 546 9 2 Name 0 0 0
914 532 12 2 Name 0 0 0
942 320 5 2 Name 0 0 0
721 481 4 2 Name 0 0 0
725 519 11 2 Name 0 0 0
786 958 15 2 Name 0 0 0
983 771 12 2 Name 0 0 0
191 978 9 2 Name 0 0 0
77 880 13 2 Name 0 0 0
338 354 14 2 Name 0 0 0
727 831 6 2 Name 0 0 0
407 706 14 2 Name 0 0 0
52 563 14 2 Name 0 0 0
423 907 5 2 Name 0 0 0
623 367 11 2 Name 0 0 0
66 209 12 2 Name 0 0 0
518 23 16 2 Name 0 0 0
851 223 4 2 Name 0 0 0
883 911 5 2 Name 0 0 0
589 420 8 2 Name 0 0 0
720 329 14 2 Name 0 0 0
458 819 4 2 Name 0 0 0
376 650 14 2 Name 0 0 0
45 652 13 2 Name 0 0 0
383 297 13 2 Name 0 0 0
892 125 6 2 Name 0 0 0
192 186 6 2 Name 0 0 0
711 835 8 2 Name 0 0 0
966 247 4 2 Name 0 0 0
379 762 9 2 Name 0 0 0
768 646 5 2 Name 0 0 0
424 531 10 2 Name 0 0 0
379 735 15 2 Name 0 0 0
60 735 10 2 Name 0 0 0
232 644 10 2 Name 0 0 0
580 306 12 2 Name 0 0 0
677 340 12 2 Name 0 0 0
141 769 10 2 Name 0 0 0
117 910 7 2 Name 0 0 0
281 741 11 2 Name 0 0 0
524 785 14 2 Name 0 0 0
977 324 10 2 Name 0 0 0
1004 204 14 2 Name 0 0 0
269 188 4 2 Name 0 0 0
681 461 6 2 Name 0 0 0
627 50 7 2 Name 0 0 0
753 89 16 2 Name 0 0 0
846 633 15 2 Name 0 0 0
136 658 15 2 Name 0 0 0
136 766 15 2 Name 0 0 0
506 588 6 2 Name 0 0 0
820 84 12 2 Name 0 0 0
43 639 8 2 Name 0 0 0
270 801 14 2 Name 0 0 0
69 252 15 2 Name 0 0 0
466 246 9 2 Name 0 0 0
238 438 12 2 Name 0 0 0
96 416 10 2 Name 0 0 0
195 265 5 2 Name 0 0 0
180 291 7 2 Name 0 0 0
256 610 15 2 Name 0 0 0
881 556 9 2 Name 0 0 0
599 323 6 2 Name 0 0 0
930 604 15 2 Name 0 0 0
515 695 8 2 Name 0 0 0
601 1021 15 2 Name 0 0 0
157 716 14 2 Name 0 0 0
776 764 7 2 Name 0 0 0
529 670 16 2 Name 0 0 0
704 757 9 2 Name 0 0 0
546 89 12 2 Name 0 0 0
692 325 16 2 Name 0 0 0
743 616 16 2 Name 0 0 0
856 695 13 2 Name 0 0 0
497 176 9 2 Name 0 0 0
995 501 7 2 Name 0 0 0
790 386 5 2 Name 0 0 0
50 609 7 2 Name 0 0 0
589 833 10 2 Name 0 0 0
478 983 6 2 Name 0 0 0
357 677 10 2 Name 0 0 0
706 166 7 2 Name 0 0 0
1024 176 6 2 Name 0 0 0
314 69 4 2 Name 0 0 0
756 509 16 2 Name 0 0 0
522 299 5 2 Name 0 0 0
207 767 14 2 Name 0 0 0
809 88 13 2 Name 0 0 0
681 641 12 2 Name 0 0 0
996 994 9 2 Name 0 0 0
353 484 5 2 Name 0 0 0
346 687 4 2 Name 0 0 0
x-Min=0
x-Max=1024
y-Min=0
y-Max=1024
min label height=2.0
max label height=2.0
min label width=4.0
max label width=16.0
