1024
3728 477 36 8 Name 0 0 0
3124 3395 16 8 Name 0 0 0
2568 3326 236 8 Name 0 0 0
2802 129 147 8 Name 0 0 0
1029 101 96 8 Name 0 0 0
664 1940 242 8 Name 0 0 0
3989 584 251 8 Name 0 0 0
1083 3605 181 8 Name 0 0 0
2730 1551 115 8 Name 0 0 0
221 3434 81 8 Name 0 0 0
1081 141 100 8 Name 0 0 0
3605 2239 168 8 Name 0 0 0
2583 3081 122 8 Name 0 0 0
1809 2966 236 8 Name 0 0 0
2880 794 90 8 Name 0 0 0
4034 1256 236 8 Name 0 0 0
1401 1461 17 8 Name 0 0 0
542 1790 180 8 Name 0 0 0
2884 1617 201 8 Name 0 0 0
1496 3106 36 8 Name 0 0 0
686 2878 97 8 Name 0 0 0
1923 1786 17 8 Name 0 0 0
3838 97 233 8 Name 0 0 0
1124 2281 72 8 Name 0 0 0
2972 151 196 8 Name 0 0 0
2760 1537 59 8 Name 0 0 0
3258 3618 128 8 Name 0 0 0
3968 443 27 8 Name 0 0 0
1740 27 216 8 Name 0 0 0
1031 561 94 8 Name 0 0 0
121 1377 221 8 Name 0 0 0
2073 3811 23 8 Name 0 0 0
1124 3831 111 8 Name 0 0 0
1053 2239 134 8 Name 0 0 0
1181 444 25 8 Name 0 0 0
3604 2402 185 8 Name 0 0 0
1300 920 256 8 Name 0 0 0
278 3638 244 8 Name 0 0 0
3001 2615 170 8 Name 0 0 0
2126 552 128 8 Name 0 0 0
1606 2763 152 8 Name 0 0 0
566 404 29 8 Name 0 0 0
1849 1110 123 8 Name 0 0 0
3773 362 235 8 Name 0 0 0
3606 1557 120 8 Name 0 0 0
3004 431 211 8 Name 0 0 0
155 1173 233 8 Name 0 0 0
1544 613 23 8 Name 0 0 0
257 916 185 8 Name 0 0 0
1842 3065 219 8 Name 0 0 0
2309 3798 202 8 Name 0 0 0
156 581 25 8 Name 0 0 0
581 910 192 8 Name 0 0 0
3893 3156 233 8 Name 0 0 0
395 56 152 8 Name 0 0 0
426 567 104 8 Name 0 0 0
3962 2222 184 8 Name 0 0 0
3216 1388 228 8 Name 0 0 0
1097 2276 215 8 Name 0 0 0
1031 1384 155 8 Name 0 0 0
3664 1555 71 8 Name 0 0 0
417 588 96 8 Name 0 0 0
3371 834 23 8 Name 0 0 0
3016 1098 167 8 Name 0 0 0
2671 952 62 8 Name 0 0 0
657 3415 237 8 Name 0 0 0
62 1977 30 8 Name 0 0 0
796 408 250 8 Name 0 0 0
3412 502 174 8 Name 0 0 0
1348 1316 94 8 Name 0 0 0
1931 3172 25 8 Name 0 0 0
4004 331 235 8 Name 0 0 0
2048 169 222 8 Name 0 0 0
1611 3411 148 8 Name 0 0 0
1124 3205 142 8 Name 0 0 0
2697 2811 70 8 Name 0 0 0
3651 1311 65 8 Name 0 0 0
3703 2375 233 8 Name 0 0 0
1176 829 203 8 Name 0 0 0
2917 601 198 8 Name 0 0 0
307 2512 236 8 Name 0 0 0
8 1008 52 8 Name 0 0 0
3624 1116 240 8 Name 0 0 0
2303 2725 99 8 Name 0 0 0
3320 2671 252 8 Name 0 0 0
3516 3548 205 8 Name 0 0 0
1862 761 251 8 Name 0 0 0
3344 141 34 8 Name 0 0 0
2162 1970 120 8 Name 0 0 0
1152 3841 254 8 Name 0 0 0
4086 2244 93 8 Name 0 0 0
3815 2406 252 8 Name 0 0 0
3061 2183 89 8 Name 0 0 0
617 2757 213 8 Name 0 0 0
1517 621 100 8 Name 0 0 0
3885 3709 218 8 Name 0 0 0
2857 3483 62 8 Name 0 0 0
3322 3715 65 8 Name 0 0 0
2007 3210 64 8 Name 0 0 0
1968 2355 165 8 Name 0 0 0
2195 3625 41 8 Name 0 0 0
1659 1929 193 8 Name 0 0 0
1194 2123 65 8 Name 0 0 0
900 2471 67 8 Name 0 0 0
2120 775 110 8 Name 0 0 0
2909 715 203 8 Name 0 0 0
3978 1714 157 8 Name 0 0 0
1193 996 69 8 Name 0 0 0
3401 3959 141 8 Name 0 0 0
3473 2536 55 8 Name 0 0 0
3431 2247 47 8 Name 0 0 0
3097 120 100 8 Name 0 0 0
2237 3958 246 8 Name 0 0 0
3816 3401 225 8 Name 0 0 0
2916 2071 233 8 Name 0 0 0
2072 3288 82 8 Name 0 0 0
786 1067 199 8 Name 0 0 0
2453 639 137 8 Name 0 0 0
2380 3380 216 8 Name 0 0 0
2617 1706 97 8 Name 0 0 0
2457 2683 119 8 Name 0 0 0
314 2538 149 8 Name 0 0 0
517 3188 130 8 Name 0 0 0
1797 2017 241 8 Name 0 0 0
3631 2735 98 8 Name 0 0 0
2802 733 96 8 Name 0 0 0
2456 1695 194 8 Name 0 0 0
2978 3453 151 8 Name 0 0 0
1572 3510 206 8 Name 0 0 0
3067 522 34 8 Name 0 0 0
3776 1346 38 8 Name 0 0 0
1220 1331 234 8 Name 0 0 0
1648 1086 82 8 Name 0 0 0
1149 1020 150 8 Name 0 0 0
4008 3441 181 8 Name 0 0 0
1193 2145 175 8 Name 0 0 0
1183 2727 105 8 Name 0 0 0
2238 3559 50 8 Name 0 0 0
3802 1607 213 8 Name 0 0 0
4085 773 160 8 Name 0 0 0
2688 2461 196 8 Name 0 0 0
2294 754 227 8 Name 0 0 0
2717 2087 67 8 Name 0 0 0
557 3528 71 8 Name 0 0 0
144 3762 60 8 Name 0 0 0
2478 848 111 8 Name 0 0 0
1729 1522 21 8 Name 0 0 0
244 1760 142 8 Name 0 0 0
3622 1906 138 8 Name 0 0 0
2173 3096 70 8 Name 0 0 0
2876 888 208 8 Name 0 0 0
3820 713 185 8 Name 0 0 0
1487 266 193 8 Name 0 0 0
2541 2854 24 8 Name 0 0 0
3865 334 177 8 Name 0 0 0
2170 1683 90 8 Name 0 0 0
3424 1769 70 8 Name 0 0 0
3004 1814 64 8 Name 0 0 0
2849 2383 163 8 Name 0 0 0
2171 2658 75 8 Name 0 0 0
3300 3296 149 8 Name 0 0 0
2677 3438 44 8 Name 0 0 0
3006 3955 170 8 Name 0 0 0
1985 2021 173 8 Name 0 0 0
2592 1324 234 8 Name 0 0 0
2168 3831 234 8 Name 0 0 0
3581 3315 174 8 Name 0 0 0
3953 1815 224 8 Name 0 0 0
1031 3179 58 8 Name 0 0 0
2266 3481 90 8 Name 0 0 0
3669 2611 219 8 Name 0 0 0
3842 2854 62 8 Name 0 0 0
2246 917 61 8 Name 0 0 0
2349 266 39 8 Name 0 0 0
1849 1768 40 8 Name 0 0 0
1519 490 48 8 Name 0 0 0
2435 1591 55 8 Name 0 0 0
2720 334 95 8 Name 0 0 0
938 3924 60 8 Name 0 0 0
2675 2618 147 8 Name 0 0 0
816 1309 87 8 Name 0 0 0
1486 2260 62 8 Name 0 0 0
634 481 142 8 Name 0 0 0
3409 3974 164 8 Name 0 0 0
928 3723 107 8 Name 0 0 0
455 613 251 8 Name 0 0 0
2819 2129 104 8 Name 0 0 0
3584 631 62 8 Name 0 0 0
2917 33 61 8 Name 0 0 0
2854 149 151 8 Name 0 0 0
1073 1899 227 8 Name 0 0 0
56 3744 147 8 Name 0 0 0
513 3348 39 8 Name 0 0 0
2269 852 115 8 Name 0 0 0
1505 573 87 8 Name 0 0 0
2955 1774 229 8 Name 0 0 0
1607 1550 58 8 Name 0 0 0
606 429 121 8 Name 0 0 0
1763 784 151 8 Name 0 0 0
3632 3893 113 8 Name 0 0 0
3157 3859 225 8 Name 0 0 0
549 3246 51 8 Name 0 0 0
2912 3401 199 8 Name 0 0 0
3384 2985 242 8 Name 0 0 0
3527 1919 251 8 Name 0 0 0
2551 1822 97 8 Name 0 0 0
3184 2916 125 8 Name 0 0 0
946 1507 142 8 Name 0 0 0
1150 2356 17 8 Name 0 0 0
681 2464 23 8 Name 0 0 0
2321 1905 161 8 Name 0 0 0
3802 3652 192 8 Name 0 0 0
1169 1686 82 8 Name 0 0 0
1218 184 176 8 Name 0 0 0
1641 3081 193 8 Name 0 0 0
3745 3588 122 8 Name 0 0 0
161 2994 35 8 Name 0 0 0
2401 1989 183 8 Name 0 0 0
3256 1743 145 8 Name 0 0 0
698 2039 250 8 Name 0 0 0
136 3327 123 8 Name 0 0 0
598 1684 148 8 Name 0 0 0
232 1600 129 8 Name 0 0 0
3862 911 81 8 Name 0 0 0
3251 3031 147 8 Name 0 0 0
885 3806 219 8 Name 0 0 0
197 3110 172 8 Name 0 0 0
2865 401 84 8 Name 0 0 0
2488 1609 242 8 Name 0 0 0
2394 111 62 8 Name 0 0 0
1626 1034 194 8 Name 0 0 0
1878 1674 71 8 Name 0 0 0
1073 273 21 8 Name 0 0 0
3766 1876 141 8 Name 0 0 0
2066 2979 85 8 Name 0 0 0
465 6 73 8 Name 0 0 0
321 2842 18 8 Name 0 0 0
2865 2847 184 8 Name 0 0 0
2518 2025 160 8 Name 0 0 0
2532 879 86 8 Name 0 0 0
1973 1800 106 8 Name 0 0 0
1652 4053 95 8 Name 0 0 0
2358 1197 38 8 Name 0 0 0
3543 2011 249 8 Name 0 0 0
2136 2754 175 8 Name 0 0 0
541 2870 57 8 Name 0 0 0
527 3415 150 8 Name 0 0 0
43 682 62 8 Name 0 0 0
111 1369 123 8 Name 0 0 0
3933 2243 101 8 Name 0 0 0
97 3086 83 8 Name 0 0 0
2437 353 215 8 Name 0 0 0
3863 4090 144 8 Name 0 0 0
605 3803 42 8 Name 0 0 0
516 2258 239 8 Name 0 0 0
3336 1371 184 8 Name 0 0 0
4003 2195 180 8 Name 0 0 0
2758 3103 93 8 Name 0 0 0
1551 2065 256 8 Name 0 0 0
3506 3967 230 8 Name 0 0 0
1325 2992 78 8 Name 0 0 0
2286 551 98 8 Name 0 0 0
1259 2075 151 8 Name 0 0 0
3830 745 185 8 Name 0 0 0
476 3297 63 8 Name 0 0 0
3117 2430 37 8 Name 0 0 0
1845 1370 219 8 Name 0 0 0
3811 598 211 8 Name 0 0 0
1888 2332 49 8 Name 0 0 0
2763 2218 178 8 Name 0 0 0
1450 2933 90 8 Name 0 0 0
4091 941 203 8 Name 0 0 0
1502 3700 117 8 Name 0 0 0
873 757 175 8 Name 0 0 0
903 142 83 8 Name 0 0 0
1189 731 176 8 Name 0 0 0
1198 2169 175 8 Name 0 0 0
2780 2908 212 8 Name 0 0 0
147 3366 230 8 Name 0 0 0
1955 228 173 8 Name 0 0 0
3315 3212 51 8 Name 0 0 0
3478 2451 241 8 Name 0 0 0
3581 45 170 8 Name 0 0 0
3002 3998 229 8 Name 0 0 0
410 964 228 8 Name 0 0 0
527 2793 195 8 Name 0 0 0
3199 417 132 8 Name 0 0 0
2960 2829 190 8 Name 0 0 0
71 3219 55 8 Name 0 0 0
2800 3735 204 8 Name 0 0 0
2404 2516 17 8 Name 0 0 0
36 2510 176 8 Name 0 0 0
2221 853 225 8 Name 0 0 0
3576 2627 55 8 Name 0 0 0
3253 1006 65 8 Name 0 0 0
1037 221 161 8 Name 0 0 0
1948 3049 186 8 Name 0 0 0
3837 3242 132 8 Name 0 0 0
3140 1382 97 8 Name 0 0 0
363 3007 248 8 Name 0 0 0
1613 3872 180 8 Name 0 0 0
3873 511 219 8 Name 0 0 0
3586 1351 23 8 Name 0 0 0
397 3881 97 8 Name 0 0 0
4066 2771 253 8 Name 0 0 0
2585 557 237 8 Name 0 0 0
3135 3572 71 8 Name 0 0 0
956 758 137 8 Name 0 0 0
3736 1822 57 8 Name 0 0 0
2178 1693 185 8 Name 0 0 0
1214 567 114 8 Name 0 0 0
3671 2013 41 8 Name 0 0 0
3024 1493 159 8 Name 0 0 0
3935 1896 253 8 Name 0 0 0
2042 1455 230 8 Name 0 0 0
843 1964 245 8 Name 0 0 0
1791 3859 136 8 Name 0 0 0
331 1601 165 8 Name 0 0 0
1862 2607 148 8 Name 0 0 0
2666 300 56 8 Name 0 0 0
2919 723 165 8 Name 0 0 0
1960 3718 182 8 Name 0 0 0
1301 4063 99 8 Name 0 0 0
1578 1375 84 8 Name 0 0 0
3447 2808 224 8 Name 0 0 0
1380 797 238 8 Name 0 0 0
1808 2421 154 8 Name 0 0 0
3182 780 155 8 Name 0 0 0
3739 2749 72 8 Name 0 0 0
1869 1444 109 8 Name 0 0 0
3719 2988 194 8 Name 0 0 0
457 3501 195 8 Name 0 0 0
962 3454 186 8 Name 0 0 0
2289 1355 241 8 Name 0 0 0
2659 4052 21 8 Name 0 0 0
1935 1202 110 8 Name 0 0 0
3015 4071 185 8 Name 0 0 0
3112 1004 248 8 Name 0 0 0
2181 731 42 8 Name 0 0 0
3461 65 69 8 Name 0 0 0
934 2813 168 8 Name 0 0 0
1209 2814 167 8 Name 0 0 0
4007 2540 195 8 Name 0 0 0
2968 3097 54 8 Name 0 0 0
3857 1614 121 8 Name 0 0 0
898 293 235 8 Name 0 0 0
1676 2446 155 8 Name 0 0 0
2787 274 197 8 Name 0 0 0
3930 2342 50 8 Name 0 0 0
4086 1420 105 8 Name 0 0 0
357 1744 223 8 Name 0 0 0
902 4059 168 8 Name 0 0 0
491 1721 63 8 Name 0 0 0
3401 2079 180 8 Name 0 0 0
1978 1281 89 8 Name 0 0 0
261 2248 74 8 Name 0 0 0
3557 1243 162 8 Name 0 0 0
3477 3299 198 8 Name 0 0 0
2741 1641 177 8 Name 0 0 0
2366 3410 175 8 Name 0 0 0
3210 3009 184 8 Name 0 0 0
3180 66 124 8 Name 0 0 0
3099 478 188 8 Name 0 0 0
481 2747 133 8 Name 0 0 0
3898 286 158 8 Name 0 0 0
3491 2127 16 8 Name 0 0 0
2423 3449 211 8 Name 0 0 0
2040 1185 140 8 Name 0 0 0
599 1043 221 8 Name 0 0 0
625 249 184 8 Name 0 0 0
1138 822 217 8 Name 0 0 0
1381 2346 91 8 Name 0 0 0
1052 1417 154 8 Name 0 0 0
2207 3232 57 8 Name 0 0 0
2013 822 147 8 Name 0 0 0
3022 3340 53 8 Name 0 0 0
1486 2332 34 8 Name 0 0 0
554 716 124 8 Name 0 0 0
1062 3363 165 8 Name 0 0 0
25 1209 208 8 Name 0 0 0
97 1324 111 8 Name 0 0 0
3228 1468 220 8 Name 0 0 0
2060 2964 90 8 Name 0 0 0
3065 2154 105 8 Name 0 0 0
1923 85 204 8 Name 0 0 0
1725 3177 105 8 Name 0 0 0
1530 1991 157 8 Name 0 0 0
1475 183 111 8 Name 0 0 0
2657 2314 250 8 Name 0 0 0
494 1674 55 8 Name 0 0 0
2924 1225 86 8 Name 0 0 0
2327 660 225 8 Name 0 0 0
3409 991 69 8 Name 0 0 0
1871 715 175 8 Name 0 0 0
1817 509 64 8 Name 0 0 0
3705 1574 223 8 Name 0 0 0
1162 2416 163 8 Name 0 0 0
1796 2402 245 8 Name 0 0 0
2711 3536 211 8 Name 0 0 0
3920 3496 66 8 Name 0 0 0
3103 1253 164 8 Name 0 0 0
3385 2608 153 8 Name 0 0 0
930 3035 104 8 Name 0 0 0
973 1595 239 8 Name 0 0 0
3978 1228 72 8 Name 0 0 0
3258 1787 57 8 Name 0 0 0
3659 2062 178 8 Name 0 0 0
741 2653 224 8 Name 0 0 0
3785 3482 84 8 Name 0 0 0
971 121 241 8 Name 0 0 0
2814 251 234 8 Name 0 0 0
135 3486 214 8 Name 0 0 0
1608 453 220 8 Name 0 0 0
356 2041 57 8 Name 0 0 0
4078 2268 220 8 Name 0 0 0
2446 3774 229 8 Name 0 0 0
2589 3030 110 8 Name 0 0 0
1601 2239 120 8 Name 0 0 0
2837 2461 145 8 Name 0 0 0
1451 2433 101 8 Name 0 0 0
881 3493 183 8 Name 0 0 0
753 3227 199 8 Name 0 0 0
2500 3751 163 8 Name 0 0 0
3476 3464 143 8 Name 0 0 0
75 4042 152 8 Name 0 0 0
48 3920 80 8 Name 0 0 0
129 202 21 8 Name 0 0 0
93 1852 160 8 Name 0 0 0
831 3180 90 8 Name 0 0 0
3634 2957 200 8 Name 0 0 0
2504 1272 251 8 Name 0 0 0
1139 3537 241 8 Name 0 0 0
785 1679 190 8 Name 0 0 0
764 1885 22 8 Name 0 0 0
2896 4030 122 8 Name 0 0 0
1429 3348 193 8 Name 0 0 0
2118 1500 125 8 Name 0 0 0
67 3790 64 8 Name 0 0 0
3719 2545 35 8 Name 0 0 0
2264 3147 88 8 Name 0 0 0
3087 14 116 8 Name 0 0 0
2986 3616 137 8 Name 0 0 0
687 328 83 8 Name 0 0 0
1089 908 76 8 Name 0 0 0
2912 3967 198 8 Name 0 0 0
756 2725 42 8 Name 0 0 0
372 3964 107 8 Name 0 0 0
2242 3810 214 8 Name 0 0 0
4079 2463 51 8 Name 0 0 0
148 379 70 8 Name 0 0 0
3227 1479 105 8 Name 0 0 0
3678 2534 241 8 Name 0 0 0
4035 2130 58 8 Name 0 0 0
1880 674 241 8 Name 0 0 0
561 1010 139 8 Name 0 0 0
3951 2928 36 8 Name 0 0 0
3405 2053 107 8 Name 0 0 0
905 3729 45 8 Name 0 0 0
1185 2206 237 8 Name 0 0 0
849 1712 55 8 Name 0 0 0
2343 800 236 8 Name 0 0 0
2463 3316 154 8 Name 0 0 0
627 1903 174 8 Name 0 0 0
3521 2947 162 8 Name 0 0 0
292 45 78 8 Name 0 0 0
1451 2995 57 8 Name 0 0 0
2074 2542 167 8 Name 0 0 0
2208 3247 159 8 Name 0 0 0
2031 1332 130 8 Name 0 0 0
2015 3547 143 8 Name 0 0 0
3923 2820 186 8 Name 0 0 0
428 1586 178 8 Name 0 0 0
2805 1074 43 8 Name 0 0 0
1164 2185 145 8 Name 0 0 0
2193 742 238 8 Name 0 0 0
2547 3745 84 8 Name 0 0 0
3622 3849 163 8 Name 0 0 0
2352 501 128 8 Name 0 0 0
341 2071 148 8 Name 0 0 0
1486 2102 127 8 Name 0 0 0
2659 2274 106 8 Name 0 0 0
1020 2260 232 8 Name 0 0 0
360 1881 161 8 Name 0 0 0
1434 242 142 8 Name 0 0 0
2562 4090 190 8 Name 0 0 0
3238 205 85 8 Name 0 0 0
1008 427 253 8 Name 0 0 0
3849 2217 121 8 Name 0 0 0
1633 1746 193 8 Name 0 0 0
3843 1391 144 8 Name 0 0 0
1834 1449 140 8 Name 0 0 0
1348 717 115 8 Name 0 0 0
313 4046 83 8 Name 0 0 0
3779 1192 236 8 Name 0 0 0
2453 439 214 8 Name 0 0 0
2879 1613 88 8 Name 0 0 0
3007 3236 166 8 Name 0 0 0
2180 1457 74 8 Name 0 0 0
1001 3440 203 8 Name 0 0 0
2429 4033 185 8 Name 0 0 0
2365 1449 115 8 Name 0 0 0
3319 1304 237 8 Name 0 0 0
1875 3290 80 8 Name 0 0 0
1039 2705 238 8 Name 0 0 0
3448 16 138 8 Name 0 0 0
2963 3143 48 8 Name 0 0 0
2180 242 154 8 Name 0 0 0
1019 1095 149 8 Name 0 0 0
3380 1863 68 8 Name 0 0 0
3744 1455 183 8 Name 0 0 0
3519 3079 149 8 Name 0 0 0
2395 3949 114 8 Name 0 0 0
3867 422 92 8 Name 0 0 0
826 1353 220 8 Name 0 0 0
1130 3313 183 8 Name 0 0 0
2764 930 117 8 Name 0 0 0
3992 3102 216 8 Name 0 0 0
2394 1440 204 8 Name 0 0 0
2873 2561 36 8 Name 0 0 0
241 3405 131 8 Name 0 0 0
915 2164 187 8 Name 0 0 0
1031 3992 200 8 Name 0 0 0
3633 2881 172 8 Name 0 0 0
3920 3958 178 8 Name 0 0 0
1294 1094 113 8 Name 0 0 0
2439 3834 150 8 Name 0 0 0
3640 2765 120 8 Name 0 0 0
2156 1331 216 8 Name 0 0 0
1976 3630 190 8 Name 0 0 0
1657 3339 182 8 Name 0 0 0
737 1310 80 8 Name 0 0 0
3211 349 205 8 Name 0 0 0
1024 3819 140 8 Name 0 0 0
3811 3856 54 8 Name 0 0 0
3472 872 46 8 Name 0 0 0
1931 3354 129 8 Name 0 0 0
2903 1163 71 8 Name 0 0 0
665 3930 54 8 Name 0 0 0
1532 2455 98 8 Name 0 0 0
2059 3720 139 8 Name 0 0 0
1646 3383 176 8 Name 0 0 0
3218 1013 189 8 Name 0 0 0
614 2668 154 8 Name 0 0 0
2230 2652 121 8 Name 0 0 0
3809 2044 55 8 Name 0 0 0
3492 210 105 8 Name 0 0 0
1759 1500 127 8 Name 0 0 0
2413 2379 243 8 Name 0 0 0
1618 894 88 8 Name 0 0 0
1043 2033 217 8 Name 0 0 0
440 2325 193 8 Name 0 0 0
3383 2776 85 8 Name 0 0 0
1105 2536 211 8 Name 0 0 0
1092 536 233 8 Name 0 0 0
2295 1575 23 8 Name 0 0 0
3249 1424 253 8 Name 0 0 0
2847 1191 138 8 Name 0 0 0
62 2421 117 8 Name 0 0 0
2603 1850 23 8 Name 0 0 0
3163 521 207 8 Name 0 0 0
3689 3041 109 8 Name 0 0 0
1021 1898 79 8 Name 0 0 0
2141 1195 190 8 Name 0 0 0
4086 3034 30 8 Name 0 0 0
867 1402 186 8 Name 0 0 0
15 486 134 8 Name 0 0 0
3357 2277 115 8 Name 0 0 0
3870 4000 155 8 Name 0 0 0
2408 3513 208 8 Name 0 0 0
848 3206 50 8 Name 0 0 0
1407 3014 178 8 Name 0 0 0
4061 2240 41 8 Name 0 0 0
3259 2407 238 8 Name 0 0 0
1285 2220 91 8 Name 0 0 0
3024 488 34 8 Name 0 0 0
1698 1578 249 8 Name 0 0 0
154 1587 233 8 Name 0 0 0
823 561 157 8 Name 0 0 0
1274 545 50 8 Name 0 0 0
1038 1566 113 8 Name 0 0 0
741 1494 182 8 Name 0 0 0
1602 3494 158 8 Name 0 0 0
3230 2654 98 8 Name 0 0 0
805 507 73 8 Name 0 0 0
2448 3838 129 8 Name 0 0 0
3371 894 24 8 Name 0 0 0
1340 3174 133 8 Name 0 0 0
3198 2668 153 8 Name 0 0 0
3811 3496 180 8 Name 0 0 0
2829 3409 170 8 Name 0 0 0
2632 1976 39 8 Name 0 0 0
3463 1269 131 8 Name 0 0 0
1934 2583 27 8 Name 0 0 0
2017 3626 97 8 Name 0 0 0
2035 677 199 8 Name 0 0 0
790 3252 176 8 Name 0 0 0
3933 1355 16 8 Name 0 0 0
444 3749 30 8 Name 0 0 0
2884 967 237 8 Name 0 0 0
221 1411 93 8 Name 0 0 0
1210 2602 43 8 Name 0 0 0
845 1928 165 8 Name 0 0 0
1092 413 79 8 Name 0 0 0
74 273 220 8 Name 0 0 0
1144 495 237 8 Name 0 0 0
179 3437 76 8 Name 0 0 0
2680 3666 105 8 Name 0 0 0
2888 515 219 8 Name 0 0 0
2113 174 101 8 Name 0 0 0
4013 801 153 8 Name 0 0 0
2778 2226 240 8 Name 0 0 0
1819 1007 223 8 Name 0 0 0
1595 3250 227 8 Name 0 0 0
1149 1272 126 8 Name 0 0 0
3323 2721 141 8 Name 0 0 0
237 2595 221 8 Name 0 0 0
644 2026 47 8 Name 0 0 0
273 930 251 8 Name 0 0 0
1973 3596 100 8 Name 0 0 0
1366 815 59 8 Name 0 0 0
3439 597 80 8 Name 0 0 0
4 3809 37 8 Name 0 0 0
2233 3464 211 8 Name 0 0 0
3876 3231 134 8 Name 0 0 0
1951 1200 155 8 Name 0 0 0
2305 2183 37 8 Name 0 0 0
2596 1869 237 8 Name 0 0 0
308 3525 208 8 Name 0 0 0
1944 2019 107 8 Name 0 0 0
2171 2133 81 8 Name 0 0 0
3693 1161 73 8 Name 0 0 0
2141 342 56 8 Name 0 0 0
2988 1288 31 8 Name 0 0 0
288 3261 240 8 Name 0 0 0
1468 1240 171 8 Name 0 0 0
3419 2892 52 8 Name 0 0 0
1386 433 148 8 Name 0 0 0
2405 1067 226 8 Name 0 0 0
247 2621 149 8 Name 0 0 0
3083 3392 169 8 Name 0 0 0
3108 4086 181 8 Name 0 0 0
1991 3270 95 8 Name 0 0 0
867 2705 217 8 Name 0 0 0
2717 3900 235 8 Name 0 0 0
455 3481 124 8 Name 0 0 0
2660 1692 171 8 Name 0 0 0
3220 327 214 8 Name 0 0 0
1688 2399 16 8 Name 0 0 0
234 2035 136 8 Name 0 0 0
474 3096 137 8 Name 0 0 0
2519 3733 67 8 Name 0 0 0
3677 391 228 8 Name 0 0 0
311 1645 24 8 Name 0 0 0
2780 1710 26 8 Name 0 0 0
1569 2276 123 8 Name 0 0 0
303 660 173 8 Name 0 0 0
3584 2223 84 8 Name 0 0 0
1831 4091 25 8 Name 0 0 0
2707 1422 184 8 Name 0 0 0
2157 2881 180 8 Name 0 0 0
278 3669 37 8 Name 0 0 0
1389 2273 178 8 Name 0 0 0
1502 3333 41 8 Name 0 0 0
3540 3389 127 8 Name 0 0 0
2752 1549 160 8 Name 0 0 0
3508 2285 175 8 Name 0 0 0
1775 3603 179 8 Name 0 0 0
236 1913 132 8 Name 0 0 0
1138 748 118 8 Name 0 0 0
494 1578 192 8 Name 0 0 0
914 1996 73 8 Name 0 0 0
1640 2871 174 8 Name 0 0 0
209 1997 155 8 Name 0 0 0
2770 318 125 8 Name 0 0 0
1905 3469 89 8 Name 0 0 0
671 712 196 8 Name 0 0 0
3954 3750 130 8 Name 0 0 0
1155 352 101 8 Name 0 0 0
1410 2436 154 8 Name 0 0 0
3444 646 96 8 Name 0 0 0
2824 1541 16 8 Name 0 0 0
1959 2063 237 8 Name 0 0 0
2676 3746 55 8 Name 0 0 0
1853 2463 197 8 Name 0 0 0
2072 3599 73 8 Name 0 0 0
21 2486 59 8 Name 0 0 0
4014 3743 200 8 Name 0 0 0
3528 391 80 8 Name 0 0 0
2903 751 168 8 Name 0 0 0
4049 1620 35 8 Name 0 0 0
2182 1187 54 8 Name 0 0 0
2137 1792 80 8 Name 0 0 0
2927 1866 147 8 Name 0 0 0
1655 1929 186 8 Name 0 0 0
401 2350 96 8 Name 0 0 0
1364 1056 225 8 Name 0 0 0
57 2539 77 8 Name 0 0 0
3653 2372 63 8 Name 0 0 0
1510 597 240 8 Name 0 0 0
3474 2331 71 8 Name 0 0 0
2514 774 185 8 Name 0 0 0
3426 1249 150 8 Name 0 0 0
1162 1208 46 8 Name 0 0 0
234 3691 249 8 Name 0 0 0
1196 3185 43 8 Name 0 0 0
1693 3999 220 8 Name 0 0 0
411 85 133 8 Name 0 0 0
3283 3193 73 8 Name 0 0 0
2140 2977 241 8 Name 0 0 0
2311 3325 162 8 Name 0 0 0
2332 2659 84 8 Name 0 0 0
2218 905 185 8 Name 0 0 0
3422 1051 198 8 Name 0 0 0
1163 663 210 8 Name 0 0 0
838 596 182 8 Name 0 0 0
2661 358 107 8 Name 0 0 0
2263 930 217 8 Name 0 0 0
3554 749 218 8 Name 0 0 0
932 3607 181 8 Name 0 0 0
1833 3947 162 8 Name 0 0 0
3422 2194 153 8 Name 0 0 0
119 3417 232 8 Name 0 0 0
2530 335 193 8 Name 0 0 0
1738 2578 160 8 Name 0 0 0
3541 3922 166 8 Name 0 0 0
1372 2008 105 8 Name 0 0 0
28 3843 213 8 Name 0 0 0
1517 829 201 8 Name 0 0 0
922 2940 55 8 Name 0 0 0
2137 421 87 8 Name 0 0 0
1985 760 61 8 Name 0 0 0
2350 3650 161 8 Name 0 0 0
3561 3219 169 8 Name 0 0 0
1820 1839 192 8 Name 0 0 0
2831 3823 178 8 Name 0 0 0
1123 627 178 8 Name 0 0 0
3300 1788 98 8 Name 0 0 0
3700 779 132 8 Name 0 0 0
513 2398 129 8 Name 0 0 0
3417 2160 119 8 Name 0 0 0
3963 3241 256 8 Name 0 0 0
1687 1771 139 8 Name 0 0 0
289 821 40 8 Name 0 0 0
1409 1628 231 8 Name 0 0 0
1603 3041 147 8 Name 0 0 0
2290 1035 232 8 Name 0 0 0
1789 3752 64 8 Name 0 0 0
1455 856 237 8 Name 0 0 0
3347 2529 185 8 Name 0 0 0
2026 2440 144 8 Name 0 0 0
868 3594 250 8 Name 0 0 0
2639 3499 232 8 Name 0 0 0
1114 3258 212 8 Name 0 0 0
257 1271 106 8 Name 0 0 0
425 2794 74 8 Name 0 0 0
3990 2905 45 8 Name 0 0 0
3230 1030 29 8 Name 0 0 0
2421 523 163 8 Name 0 0 0
1734 2755 157 8 Name 0 0 0
1692 606 210 8 Name 0 0 0
3859 2376 99 8 Name 0 0 0
809 3598 140 8 Name 0 0 0
3972 981 71 8 Name 0 0 0
3764 2344 234 8 Name 0 0 0
3883 2569 212 8 Name 0 0 0
3909 594 102 8 Name 0 0 0
429 1586 174 8 Name 0 0 0
1024 815 158 8 Name 0 0 0
3635 962 182 8 Name 0 0 0
3420 2574 26 8 Name 0 0 0
1073 1939 76 8 Name 0 0 0
2296 1802 248 8 Name 0 0 0
1623 261 227 8 Name 0 0 0
3586 1399 115 8 Name 0 0 0
2496 3226 107 8 Name 0 0 0
1291 2837 234 8 Name 0 0 0
3297 3896 145 8 Name 0 0 0
3342 1571 62 8 Name 0 0 0
901 1911 68 8 Name 0 0 0
1404 264 78 8 Name 0 0 0
1396 3832 84 8 Name 0 0 0
1513 2586 55 8 Name 0 0 0
2120 2055 234 8 Name 0 0 0
3204 2158 142 8 Name 0 0 0
68 1420 176 8 Name 0 0 0
4073 3814 76 8 Name 0 0 0
3496 2509 147 8 Name 0 0 0
3639 1376 229 8 Name 0 0 0
2045 3261 94 8 Name 0 0 0
3317 2357 74 8 Name 0 0 0
1893 2691 107 8 Name 0 0 0
3882 1133 195 8 Name 0 0 0
3308 776 173 8 Name 0 0 0
1308 915 85 8 Name 0 0 0
785 2768 102 8 Name 0 0 0
695 2803 210 8 Name 0 0 0
2601 3533 153 8 Name 0 0 0
2612 1413 76 8 Name 0 0 0
2328 86 96 8 Name 0 0 0
727 900 239 8 Name 0 0 0
3333 25 121 8 Name 0 0 0
168 854 153 8 Name 0 0 0
123 260 38 8 Name 0 0 0
3033 1402 26 8 Name 0 0 0
1795 3773 54 8 Name 0 0 0
2727 109 183 8 Name 0 0 0
161 480 73 8 Name 0 0 0
2162 26 187 8 Name 0 0 0
2552 60 117 8 Name 0 0 0
997 1924 58 8 Name 0 0 0
2887 1094 242 8 Name 0 0 0
3446 1200 73 8 Name 0 0 0
2099 2730 35 8 Name 0 0 0
3773 1337 241 8 Name 0 0 0
3891 3612 29 8 Name 0 0 0
4005 1765 166 8 Name 0 0 0
1802 1265 196 8 Name 0 0 0
2154 2277 248 8 Name 0 0 0
904 2488 26 8 Name 0 0 0
4047 3287 101 8 Name 0 0 0
248 1283 242 8 Name 0 0 0
893 1813 75 8 Name 0 0 0
141 67 197 8 Name 0 0 0
325 2114 74 8 Name 0 0 0
1877 3456 22 8 Name 0 0 0
1373 1435 48 8 Name 0 0 0
1306 2057 198 8 Name 0 0 0
1394 23 78 8 Name 0 0 0
3041 2574 233 8 Name 0 0 0
1592 2609 87 8 Name 0 0 0
1090 1828 133 8 Name 0 0 0
1713 2495 137 8 Name 0 0 0
3052 2486 149 8 Name 0 0 0
3616 789 132 8 Name 0 0 0
664 1176 141 8 Name 0 0 0
3804 3049 119 8 Name 0 0 0
2399 503 203 8 Name 0 0 0
1053 1731 115 8 Name 0 0 0
2613 3462 94 8 Name 0 0 0
201 1513 144 8 Name 0 0 0
4012 205 140 8 Name 0 0 0
130 3603 220 8 Name 0 0 0
886 504 35 8 Name 0 0 0
3496 33 45 8 Name 0 0 0
433 3201 244 8 Name 0 0 0
3018 3844 189 8 Name 0 0 0
202 464 170 8 Name 0 0 0
1450 3867 188 8 Name 0 0 0
93 1564 16 8 Name 0 0 0
1196 3091 43 8 Name 0 0 0
2080 3674 149 8 Name 0 0 0
3902 34 74 8 Name 0 0 0
1857 2865 137 8 Name 0 0 0
3915 1205 96 8 Name 0 0 0
2570 3547 222 8 Name 0 0 0
874 3343 178 8 Name 0 0 0
3568 1195 120 8 Name 0 0 0
3269 1416 229 8 Name 0 0 0
2420 2587 216 8 Name 0 0 0
293 2031 93 8 Name 0 0 0
1902 365 56 8 Name 0 0 0
315 3429 247 8 Name 0 0 0
808 1240 110 8 Name 0 0 0
926 819 57 8 Name 0 0 0
543 885 96 8 Name 0 0 0
3938 600 180 8 Name 0 0 0
2004 2538 36 8 Name 0 0 0
1834 4056 105 8 Name 0 0 0
3512 943 42 8 Name 0 0 0
3586 1165 52 8 Name 0 0 0
1856 3067 226 8 Name 0 0 0
3606 3000 238 8 Name 0 0 0
1787 2969 110 8 Name 0 0 0
3417 1489 205 8 Name 0 0 0
3507 1972 128 8 Name 0 0 0
1931 3423 101 8 Name 0 0 0
3648 264 78 8 Name 0 0 0
1591 2153 236 8 Name 0 0 0
2243 1705 46 8 Name 0 0 0
597 1482 182 8 Name 0 0 0
2564 2441 42 8 Name 0 0 0
545 920 251 8 Name 0 0 0
2573 3105 167 8 Name 0 0 0
1074 2932 134 8 Name 0 0 0
2391 1358 248 8 Name 0 0 0
1620 3575 166 8 Name 0 0 0
1778 439 252 8 Name 0 0 0
2474 3983 156 8 Name 0 0 0
2854 241 206 8 Name 0 0 0
2875 1520 238 8 Name 0 0 0
3231 3986 181 8 Name 0 0 0
2577 1095 41 8 Name 0 0 0
2441 2648 128 8 Name 0 0 0
2872 790 159 8 Name 0 0 0
2881 1178 105 8 Name 0 0 0
2467 4 251 8 Name 0 0 0
791 1663 103 8 Name 0 0 0
1797 1014 187 8 Name 0 0 0
324 1801 57 8 Name 0 0 0
470 3903 224 8 Name 0 0 0
1169 3188 216 8 Name 0 0 0
374 3799 199 8 Name 0 0 0
3236 3442 157 8 Name 0 0 0
3794 3208 133 8 Name 0 0 0
189 2790 76 8 Name 0 0 0
2761 599 36 8 Name 0 0 0
3776 1766 21 8 Name 0 0 0
855 1472 39 8 Name 0 0 0
1656 1996 239 8 Name 0 0 0
558 413 234 8 Name 0 0 0
992 2836 55 8 Name 0 0 0
655 3829 219 8 Name 0 0 0
3814 81 32 8 Name 0 0 0
2451 1737 251 8 Name 0 0 0
599 3782 92 8 Name 0 0 0
2926 1876 252 8 Name 0 0 0
3804 2911 240 8 Name 0 0 0
2709 4096 191 8 Name 0 0 0
2586 2059 23 8 Name 0 0 0
2495 3084 51 8 Name 0 0 0
2565 2837 157 8 Name 0 0 0
738 446 54 8 Name 0 0 0
3033 2390 45 8 Name 0 0 0
682 3434 207 8 Name 0 0 0
1365 2175 197 8 Name 0 0 0
2435 112 240 8 Name 0 0 0
1281 1596 247 8 Name 0 0 0
213 1605 143 8 Name 0 0 0
2452 3518 59 8 Name 0 0 0
2657 3582 80 8 Name 0 0 0
2048 3069 166 8 Name 0 0 0
1155 391 123 8 Name 0 0 0
3054 3874 229 8 Name 0 0 0
443 2181 239 8 Name 0 0 0
1915 1291 143 8 Name 0 0 0
31 3471 45 8 Name 0 0 0
1836 3354 214 8 Name 0 0 0
1375 695 112 8 Name 0 0 0
2796 2712 252 8 Name 0 0 0
1948 62 224 8 Name 0 0 0
2393 2143 247 8 Name 0 0 0
2261 339 47 8 Name 0 0 0
1551 1488 88 8 Name 0 0 0
848 404 18 8 Name 0 0 0
764 425 239 8 Name 0 0 0
1282 2042 55 8 Name 0 0 0
1919 1989 108 8 Name 0 0 0
1957 3766 256 8 Name 0 0 0
2290 1911 35 8 Name 0 0 0
2364 2407 237 8 Name 0 0 0
2793 975 158 8 Name 0 0 0
1795 1837 142 8 Name 0 0 0
2785 2170 180 8 Name 0 0 0
3620 1111 168 8 Name 0 0 0
1585 3794 49 8 Name 0 0 0
1572 1655 29 8 Name 0 0 0
3085 1693 116 8 Name 0 0 0
3101 2896 40 8 Name 0 0 0
219 2576 190 8 Name 0 0 0
3989 1523 177 8 Name 0 0 0
3009 1964 130 8 Name 0 0 0
3414 1231 37 8 Name 0 0 0
113 3509 189 8 Name 0 0 0
2632 1229 180 8 Name 0 0 0
4074 2359 55 8 Name 0 0 0
906 1607 57 8 Name 0 0 0
3393 1803 60 8 Name 0 0 0
2204 1977 50 8 Name 0 0 0
1924 335 58 8 Name 0 0 0
4063 1309 240 8 Name 0 0 0
1357 896 70 8 Name 0 0 0
434 593 132 8 Name 0 0 0
2402 515 60 8 Name 0 0 0
2235 1266 59 8 Name 0 0 0
3127 1759 35 8 Name 0 0 0
3593 1808 186 8 Name 0 0 0
1801 582 101 8 Name 0 0 0
3221 2879 155 8 Name 0 0 0
330 3183 171 8 Name 0 0 0
932 1897 179 8 Name 0 0 0
2935 2067 127 8 Name 0 0 0
1970 2718 184 8 Name 0 0 0
3652 2955 110 8 Name 0 0 0
2912 3301 72 8 Name 0 0 0
2504 3929 188 8 Name 0 0 0
2648 4080 177 8 Name 0 0 0
3880 3305 254 8 Name 0 0 0
3320 1108 66 8 Name 0 0 0
99 1621 88 8 Name 0 0 0
2020 3444 233 8 Name 0 0 0
3826 2488 188 8 Name 0 0 0
1934 2728 91 8 Name 0 0 0
1416 2408 53 8 Name 0 0 0
3159 87 110 8 Name 0 0 0
49 3565 163 8 Name 0 0 0
693 2522 83 8 Name 0 0 0
1564 266 95 8 Name 0 0 0
637 2493 185 8 Name 0 0 0
3349 393 80 8 Name 0 0 0
1578 3297 237 8 Name 0 0 0
1752 310 163 8 Name 0 0 0
1028 2333 106 8 Name 0 0 0
1167 2381 130 8 Name 0 0 0
3811 3711 27 8 Name 0 0 0
274 298 47 8 Name 0 0 0
1315 1842 16 8 Name 0 0 0
1446 1832 218 8 Name 0 0 0
3127 3948 156 8 Name 0 0 0
392 2461 156 8 Name 0 0 0
2062 2582 143 8 Name 0 0 0
706 392 29 8 Name 0 0 0
1145 368 91 8 Name 0 0 0
2110 2584 219 8 Name 0 0 0
1326 2741 94 8 Name 0 0 0
1550 4044 178 8 Name 0 0 0
3417 1544 21 8 Name 0 0 0
2140 534 74 8 Name 0 0 0
231 3680 22 8 Name 0 0 0
320 155 76 8 Name 0 0 0
1417 3643 26 8 Name 0 0 0
2401 574 32 8 Name 0 0 0
2080 3801 151 8 Name 0 0 0
3578 1734 177 8 Name 0 0 0
3602 3811 166 8 Name 0 0 0
x-Min=0
x-Max=4096
y-Min=0
y-Max=4096
min label height=8.0
max label height=8.0
min label width=16.0
max label width=256
