1024
581 4235 57 16 Name 0 0 0
2254 2110 92 16 Name 0 0 0
2254 1135 95 16 Name 0 0 0
4562 142 96 16 Name 0 0 0
2678 3822 66 16 Name 0 0 0
2707 4097 100 16 Name 0 0 0
7625 979 49 16 Name 0 0 0
6069 7368 99 16 Name 0 0 0
3525 3571 108 16 Name 0 0 0
3614 1889 68 16 Name 0 0 0
5838 6868 115 16 Name 0 0 0
5687 5773 104 16 Name 0 0 0
3537 49 124 16 Name 0 0 0
2665 5247 39 16 Name 0 0 0
3332 1965 82 16 Name 0 0 0
7431 3587 85 16 Name 0 0 0
2812 5261 111 16 Name 0 0 0
5904 1853 65 16 Name 0 0 0
1393 6783 89 16 Name 0 0 0
5837 3605 105 16 Name 0 0 0
4279 4635 80 16 Name 0 0 0
3821 1020 90 16 Name 0 0 0
7249 1855 63 16 Name 0 0 0
4645 2482 114 16 Name 0 0 0
6316 28 116 16 Name 0 0 0
1714 4258 69 16 Name 0 0 0
5250 4671 62 16 Name 0 0 0
5994 8167 77 16 Name 0 0 0
3311 5395 117 16 Name 0 0 0
6405 396 71 16 Name 0 0 0
7880 6947 64 16 Name 0 0 0
6350 1371 98 16 Name 0 0 0
2039 6311 83 16 Name 0 0 0
6268 643 115 16 Name 0 0 0
2991 824 126 16 Name 0 0 0
5655 1899 96 16 Name 0 0 0
852 2734 105 16 Name 0 0 0
6440 3553 90 16 Name 0 0 0
1305 2186 119 16 Name 0 0 0
2310 5036 119 16 Name 0 0 0
1927 7757 46 16 Name 0 0 0
8146 6728 68 16 Name 0 0 0
314 7618 81 16 Name 0 0 0
4880 3563 71 16 Name 0 0 0
4843 5144 56 16 Name 0 0 0
3937 7351 71 16 Name 0 0 0
68 4795 109 16 Name 0 0 0
6576 3349 37 16 Name 0 0 0
899 7125 70 16 Name 0 0 0
6026 3175 34 16 Name 0 0 0
191 5782 123 16 Name 0 0 0
2030 7454 124 16 Name 0 0 0
5766 7941 71 16 Name 0 0 0
167 8038 46 16 Name 0 0 0
767 652 91 16 Name 0 0 0
7627 8049 65 16 Name 0 0 0
562 4664 53 16 Name 0 0 0
7167 4549 43 16 Name 0 0 0
3534 7872 86 16 Name 0 0 0
8149 4937 42 16 Name 0 0 0
2062 3368 36 16 Name 0 0 0
4285 7637 57 16 Name 0 0 0
5728 227 107 16 Name 0 0 0
2958 5522 89 16 Name 0 0 0
8068 4726 97 16 Name 0 0 0
1243 3908 84 16 Name 0 0 0
3432 7774 36 16 Name 0 0 0
6134 1702 74 16 Name 0 0 0
4835 2036 76 16 Name 0 0 0
4844 2822 48 16 Name 0 0 0
6035 1146 33 16 Name 0 0 0
614 6507 84 16 Name 0 0 0
2909 5118 36 16 Name 0 0 0
2624 824 38 16 Name 0 0 0
1727 5377 89 16 Name 0 0 0
5900 4508 50 16 Name 0 0 0
46 4341 76 16 Name 0 0 0
725 2157 59 16 Name 0 0 0
5298 2358 37 16 Name 0 0 0
3782 3624 57 16 Name 0 0 0
2189 4617 113 16 Name 0 0 0
3725 2328 53 16 Name 0 0 0
1465 1616 124 16 Name 0 0 0
7590 3776 81 16 Name 0 0 0
1428 4507 88 16 Name 0 0 0
5633 7470 51 16 Name 0 0 0
2267 216 92 16 Name 0 0 0
739 2450 79 16 Name 0 0 0
6959 6651 57 16 Name 0 0 0
7788 4220 88 16 Name 0 0 0
1311 1711 69 16 Name 0 0 0
482 7274 89 16 Name 0 0 0
2051 4344 127 16 Name 0 0 0
5075 6604 79 16 Name 0 0 0
7767 7352 124 16 Name 0 0 0
2227 1194 70 16 Name 0 0 0
1089 6414 73 16 Name 0 0 0
1969 7424 77 16 Name 0 0 0
1140 5019 47 16 Name 0 0 0
5919 7275 101 16 Name 0 0 0
5098 8052 121 16 Name 0 0 0
2340 5556 86 16 Name 0 0 0
2002 2594 38 16 Name 0 0 0
7551 5243 46 16 Name 0 0 0
8015 625 44 16 Name 0 0 0
2534 2277 48 16 Name 0 0 0
6685 5738 67 16 Name 0 0 0
2108 750 87 16 Name 0 0 0
3223 2697 84 16 Name 0 0 0
3831 4771 101 16 Name 0 0 0
8052 5593 40 16 Name 0 0 0
4289 6235 98 16 Name 0 0 0
1364 6490 84 16 Name 0 0 0
3364 8061 71 16 Name 0 0 0
701 3434 67 16 Name 0 0 0
7957 3927 105 16 Name 0 0 0
3104 6430 121 16 Name 0 0 0
7666 882 124 16 Name 0 0 0
5996 4163 89 16 Name 0 0 0
7759 889 76 16 Name 0 0 0
5426 6916 80 16 Name 0 0 0
7385 5738 45 16 Name 0 0 0
5698 5011 110 16 Name 0 0 0
4556 1952 104 16 Name 0 0 0
266 3106 48 16 Name 0 0 0
1177 7938 45 16 Name 0 0 0
5390 1191 72 16 Name 0 0 0
4973 7554 67 16 Name 0 0 0
677 3727 54 16 Name 0 0 0
2144 2664 113 16 Name 0 0 0
5523 2429 35 16 Name 0 0 0
366 7989 100 16 Name 0 0 0
2075 594 78 16 Name 0 0 0
7246 2034 121 16 Name 0 0 0
4142 62 66 16 Name 0 0 0
1897 1922 91 16 Name 0 0 0
7793 2670 119 16 Name 0 0 0
4100 8097 71 16 Name 0 0 0
7228 6505 59 16 Name 0 0 0
1528 4056 73 16 Name 0 0 0
6701 1073 79 16 Name 0 0 0
2193 5530 33 16 Name 0 0 0
7690 7720 62 16 Name 0 0 0
576 2539 33 16 Name 0 0 0
2252 4250 110 16 Name 0 0 0
1943 5688 69 16 Name 0 0 0
5357 4043 99 16 Name 0 0 0
1235 3144 39 16 Name 0 0 0
7140 6421 87 16 Name 0 0 0
2689 241 62 16 Name 0 0 0
4072 6190 46 16 Name 0 0 0
1601 8054 124 16 Name 0 0 0
1873 1229 63 16 Name 0 0 0
4508 7352 75 16 Name 0 0 0
2493 2183 91 16 Name 0 0 0
3806 8067 58 16 Name 0 0 0
3836 1582 34 16 Name 0 0 0
387 748 47 16 Name 0 0 0
1209 615 63 16 Name 0 0 0
8004 3964 126 16 Name 0 0 0
237 6143 86 16 Name 0 0 0
7746 1312 108 16 Name 0 0 0
3788 3014 79 16 Name 0 0 0
5151 494 47 16 Name 0 0 0
5696 1286 53 16 Name 0 0 0
5656 4838 93 16 Name 0 0 0
7052 7909 70 16 Name 0 0 0
934 7778 61 16 Name 0 0 0
7799 3792 99 16 Name 0 0 0
3815 2288 115 16 Name 0 0 0
1975 6983 94 16 Name 0 0 0
586 3947 88 16 Name 0 0 0
4988 4046 52 16 Name 0 0 0
3537 7369 34 16 Name 0 0 0
6559 4755 60 16 Name 0 0 0
2390 3843 123 16 Name 0 0 0
2691 3982 102 16 Name 0 0 0
5762 4693 80 16 Name 0 0 0
1049 3418 85 16 Name 0 0 0
6111 1108 71 16 Name 0 0 0
2976 2626 69 16 Name 0 0 0
2967 4728 97 16 Name 0 0 0
3684 2241 70 16 Name 0 0 0
8135 4613 97 16 Name 0 0 0
1913 3459 98 16 Name 0 0 0
3573 401 80 16 Name 0 0 0
6238 5255 74 16 Name 0 0 0
1769 4286 123 16 Name 0 0 0
3474 3457 113 16 Name 0 0 0
5653 7792 66 16 Name 0 0 0
2770 6916 53 16 Name 0 0 0
2477 50 92 16 Name 0 0 0
3693 5670 109 16 Name 0 0 0
3908 7186 106 16 Name 0 0 0
1628 1878 61 16 Name 0 0 0
6343 984 118 16 Name 0 0 0
3869 1011 86 16 Name 0 0 0
1344 156 56 16 Name 0 0 0
7058 1717 75 16 Name 0 0 0
4244 420 123 16 Name 0 0 0
7470 4216 40 16 Name 0 0 0
832 1963 85 16 Name 0 0 0
1393 1398 114 16 Name 0 0 0
1881 126 44 16 Name 0 0 0
6322 3594 86 16 Name 0 0 0
3535 6641 62 16 Name 0 0 0
357 1579 84 16 Name 0 0 0
4089 375 90 16 Name 0 0 0
6364 6433 128 16 Name 0 0 0
5247 6269 103 16 Name 0 0 0
7643 1766 106 16 Name 0 0 0
7524 2547 41 16 Name 0 0 0
204 7663 75 16 Name 0 0 0
5786 7154 63 16 Name 0 0 0
5200 5944 67 16 Name 0 0 0
4945 1693 44 16 Name 0 0 0
2994 8112 99 16 Name 0 0 0
4361 1652 124 16 Name 0 0 0
2471 3400 95 16 Name 0 0 0
6061 5111 59 16 Name 0 0 0
1017 4906 33 16 Name 0 0 0
3318 4939 46 16 Name 0 0 0
6771 6513 41 16 Name 0 0 0
8032 2200 95 16 Name 0 0 0
1047 7411 54 16 Name 0 0 0
6591 3796 91 16 Name 0 0 0
7796 7775 112 16 Name 0 0 0
5638 7468 100 16 Name 0 0 0
4226 8164 45 16 Name 0 0 0
3253 7582 124 16 Name 0 0 0
1317 4847 65 16 Name 0 0 0
6364 6643 77 16 Name 0 0 0
7757 1197 93 16 Name 0 0 0
5901 4551 45 16 Name 0 0 0
7963 4014 36 16 Name 0 0 0
4440 4335 67 16 Name 0 0 0
3807 1085 41 16 Name 0 0 0
6903 4589 127 16 Name 0 0 0
4552 2035 36 16 Name 0 0 0
454 2558 60 16 Name 0 0 0
2374 270 61 16 Name 0 0 0
4413 3834 80 16 Name 0 0 0
7342 872 113 16 Name 0 0 0
7383 7519 37 16 Name 0 0 0
2689 404 125 16 Name 0 0 0
5767 1154 82 16 Name 0 0 0
695 7458 54 16 Name 0 0 0
7118 4159 96 16 Name 0 0 0
7384 5363 81 16 Name 0 0 0
436 2369 42 16 Name 0 0 0
4782 5201 99 16 Name 0 0 0
6162 6038 99 16 Name 0 0 0
7482 3691 74 16 Name 0 0 0
7678 1751 98 16 Name 0 0 0
4062 361 54 16 Name 0 0 0
3591 7025 94 16 Name 0 0 0
6256 6437 49 16 Name 0 0 0
40 4011 47 16 Name 0 0 0
5395 5329 45 16 Name 0 0 0
8067 1336 60 16 Name 0 0 0
880 923 77 16 Name 0 0 0
7683 547 80 16 Name 0 0 0
3789 5011 33 16 Name 0 0 0
5445 4906 72 16 Name 0 0 0
8011 1052 47 16 Name 0 0 0
8065 417 52 16 Name 0 0 0
2686 4192 127 16 Name 0 0 0
6046 4902 107 16 Name 0 0 0
7261 1799 123 16 Name 0 0 0
1594 906 51 16 Name 0 0 0
3997 256 70 16 Name 0 0 0
1955 5045 123 16 Name 0 0 0
6238 3632 128 16 Name 0 0 0
3197 1746 120 16 Name 0 0 0
2314 4460 96 16 Name 0 0 0
6587 559 98 16 Name 0 0 0
3768 7951 105 16 Name 0 0 0
7549 23 92 16 Name 0 0 0
6139 2750 58 16 Name 0 0 0
3875 1296 119 16 Name 0 0 0
7587 651 60 16 Name 0 0 0
979 7489 94 16 Name 0 0 0
987 1564 93 16 Name 0 0 0
7599 4514 75 16 Name 0 0 0
7129 7561 58 16 Name 0 0 0
1514 3757 115 16 Name 0 0 0
4099 2168 109 16 Name 0 0 0
4422 2746 107 16 Name 0 0 0
5458 1546 123 16 Name 0 0 0
3174 4883 80 16 Name 0 0 0
2456 5613 38 16 Name 0 0 0
3183 5749 115 16 Name 0 0 0
1682 3305 113 16 Name 0 0 0
6609 5118 50 16 Name 0 0 0
23 6617 42 16 Name 0 0 0
1075 3578 43 16 Name 0 0 0
139 1445 69 16 Name 0 0 0
2641 7716 48 16 Name 0 0 0
4145 6780 70 16 Name 0 0 0
5653 436 92 16 Name 0 0 0
3197 5230 104 16 Name 0 0 0
1160 3109 47 16 Name 0 0 0
6652 160 69 16 Name 0 0 0
7337 6346 68 16 Name 0 0 0
5147 3850 35 16 Name 0 0 0
3122 1568 66 16 Name 0 0 0
2679 556 109 16 Name 0 0 0
5076 2865 75 16 Name 0 0 0
6448 4410 113 16 Name 0 0 0
2916 2444 76 16 Name 0 0 0
1453 7213 88 16 Name 0 0 0
990 5426 99 16 Name 0 0 0
6320 2339 116 16 Name 0 0 0
6287 6776 113 16 Name 0 0 0
6530 4707 98 16 Name 0 0 0
6758 1059 45 16 Name 0 0 0
943 3708 106 16 Name 0 0 0
6780 5200 72 16 Name 0 0 0
2941 7918 93 16 Name 0 0 0
3043 3943 63 16 Name 0 0 0
5486 5292 116 16 Name 0 0 0
1342 2968 100 16 Name 0 0 0
2110 950 45 16 Name 0 0 0
5602 1812 95 16 Name 0 0 0
5022 2971 39 16 Name 0 0 0
556 4739 101 16 Name 0 0 0
5926 5796 103 16 Name 0 0 0
6277 1005 121 16 Name 0 0 0
6358 6798 117 16 Name 0 0 0
3667 924 128 16 Name 0 0 0
1548 8125 105 16 Name 0 0 0
6446 4110 119 16 Name 0 0 0
2483 5084 91 16 Name 0 0 0
1822 5181 70 16 Name 0 0 0
7447 5826 37 16 Name 0 0 0
8024 1276 104 16 Name 0 0 0
740 5765 115 16 Name 0 0 0
5550 5864 112 16 Name 0 0 0
1898 1549 70 16 Name 0 0 0
1483 7901 53 16 Name 0 0 0
4091 283 52 16 Name 0 0 0
2759 6442 71 16 Name 0 0 0
6224 6163 122 16 Name 0 0 0
7026 2925 100 16 Name 0 0 0
2797 3707 36 16 Name 0 0 0
4931 1255 116 16 Name 0 0 0
1244 2109 121 16 Name 0 0 0
2224 3730 116 16 Name 0 0 0
2401 5375 93 16 Name 0 0 0
5904 734 87 16 Name 0 0 0
1129 1819 124 16 Name 0 0 0
5675 6201 119 16 Name 0 0 0
1424 2505 117 16 Name 0 0 0
4045 1095 45 16 Name 0 0 0
4855 3590 103 16 Name 0 0 0
3453 1893 69 16 Name 0 0 0
5528 1125 123 16 Name 0 0 0
1744 427 39 16 Name 0 0 0
6239 1946 38 16 Name 0 0 0
5630 1088 73 16 Name 0 0 0
2989 853 55 16 Name 0 0 0
1341 4533 47 16 Name 0 0 0
6462 1259 110 16 Name 0 0 0
361 4908 106 16 Name 0 0 0
8058 2267 102 16 Name 0 0 0
7156 4120 80 16 Name 0 0 0
7687 1275 78 16 Name 0 0 0
7980 6372 67 16 Name 0 0 0
4620 1378 107 16 Name 0 0 0
4240 2099 64 16 Name 0 0 0
2739 4685 91 16 Name 0 0 0
5440 6489 76 16 Name 0 0 0
3879 1937 56 16 Name 0 0 0
5659 7066 112 16 Name 0 0 0
3918 1586 116 16 Name 0 0 0
5014 7211 98 16 Name 0 0 0
4252 3489 80 16 Name 0 0 0
6134 7223 93 16 Name 0 0 0
3883 5371 40 16 Name 0 0 0
3677 7094 46 16 Name 0 0 0
1028 6376 53 16 Name 0 0 0
7878 434 84 16 Name 0 0 0
3837 4924 112 16 Name 0 0 0
6728 8109 66 16 Name 0 0 0
6153 4116 110 16 Name 0 0 0
7026 1519 86 16 Name 0 0 0
2079 6 115 16 Name 0 0 0
4683 6764 108 16 Name 0 0 0
307 2700 61 16 Name 0 0 0
2627 4022 43 16 Name 0 0 0
8068 2436 59 16 Name 0 0 0
6870 6898 120 16 Name 0 0 0
100 1075 53 16 Name 0 0 0
6257 4759 116 16 Name 0 0 0
8172 2651 59 16 Name 0 0 0
7793 532 52 16 Name 0 0 0
1712 3934 109 16 Name 0 0 0
4655 5436 36 16 Name 0 0 0
6363 8130 64 16 Name 0 0 0
1483 1252 47 16 Name 0 0 0
3405 7481 53 16 Name 0 0 0
1182 7062 121 16 Name 0 0 0
4658 417 38 16 Name 0 0 0
2642 4513 84 16 Name 0 0 0
4705 3580 127 16 Name 0 0 0
4723 6451 96 16 Name 0 0 0
1070 3808 127 16 Name 0 0 0
6659 5755 112 16 Name 0 0 0
5284 1218 77 16 Name 0 0 0
3895 1133 113 16 Name 0 0 0
6037 6075 52 16 Name 0 0 0
6280 2696 62 16 Name 0 0 0
2820 902 113 16 Name 0 0 0
5735 7314 117 16 Name 0 0 0
6508 3763 68 16 Name 0 0 0
5757 717 96 16 Name 0 0 0
6882 7428 96 16 Name 0 0 0
2643 7987 64 16 Name 0 0 0
1797 6507 56 16 Name 0 0 0
3763 6392 48 16 Name 0 0 0
6813 415 121 16 Name 0 0 0
1716 1450 67 16 Name 0 0 0
3689 673 115 16 Name 0 0 0
7969 3618 118 16 Name 0 0 0
3310 6312 116 16 Name 0 0 0
5459 1800 47 16 Name 0 0 0
1095 5501 63 16 Name 0 0 0
5066 6123 120 16 Name 0 0 0
3112 717 88 16 Name 0 0 0
8110 977 65 16 Name 0 0 0
276 2830 54 16 Name 0 0 0
5019 3615 43 16 Name 0 0 0
1201 1916 94 16 Name 0 0 0
524 1170 127 16 Name 0 0 0
1215 4670 97 16 Name 0 0 0
6111 3941 60 16 Name 0 0 0
2791 6419 116 16 Name 0 0 0
1622 4866 93 16 Name 0 0 0
4066 5667 110 16 Name 0 0 0
428 541 90 16 Name 0 0 0
3051 7214 69 16 Name 0 0 0
501 5311 56 16 Name 0 0 0
7888 400 97 16 Name 0 0 0
6582 7547 116 16 Name 0 0 0
6083 946 70 16 Name 0 0 0
8061 736 86 16 Name 0 0 0
7209 5207 54 16 Name 0 0 0
4640 5085 83 16 Name 0 0 0
7063 2045 85 16 Name 0 0 0
5351 7929 102 16 Name 0 0 0
3719 1248 109 16 Name 0 0 0
8003 973 104 16 Name 0 0 0
6281 5993 105 16 Name 0 0 0
6832 1801 68 16 Name 0 0 0
297 5199 82 16 Name 0 0 0
3726 4757 66 16 Name 0 0 0
4181 1087 62 16 Name 0 0 0
2330 3525 93 16 Name 0 0 0
7383 4919 108 16 Name 0 0 0
4388 5941 74 16 Name 0 0 0
450 5087 104 16 Name 0 0 0
8138 2460 120 16 Name 0 0 0
7147 522 109 16 Name 0 0 0
7991 6951 100 16 Name 0 0 0
841 6056 90 16 Name 0 0 0
4788 2860 64 16 Name 0 0 0
2937 7885 64 16 Name 0 0 0
1961 6025 100 16 Name 0 0 0
7261 5223 35 16 Name 0 0 0
6754 4804 49 16 Name 0 0 0
6873 2860 115 16 Name 0 0 0
5442 3464 47 16 Name 0 0 0
913 1299 78 16 Name 0 0 0
8151 4650 113 16 Name 0 0 0
4058 1037 91 16 Name 0 0 0
4123 115 45 16 Name 0 0 0
4050 5923 89 16 Name 0 0 0
6555 5342 44 16 Name 0 0 0
7901 6255 38 16 Name 0 0 0
5647 3390 93 16 Name 0 0 0
4694 3981 38 16 Name 0 0 0
6316 3077 95 16 Name 0 0 0
2285 5185 37 16 Name 0 0 0
1587 2613 68 16 Name 0 0 0
1729 6698 50 16 Name 0 0 0
1464 4426 91 16 Name 0 0 0
3682 6127 95 16 Name 0 0 0
8018 7548 43 16 Name 0 0 0
1691 2879 33 16 Name 0 0 0
1214 5488 54 16 Name 0 0 0
2648 7352 89 16 Name 0 0 0
8040 1860 100 16 Name 0 0 0
1125 6901 61 16 Name 0 0 0
865 3018 92 16 Name 0 0 0
3079 874 119 16 Name 0 0 0
5190 5139 86 16 Name 0 0 0
2073 6997 46 16 Name 0 0 0
3325 6478 86 16 Name 0 0 0
1203 5436 79 16 Name 0 0 0
2479 6710 43 16 Name 0 0 0
4180 6199 93 16 Name 0 0 0
1588 3730 53 16 Name 0 0 0
5755 388 123 16 Name 0 0 0
427 759 125 16 Name 0 0 0
594 6457 108 16 Name 0 0 0
1623 3572 75 16 Name 0 0 0
2517 606 96 16 Name 0 0 0
2784 5347 74 16 Name 0 0 0
4057 4751 98 16 Name 0 0 0
6217 2521 61 16 Name 0 0 0
7164 3340 87 16 Name 0 0 0
3390 6109 114 16 Name 0 0 0
2804 5491 34 16 Name 0 0 0
6343 6600 87 16 Name 0 0 0
3342 6714 120 16 Name 0 0 0
8069 1238 94 16 Name 0 0 0
4227 5393 111 16 Name 0 0 0
7542 7638 112 16 Name 0 0 0
194 7206 79 16 Name 0 0 0
5738 6204 65 16 Name 0 0 0
4084 1333 98 16 Name 0 0 0
3465 7862 107 16 Name 0 0 0
7953 1400 95 16 Name 0 0 0
8176 2282 91 16 Name 0 0 0
6 4322 107 16 Name 0 0 0
6219 7753 113 16 Name 0 0 0
7643 4693 116 16 Name 0 0 0
1693 5220 92 16 Name 0 0 0
6502 5116 41 16 Name 0 0 0
2900 4990 105 16 Name 0 0 0
2251 2207 94 16 Name 0 0 0
4013 2356 39 16 Name 0 0 0
1266 3874 95 16 Name 0 0 0
2958 2077 87 16 Name 0 0 0
5240 6340 74 16 Name 0 0 0
6936 5348 80 16 Name 0 0 0
4193 7849 71 16 Name 0 0 0
8 7917 53 16 Name 0 0 0
1299 3581 51 16 Name 0 0 0
5457 2521 116 16 Name 0 0 0
2233 3998 46 16 Name 0 0 0
3042 38 67 16 Name 0 0 0
4095 6914 70 16 Name 0 0 0
4860 7913 53 16 Name 0 0 0
2802 7527 79 16 Name 0 0 0
1143 336 59 16 Name 0 0 0
1039 7743 83 16 Name 0 0 0
818 3753 127 16 Name 0 0 0
2033 2155 68 16 Name 0 0 0
6443 1257 114 16 Name 0 0 0
7357 5113 47 16 Name 0 0 0
2430 8002 74 16 Name 0 0 0
1109 6364 81 16 Name 0 0 0
1359 5771 108 16 Name 0 0 0
6951 3521 83 16 Name 0 0 0
5669 2621 115 16 Name 0 0 0
6292 1545 51 16 Name 0 0 0
1674 1426 89 16 Name 0 0 0
3199 4827 35 16 Name 0 0 0
3286 3650 69 16 Name 0 0 0
1209 7148 53 16 Name 0 0 0
571 3973 54 16 Name 0 0 0
2580 1026 59 16 Name 0 0 0
636 7737 51 16 Name 0 0 0
7176 1188 43 16 Name 0 0 0
7110 4028 119 16 Name 0 0 0
172 1841 56 16 Name 0 0 0
7668 4015 100 16 Name 0 0 0
7243 552 109 16 Name 0 0 0
670 4985 40 16 Name 0 0 0
972 5744 60 16 Name 0 0 0
6560 379 79 16 Name 0 0 0
8024 7441 56 16 Name 0 0 0
5571 5086 87 16 Name 0 0 0
1262 6698 111 16 Name 0 0 0
6957 2848 55 16 Name 0 0 0
1422 1829 96 16 Name 0 0 0
7655 4924 127 16 Name 0 0 0
5633 4939 103 16 Name 0 0 0
7863 3880 106 16 Name 0 0 0
8069 4275 77 16 Name 0 0 0
8155 3453 90 16 Name 0 0 0
118 7678 95 16 Name 0 0 0
46 7655 97 16 Name 0 0 0
3657 6795 46 16 Name 0 0 0
21 6217 58 16 Name 0 0 0
1332 3664 63 16 Name 0 0 0
860 3014 122 16 Name 0 0 0
6587 3261 78 16 Name 0 0 0
276 277 60 16 Name 0 0 0
2328 7368 116 16 Name 0 0 0
1938 7386 124 16 Name 0 0 0
7525 5368 103 16 Name 0 0 0
1561 5748 75 16 Name 0 0 0
8181 1905 119 16 Name 0 0 0
2679 1410 78 16 Name 0 0 0
6143 3964 46 16 Name 0 0 0
7796 324 108 16 Name 0 0 0
4323 2704 109 16 Name 0 0 0
2705 1932 96 16 Name 0 0 0
3758 4481 55 16 Name 0 0 0
4944 2606 97 16 Name 0 0 0
7000 1040 60 16 Name 0 0 0
7080 4752 52 16 Name 0 0 0
1502 2365 51 16 Name 0 0 0
4987 630 40 16 Name 0 0 0
6787 6258 91 16 Name 0 0 0
2318 183 119 16 Name 0 0 0
4229 1182 75 16 Name 0 0 0
162 3901 97 16 Name 0 0 0
1431 7084 54 16 Name 0 0 0
1286 6456 64 16 Name 0 0 0
7815 674 96 16 Name 0 0 0
7351 3643 89 16 Name 0 0 0
4880 2802 105 16 Name 0 0 0
2764 1046 59 16 Name 0 0 0
1612 1292 77 16 Name 0 0 0
6691 5921 50 16 Name 0 0 0
5934 3634 65 16 Name 0 0 0
7762 3878 100 16 Name 0 0 0
1255 1231 41 16 Name 0 0 0
273 3443 116 16 Name 0 0 0
222 5861 123 16 Name 0 0 0
2102 1231 96 16 Name 0 0 0
6405 380 79 16 Name 0 0 0
6507 2210 117 16 Name 0 0 0
6489 1185 52 16 Name 0 0 0
6605 6486 53 16 Name 0 0 0
1004 1029 120 16 Name 0 0 0
7855 4468 104 16 Name 0 0 0
2315 258 32 16 Name 0 0 0
6337 2616 120 16 Name 0 0 0
5727 69 98 16 Name 0 0 0
4556 3028 46 16 Name 0 0 0
3107 1554 38 16 Name 0 0 0
1204 4279 33 16 Name 0 0 0
4647 552 43 16 Name 0 0 0
1847 5897 122 16 Name 0 0 0
2307 746 109 16 Name 0 0 0
1548 4360 42 16 Name 0 0 0
560 3751 82 16 Name 0 0 0
3223 337 47 16 Name 0 0 0
4627 6804 52 16 Name 0 0 0
1132 7387 56 16 Name 0 0 0
7861 8174 60 16 Name 0 0 0
5672 2441 76 16 Name 0 0 0
2226 5104 102 16 Name 0 0 0
2649 5488 110 16 Name 0 0 0
1621 1876 89 16 Name 0 0 0
2311 2514 123 16 Name 0 0 0
3720 7816 127 16 Name 0 0 0
7663 7850 52 16 Name 0 0 0
3634 3292 62 16 Name 0 0 0
4247 2459 33 16 Name 0 0 0
7583 1815 73 16 Name 0 0 0
1698 5184 120 16 Name 0 0 0
7870 3975 40 16 Name 0 0 0
7655 4035 107 16 Name 0 0 0
265 6696 110 16 Name 0 0 0
1386 3920 120 16 Name 0 0 0
3824 405 42 16 Name 0 0 0
1428 2440 60 16 Name 0 0 0
539 5766 72 16 Name 0 0 0
532 7180 49 16 Name 0 0 0
7514 2712 117 16 Name 0 0 0
6421 5006 61 16 Name 0 0 0
3737 385 37 16 Name 0 0 0
6278 58 128 16 Name 0 0 0
2790 3509 125 16 Name 0 0 0
7098 7075 80 16 Name 0 0 0
1846 5151 123 16 Name 0 0 0
1255 1589 66 16 Name 0 0 0
6993 3264 116 16 Name 0 0 0
4600 4608 59 16 Name 0 0 0
5551 7162 51 16 Name 0 0 0
6182 5347 41 16 Name 0 0 0
1630 7484 120 16 Name 0 0 0
633 5309 102 16 Name 0 0 0
1984 1787 88 16 Name 0 0 0
1300 4415 124 16 Name 0 0 0
4009 1530 101 16 Name 0 0 0
7020 3312 61 16 Name 0 0 0
7722 2506 45 16 Name 0 0 0
3348 3939 62 16 Name 0 0 0
5049 5563 128 16 Name 0 0 0
6586 7922 97 16 Name 0 0 0
1804 6894 37 16 Name 0 0 0
3395 3428 89 16 Name 0 0 0
5183 5574 127 16 Name 0 0 0
7580 1767 72 16 Name 0 0 0
6653 1930 73 16 Name 0 0 0
613 1333 127 16 Name 0 0 0
2258 7961 54 16 Name 0 0 0
5740 6871 88 16 Name 0 0 0
6987 6242 64 16 Name 0 0 0
2384 4486 92 16 Name 0 0 0
2196 5246 82 16 Name 0 0 0
4182 2967 54 16 Name 0 0 0
2619 1427 91 16 Name 0 0 0
4522 6330 44 16 Name 0 0 0
4757 6828 52 16 Name 0 0 0
1762 402 105 16 Name 0 0 0
2486 944 66 16 Name 0 0 0
5799 6188 122 16 Name 0 0 0
8100 2711 67 16 Name 0 0 0
4898 2655 61 16 Name 0 0 0
4584 7057 68 16 Name 0 0 0
3064 5379 52 16 Name 0 0 0
6688 4226 68 16 Name 0 0 0
7331 5103 40 16 Name 0 0 0
2324 7352 88 16 Name 0 0 0
525 6075 110 16 Name 0 0 0
7040 2132 114 16 Name 0 0 0
4160 3089 54 16 Name 0 0 0
5379 2610 52 16 Name 0 0 0
4084 4606 38 16 Name 0 0 0
1482 3157 65 16 Name 0 0 0
4515 6220 102 16 Name 0 0 0
1137 2273 35 16 Name 0 0 0
6967 7352 49 16 Name 0 0 0
6143 6317 82 16 Name 0 0 0
1597 315 120 16 Name 0 0 0
8161 2323 82 16 Name 0 0 0
4506 7560 87 16 Name 0 0 0
3421 871 98 16 Name 0 0 0
3484 2087 100 16 Name 0 0 0
6319 5301 82 16 Name 0 0 0
1644 7193 116 16 Name 0 0 0
3417 5327 121 16 Name 0 0 0
6694 3834 106 16 Name 0 0 0
6595 5972 80 16 Name 0 0 0
7395 6757 34 16 Name 0 0 0
4443 871 50 16 Name 0 0 0
5890 7748 69 16 Name 0 0 0
4625 504 124 16 Name 0 0 0
4650 7743 73 16 Name 0 0 0
729 1874 120 16 Name 0 0 0
2152 2151 86 16 Name 0 0 0
3922 3076 64 16 Name 0 0 0
6890 3157 91 16 Name 0 0 0
2757 7885 113 16 Name 0 0 0
6900 6178 120 16 Name 0 0 0
5652 3070 86 16 Name 0 0 0
4916 5075 109 16 Name 0 0 0
3071 1633 93 16 Name 0 0 0
5493 80 33 16 Name 0 0 0
3132 2810 74 16 Name 0 0 0
559 5903 81 16 Name 0 0 0
3593 6842 41 16 Name 0 0 0
3487 6230 100 16 Name 0 0 0
224 1634 74 16 Name 0 0 0
1485 4342 120 16 Name 0 0 0
7638 5316 55 16 Name 0 0 0
4535 6722 75 16 Name 0 0 0
4629 1047 113 16 Name 0 0 0
3525 4820 119 16 Name 0 0 0
6998 1083 113 16 Name 0 0 0
3931 2999 50 16 Name 0 0 0
3033 4586 95 16 Name 0 0 0
1727 503 92 16 Name 0 0 0
7046 5954 39 16 Name 0 0 0
2897 2497 121 16 Name 0 0 0
2575 864 122 16 Name 0 0 0
6997 8096 103 16 Name 0 0 0
3207 6119 33 16 Name 0 0 0
1230 2428 64 16 Name 0 0 0
5516 5850 123 16 Name 0 0 0
4844 436 84 16 Name 0 0 0
5845 1503 93 16 Name 0 0 0
7558 293 69 16 Name 0 0 0
6237 2488 120 16 Name 0 0 0
4939 3859 59 16 Name 0 0 0
3267 7421 103 16 Name 0 0 0
3041 4938 116 16 Name 0 0 0
5001 2528 38 16 Name 0 0 0
956 5377 35 16 Name 0 0 0
1098 3944 69 16 Name 0 0 0
2825 5193 41 16 Name 0 0 0
667 5099 97 16 Name 0 0 0
4966 7850 96 16 Name 0 0 0
3134 31 117 16 Name 0 0 0
5709 2464 111 16 Name 0 0 0
1530 5968 65 16 Name 0 0 0
1003 4227 70 16 Name 0 0 0
7562 840 119 16 Name 0 0 0
4489 4980 120 16 Name 0 0 0
1072 4421 50 16 Name 0 0 0
3484 5678 89 16 Name 0 0 0
5650 691 93 16 Name 0 0 0
5678 2874 103 16 Name 0 0 0
7879 7989 37 16 Name 0 0 0
1019 5547 54 16 Name 0 0 0
8042 1030 76 16 Name 0 0 0
5947 2778 123 16 Name 0 0 0
6366 6055 92 16 Name 0 0 0
136 7500 100 16 Name 0 0 0
3226 1956 50 16 Name 0 0 0
260 358 125 16 Name 0 0 0
1949 3940 53 16 Name 0 0 0
416 4358 55 16 Name 0 0 0
6933 7763 118 16 Name 0 0 0
6570 2842 65 16 Name 0 0 0
7675 1445 74 16 Name 0 0 0
4268 4422 50 16 Name 0 0 0
2457 7025 90 16 Name 0 0 0
2659 4232 91 16 Name 0 0 0
4005 863 128 16 Name 0 0 0
4140 2448 98 16 Name 0 0 0
6384 2946 72 16 Name 0 0 0
7392 2889 97 16 Name 0 0 0
1245 754 96 16 Name 0 0 0
7120 7380 54 16 Name 0 0 0
6324 7556 116 16 Name 0 0 0
286 1243 52 16 Name 0 0 0
5092 2170 32 16 Name 0 0 0
3472 5865 86 16 Name 0 0 0
4975 3897 78 16 Name 0 0 0
61 8038 75 16 Name 0 0 0
684 7868 44 16 Name 0 0 0
3461 6211 49 16 Name 0 0 0
5878 606 88 16 Name 0 0 0
1621 6707 47 16 Name 0 0 0
4155 4770 54 16 Name 0 0 0
7462 7657 116 16 Name 0 0 0
1564 2250 93 16 Name 0 0 0
4197 3235 73 16 Name 0 0 0
959 3068 72 16 Name 0 0 0
4716 1574 85 16 Name 0 0 0
6900 1640 34 16 Name 0 0 0
3085 7554 72 16 Name 0 0 0
2867 8138 125 16 Name 0 0 0
4108 1 44 16 Name 0 0 0
6538 832 118 16 Name 0 0 0
7300 1777 123 16 Name 0 0 0
7347 7925 106 16 Name 0 0 0
541 640 121 16 Name 0 0 0
2232 2302 83 16 Name 0 0 0
6848 6622 67 16 Name 0 0 0
5950 4688 71 16 Name 0 0 0
8160 7035 38 16 Name 0 0 0
2016 1960 90 16 Name 0 0 0
401 6722 39 16 Name 0 0 0
4923 410 101 16 Name 0 0 0
994 4838 64 16 Name 0 0 0
3296 4280 79 16 Name 0 0 0
6403 4702 79 16 Name 0 0 0
2575 227 104 16 Name 0 0 0
7218 6566 116 16 Name 0 0 0
1797 6659 64 16 Name 0 0 0
1460 7947 91 16 Name 0 0 0
6722 4351 122 16 Name 0 0 0
2276 3240 78 16 Name 0 0 0
7606 165 104 16 Name 0 0 0
4299 6078 103 16 Name 0 0 0
6639 5722 81 16 Name 0 0 0
5799 3284 99 16 Name 0 0 0
1970 3824 49 16 Name 0 0 0
6589 2150 88 16 Name 0 0 0
5378 7877 76 16 Name 0 0 0
1636 3286 78 16 Name 0 0 0
4552 7576 81 16 Name 0 0 0
2767 770 107 16 Name 0 0 0
5473 2528 112 16 Name 0 0 0
2111 2423 51 16 Name 0 0 0
5698 1190 113 16 Name 0 0 0
7860 973 77 16 Name 0 0 0
137 6947 124 16 Name 0 0 0
7802 387 117 16 Name 0 0 0
1656 5357 50 16 Name 0 0 0
8042 7896 99 16 Name 0 0 0
6399 4473 97 16 Name 0 0 0
5382 200 92 16 Name 0 0 0
7049 3854 97 16 Name 0 0 0
2045 1419 110 16 Name 0 0 0
8080 8056 61 16 Name 0 0 0
5981 5769 55 16 Name 0 0 0
1937 2633 69 16 Name 0 0 0
7435 3895 122 16 Name 0 0 0
524 3519 93 16 Name 0 0 0
401 5341 110 16 Name 0 0 0
5847 3342 46 16 Name 0 0 0
4840 950 121 16 Name 0 0 0
6948 3699 104 16 Name 0 0 0
1539 1362 85 16 Name 0 0 0
7485 4271 41 16 Name 0 0 0
5381 7441 119 16 Name 0 0 0
3327 5269 96 16 Name 0 0 0
563 152 113 16 Name 0 0 0
4540 2253 42 16 Name 0 0 0
6321 191 49 16 Name 0 0 0
5483 3047 120 16 Name 0 0 0
5605 7716 117 16 Name 0 0 0
2504 5955 116 16 Name 0 0 0
3262 2071 35 16 Name 0 0 0
6650 4202 107 16 Name 0 0 0
4595 5810 69 16 Name 0 0 0
5892 3288 107 16 Name 0 0 0
3448 6509 66 16 Name 0 0 0
1991 4139 47 16 Name 0 0 0
489 4970 54 16 Name 0 0 0
2814 5397 41 16 Name 0 0 0
8044 3452 34 16 Name 0 0 0
4340 4520 70 16 Name 0 0 0
2585 2183 70 16 Name 0 0 0
814 6727 66 16 Name 0 0 0
7662 5366 80 16 Name 0 0 0
2373 1653 96 16 Name 0 0 0
3405 6343 76 16 Name 0 0 0
3789 5558 63 16 Name 0 0 0
7103 707 121 16 Name 0 0 0
6340 8138 64 16 Name 0 0 0
6707 815 35 16 Name 0 0 0
302 2994 79 16 Name 0 0 0
4498 5436 84 16 Name 0 0 0
4171 4416 81 16 Name 0 0 0
7446 455 122 16 Name 0 0 0
7001 6931 59 16 Name 0 0 0
296 720 80 16 Name 0 0 0
2048 2385 82 16 Name 0 0 0
1260 2988 125 16 Name 0 0 0
4974 7283 91 16 Name 0 0 0
7632 4681 41 16 Name 0 0 0
2161 5085 56 16 Name 0 0 0
5854 7016 76 16 Name 0 0 0
5952 6624 71 16 Name 0 0 0
2399 5135 57 16 Name 0 0 0
1372 3598 108 16 Name 0 0 0
6928 5007 86 16 Name 0 0 0
1369 164 93 16 Name 0 0 0
6587 6255 99 16 Name 0 0 0
5134 592 126 16 Name 0 0 0
2587 3269 110 16 Name 0 0 0
7863 2024 91 16 Name 0 0 0
5577 3940 66 16 Name 0 0 0
4368 2631 82 16 Name 0 0 0
688 4834 40 16 Name 0 0 0
4192 2784 57 16 Name 0 0 0
3745 4472 64 16 Name 0 0 0
6552 3644 118 16 Name 0 0 0
1814 2207 76 16 Name 0 0 0
191 1302 60 16 Name 0 0 0
144 2897 91 16 Name 0 0 0
5482 7621 109 16 Name 0 0 0
4255 7900 76 16 Name 0 0 0
2041 2100 87 16 Name 0 0 0
7253 7153 97 16 Name 0 0 0
3108 2857 41 16 Name 0 0 0
7014 6713 41 16 Name 0 0 0
5813 5200 93 16 Name 0 0 0
2089 4913 81 16 Name 0 0 0
376 4177 99 16 Name 0 0 0
4787 5554 83 16 Name 0 0 0
4091 4405 113 16 Name 0 0 0
539 6425 118 16 Name 0 0 0
2508 3051 84 16 Name 0 0 0
5206 1092 49 16 Name 0 0 0
6999 2309 75 16 Name 0 0 0
112 8052 96 16 Name 0 0 0
2041 6330 43 16 Name 0 0 0
7424 2369 82 16 Name 0 0 0
8050 7016 89 16 Name 0 0 0
1405 752 123 16 Name 0 0 0
7296 5147 99 16 Name 0 0 0
7455 6638 89 16 Name 0 0 0
497 6436 69 16 Name 0 0 0
1544 4034 88 16 Name 0 0 0
8065 610 107 16 Name 0 0 0
5106 2593 110 16 Name 0 0 0
5123 7607 34 16 Name 0 0 0
4408 347 104 16 Name 0 0 0
2986 1222 76 16 Name 0 0 0
8022 1583 105 16 Name 0 0 0
5218 8007 69 16 Name 0 0 0
762 6254 34 16 Name 0 0 0
3103 249 122 16 Name 0 0 0
6009 6671 117 16 Name 0 0 0
1044 6102 59 16 Name 0 0 0
4364 1282 72 16 Name 0 0 0
7076 1932 51 16 Name 0 0 0
2439 742 53 16 Name 0 0 0
5601 4102 95 16 Name 0 0 0
8038 1481 42 16 Name 0 0 0
2143 3926 69 16 Name 0 0 0
5851 1163 111 16 Name 0 0 0
1267 4074 96 16 Name 0 0 0
3925 7661 66 16 Name 0 0 0
3498 5017 44 16 Name 0 0 0
3755 6922 107 16 Name 0 0 0
3363 3253 112 16 Name 0 0 0
4460 7323 109 16 Name 0 0 0
4773 6235 48 16 Name 0 0 0
5360 6237 120 16 Name 0 0 0
117 2416 65 16 Name 0 0 0
1179 6843 86 16 Name 0 0 0
5193 5301 122 16 Name 0 0 0
5606 1434 62 16 Name 0 0 0
1383 7714 94 16 Name 0 0 0
1279 2267 104 16 Name 0 0 0
1568 810 35 16 Name 0 0 0
1797 3041 83 16 Name 0 0 0
3046 1579 90 16 Name 0 0 0
8098 979 51 16 Name 0 0 0
8176 1065 54 16 Name 0 0 0
2877 6033 103 16 Name 0 0 0
1586 661 72 16 Name 0 0 0
7218 5161 108 16 Name 0 0 0
5389 1760 38 16 Name 0 0 0
3618 470 66 16 Name 0 0 0
5042 6340 94 16 Name 0 0 0
5302 636 69 16 Name 0 0 0
2900 46 82 16 Name 0 0 0
2295 7924 64 16 Name 0 0 0
4245 136 35 16 Name 0 0 0
3131 5998 102 16 Name 0 0 0
824 7414 91 16 Name 0 0 0
5109 7070 54 16 Name 0 0 0
5825 1886 35 16 Name 0 0 0
2937 5323 123 16 Name 0 0 0
491 5446 102 16 Name 0 0 0
5116 947 110 16 Name 0 0 0
6583 591 90 16 Name 0 0 0
784 6217 34 16 Name 0 0 0
5930 1235 73 16 Name 0 0 0
7180 1340 35 16 Name 0 0 0
x-Min=0
x-Max=8192
y-Min=0
y-Max=8192
min label height=16.0
max label height=16.0
min label width=32.0
max label width=128.0
