1024
978 242 57 2 Name 0 0 0
126 852 4 2 Name 0 0 0
428 965 51 2 Name 0 0 0
473 684 26 2 Name 0 0 0
563 847 45 2 Name 0 0 0
577 230 53 2 Name 0 0 0
380 329 63 2 Name 0 0 0
286 327 35 2 Name 0 0 0
482 394 50 2 Name 0 0 0
879 77 43 2 Name 0 0 0
598 64 39 2 Name 0 0 0
810 24 29 2 Name 0 0 0
755 460 45 2 Name 0 0 0
597 606 4 2 Name 0 0 0
589 486 27 2 Name 0 0 0
388 970 34 2 Name 0 0 0
444 216 57 2 Name 0 0 0
602 73 6 2 Name 0 0 0
849 114 14 2 Name 0 0 0
882 402 48 2 Name 0 0 0
325 44 57 2 Name 0 0 0
778 32 50 2 Name 0 0 0
467 204 22 2 Name 0 0 0
498 241 45 2 Name 0 0 0
475 254 41 2 Name 0 0 0
279 288 22 2 Name 0 0 0
256 924 43 2 Name 0 0 0
872 604 37 2 Name 0 0 0
982 731 53 2 Name 0 0 0
841 861 52 2 Name 0 0 0
179 196 18 2 Name 0 0 0
762 265 57 2 Name 0 0 0
978 439 56 2 Name 0 0 0
440 931 38 2 Name 0 0 0
973 291 11 2 Name 0 0 0
924 423 50 2 Name 0 0 0
451 997 33 2 Name 0 0 0
675 399 52 2 Name 0 0 0
243 202 34 2 Name 0 0 0
907 553 24 2 Name 0 0 0
128 860 63 2 Name 0 0 0
817 780 7 2 Name 0 0 0
913 787 61 2 Name 0 0 0
910 393 55 2 Name 0 0 0
998 531 10 2 Name 0 0 0
66 274 15 2 Name 0 0 0
293 63 13 2 Name 0 0 0
183 539 36 2 Name 0 0 0
631 661 28 2 Name 0 0 0
599 899 11 2 Name 0 0 0
66 240 36 2 Name 0 0 0
335 949 35 2 Name 0 0 0
504 756 35 2 Name 0 0 0
842 531 63 2 Name 0 0 0
698 329 63 2 Name 0 0 0
243 722 13 2 Name 0 0 0
508 822 26 2 Name 0 0 0
264 652 23 2 Name 0 0 0
808 185 26 2 Name 0 0 0
132 810 38 2 Name 0 0 0
858 994 52 2 Name 0 0 0
1017 240 14 2 Name 0 0 0
807 961 44 2 Name 0 0 0
163 326 20 2 Name 0 0 0
820 743 19 2 Name 0 0 0
825 374 19 2 Name 0 0 0
984 511 38 2 Name 0 0 0
637 307 33 2 Name 0 0 0
709 717 43 2 Name 0 0 0
442 754 19 2 Name 0 0 0
563 631 14 2 Name 0 0 0
594 724 5 2 Name 0 0 0
6 576 40 2 Name 0 0 0
28 886 37 2 Name 0 0 0
318 318 24 2 Name 0 0 0
160 93 62 2 Name 0 0 0
506 894 37 2 Name 0 0 0
321 524 10 2 Name 0 0 0
964 475 7 2 Name 0 0 0
273 522 36 2 Name 0 0 0
412 45 17 2 Name 0 0 0
432 514 12 2 Name 0 0 0
126 292 12 2 Name 0 0 0
975 318 18 2 Name 0 0 0
178 599 33 2 Name 0 0 0
61 904 29 2 Name 0 0 0
376 125 42 2 Name 0 0 0
640 696 61 2 Name 0 0 0
983 805 15 2 Name 0 0 0
619 676 57 2 Name 0 0 0
557 1010 62 2 Name 0 0 0
712 257 59 2 Name 0 0 0
189 94 32 2 Name 0 0 0
869 62 37 2 Name 0 0 0
294 497 57 2 Name 0 0 0
554 847 22 2 Name 0 0 0
633 588 21 2 Name 0 0 0
772 871 10 2 Name 0 0 0
830 153 19 2 Name 0 0 0
903 389 59 2 Name 0 0 0
985 399 55 2 Name 0 0 0
645 221 35 2 Name 0 0 0
222 543 24 2 Name 0 0 0
108 545 7 2 Name 0 0 0
481 684 35 2 Name 0 0 0
819 184 6 2 Name 0 0 0
623 522 58 2 Name 0 0 0
642 152 21 2 Name 0 0 0
496 877 25 2 Name 0 0 0
693 393 47 2 Name 0 0 0
915 9 18 2 Name 0 0 0
35 835 7 2 Name 0 0 0
932 121 51 2 Name 0 0 0
769 75 14 2 Name 0 0 0
861 804 44 2 Name 0 0 0
499 1021 51 2 Name 0 0 0
957 698 22 2 Name 0 0 0
657 900 51 2 Name 0 0 0
329 315 41 2 Name 0 0 0
597 534 12 2 Name 0 0 0
441 914 14 2 Name 0 0 0
160 291 57 2 Name 0 0 0
329 562 13 2 Name 0 0 0
172 95 4 2 Name 0 0 0
934 772 8 2 Name 0 0 0
93 470 63 2 Name 0 0 0
649 88 50 2 Name 0 0 0
641 525 63 2 Name 0 0 0
703 781 48 2 Name 0 0 0
136 1010 27 2 Name 0 0 0
413 694 30 2 Name 0 0 0
940 286 27 2 Name 0 0 0
916 860 11 2 Name 0 0 0
355 538 21 2 Name 0 0 0
594 279 36 2 Name 0 0 0
205 303 5 2 Name 0 0 0
712 51 7 2 Name 0 0 0
102 46 21 2 Name 0 0 0
882 299 21 2 Name 0 0 0
397 713 56 2 Name 0 0 0
501 320 14 2 Name 0 0 0
33 280 58 2 Name 0 0 0
182 568 39 2 Name 0 0 0
782 313 57 2 Name 0 0 0
246 979 15 2 Name 0 0 0
991 934 46 2 Name 0 0 0
303 275 45 2 Name 0 0 0
368 623 8 2 Name 0 0 0
282 86 55 2 Name 0 0 0
380 487 16 2 Name 0 0 0
592 77 46 2 Name 0 0 0
706 411 55 2 Name 0 0 0
298 968 37 2 Name 0 0 0
814 992 38 2 Name 0 0 0
699 292 59 2 Name 0 0 0
726 127 55 2 Name 0 0 0
265 590 15 2 Name 0 0 0
473 47 38 2 Name 0 0 0
283 27 62 2 Name 0 0 0
25 525 46 2 Name 0 0 0
371 271 12 2 Name 0 0 0
896 513 23 2 Name 0 0 0
1023 226 11 2 Name 0 0 0
324 283 47 2 Name 0 0 0
375 712 30 2 Name 0 0 0
553 681 13 2 Name 0 0 0
103 688 17 2 Name 0 0 0
859 384 43 2 Name 0 0 0
190 875 7 2 Name 0 0 0
95 521 56 2 Name 0 0 0
586 888 45 2 Name 0 0 0
1005 906 11 2 Name 0 0 0
273 895 8 2 Name 0 0 0
407 173 51 2 Name 0 0 0
150 831 52 2 Name 0 0 0
767 693 40 2 Name 0 0 0
319 413 6 2 Name 0 0 0
904 218 8 2 Name 0 0 0
872 115 12 2 Name 0 0 0
949 839 37 2 Name 0 0 0
283 414 48 2 Name 0 0 0
1019 497 54 2 Name 0 0 0
770 149 43 2 Name 0 0 0
862 727 11 2 Name 0 0 0
261 268 36 2 Name 0 0 0
979 120 56 2 Name 0 0 0
451 28 56 2 Name 0 0 0
581 630 57 2 Name 0 0 0
911 418 51 2 Name 0 0 0
544 572 22 2 Name 0 0 0
499 835 24 2 Name 0 0 0
970 854 9 2 Name 0 0 0
301 199 5 2 Name 0 0 0
385 488 58 2 Name 0 0 0
815 723 7 2 Name 0 0 0
177 121 43 2 Name 0 0 0
503 897 62 2 Name 0 0 0
472 179 24 2 Name 0 0 0
621 136 6 2 Name 0 0 0
15 509 36 2 Name 0 0 0
67 529 33 2 Name 0 0 0
150 41 16 2 Name 0 0 0
281 9 49 2 Name 0 0 0
508 547 16 2 Name 0 0 0
948 584 9 2 Name 0 0 0
378 264 64 2 Name 0 0 0
183 93 31 2 Name 0 0 0
915 301 39 2 Name 0 0 0
615 453 39 2 Name 0 0 0
193 1010 27 2 Name 0 0 0
341 996 4 2 Name 0 0 0
634 514 12 2 Name 0 0 0
635 659 46 2 Name 0 0 0
851 548 43 2 Name 0 0 0
674 390 60 2 Name 0 0 0
816 376 19 2 Name 0 0 0
623 213 39 2 Name 0 0 0
643 773 33 2 Name 0 0 0
638 463 24 2 Name 0 0 0
532 83 58 2 Name 0 0 0
213 857 16 2 Name 0 0 0
872 909 49 2 Name 0 0 0
929 205 56 2 Name 0 0 0
426 511 30 2 Name 0 0 0
69 269 21 2 Name 0 0 0
652 95 63 2 Name 0 0 0
504 971 32 2 Name 0 0 0
936 258 33 2 Name 0 0 0
247 292 59 2 Name 0 0 0
337 872 22 2 Name 0 0 0
934 190 21 2 Name 0 0 0
310 282 9 2 Name 0 0 0
648 962 7 2 Name 0 0 0
699 174 41 2 Name 0 0 0
129 576 22 2 Name 0 0 0
219 604 42 2 Name 0 0 0
54 88 58 2 Name 0 0 0
950 50 11 2 Name 0 0 0
313 957 59 2 Name 0 0 0
215 1014 35 2 Name 0 0 0
987 661 7 2 Name 0 0 0
122 101 57 2 Name 0 0 0
50 526 25 2 Name 0 0 0
581 25 16 2 Name 0 0 0
19 207 38 2 Name 0 0 0
717 776 43 2 Name 0 0 0
373 84 59 2 Name 0 0 0
433 496 55 2 Name 0 0 0
544 159 31 2 Name 0 0 0
123 359 39 2 Name 0 0 0
693 1005 60 2 Name 0 0 0
146 887 41 2 Name 0 0 0
1015 44 51 2 Name 0 0 0
803 399 50 2 Name 0 0 0
826 459 36 2 Name 0 0 0
582 244 11 2 Name 0 0 0
281 932 15 2 Name 0 0 0
856 20 47 2 Name 0 0 0
802 275 26 2 Name 0 0 0
1022 317 16 2 Name 0 0 0
902 552 18 2 Name 0 0 0
164 912 59 2 Name 0 0 0
494 841 10 2 Name 0 0 0
79 894 55 2 Name 0 0 0
242 751 6 2 Name 0 0 0
6 852 6 2 Name 0 0 0
704 947 30 2 Name 0 0 0
552 781 52 2 Name 0 0 0
453 862 30 2 Name 0 0 0
299 1010 32 2 Name 0 0 0
721 32 33 2 Name 0 0 0
215 442 58 2 Name 0 0 0
743 664 34 2 Name 0 0 0
605 795 22 2 Name 0 0 0
1006 664 48 2 Name 0 0 0
465 291 43 2 Name 0 0 0
815 318 10 2 Name 0 0 0
717 260 59 2 Name 0 0 0
306 908 45 2 Name 0 0 0
683 590 8 2 Name 0 0 0
16 950 35 2 Name 0 0 0
737 579 63 2 Name 0 0 0
167 464 47 2 Name 0 0 0
918 728 26 2 Name 0 0 0
954 713 59 2 Name 0 0 0
996 522 28 2 Name 0 0 0
199 333 50 2 Name 0 0 0
17 983 12 2 Name 0 0 0
829 750 61 2 Name 0 0 0
172 852 14 2 Name 0 0 0
710 166 24 2 Name 0 0 0
803 580 34 2 Name 0 0 0
146 178 34 2 Name 0 0 0
972 591 23 2 Name 0 0 0
726 443 51 2 Name 0 0 0
125 728 19 2 Name 0 0 0
590 774 13 2 Name 0 0 0
838 657 62 2 Name 0 0 0
777 504 28 2 Name 0 0 0
698 436 43 2 Name 0 0 0
66 785 19 2 Name 0 0 0
23 736 28 2 Name 0 0 0
910 300 47 2 Name 0 0 0
337 350 48 2 Name 0 0 0
708 444 50 2 Name 0 0 0
748 335 8 2 Name 0 0 0
650 391 31 2 Name 0 0 0
776 999 31 2 Name 0 0 0
749 622 53 2 Name 0 0 0
410 633 6 2 Name 0 0 0
942 52 48 2 Name 0 0 0
1006 97 64 2 Name 0 0 0
12 285 32 2 Name 0 0 0
537 356 43 2 Name 0 0 0
932 44 49 2 Name 0 0 0
4 2 21 2 Name 0 0 0
10 600 22 2 Name 0 0 0
206 101 56 2 Name 0 0 0
806 972 51 2 Name 0 0 0
68 197 52 2 Name 0 0 0
568 378 57 2 Name 0 0 0
391 496 47 2 Name 0 0 0
848 671 41 2 Name 0 0 0
534 380 35 2 Name 0 0 0
672 556 28 2 Name 0 0 0
176 976 4 2 Name 0 0 0
758 837 43 2 Name 0 0 0
780 104 61 2 Name 0 0 0
1010 306 54 2 Name 0 0 0
275 102 19 2 Name 0 0 0
840 928 7 2 Name 0 0 0
71 106 12 2 Name 0 0 0
405 991 26 2 Name 0 0 0
845 692 21 2 Name 0 0 0
254 657 62 2 Name 0 0 0
731 226 33 2 Name 0 0 0
384 522 23 2 Name 0 0 0
891 781 34 2 Name 0 0 0
817 891 16 2 Name 0 0 0
431 723 33 2 Name 0 0 0
506 308 35 2 Name 0 0 0
716 688 41 2 Name 0 0 0
118 539 48 2 Name 0 0 0
393 400 6 2 Name 0 0 0
236 498 33 2 Name 0 0 0
625 922 36 2 Name 0 0 0
520 686 38 2 Name 0 0 0
738 999 37 2 Name 0 0 0
85 984 52 2 Name 0 0 0
157 769 48 2 Name 0 0 0
927 861 51 2 Name 0 0 0
436 56 43 2 Name 0 0 0
829 958 53 2 Name 0 0 0
204 55 8 2 Name 0 0 0
97 550 13 2 Name 0 0 0
291 506 59 2 Name 0 0 0
220 675 49 2 Name 0 0 0
701 165 13 2 Name 0 0 0
440 980 15 2 Name 0 0 0
632 352 14 2 Name 0 0 0
47 598 20 2 Name 0 0 0
9 310 46 2 Name 0 0 0
355 338 52 2 Name 0 0 0
663 678 52 2 Name 0 0 0
731 414 42 2 Name 0 0 0
100 281 59 2 Name 0 0 0
537 82 48 2 Name 0 0 0
818 42 17 2 Name 0 0 0
786 956 20 2 Name 0 0 0
824 867 35 2 Name 0 0 0
520 210 64 2 Name 0 0 0
756 411 49 2 Name 0 0 0
935 686 46 2 Name 0 0 0
656 357 50 2 Name 0 0 0
897 866 19 2 Name 0 0 0
557 175 20 2 Name 0 0 0
192 228 62 2 Name 0 0 0
416 524 48 2 Name 0 0 0
283 906 15 2 Name 0 0 0
692 776 17 2 Name 0 0 0
415 292 44 2 Name 0 0 0
650 961 22 2 Name 0 0 0
524 646 47 2 Name 0 0 0
509 401 42 2 Name 0 0 0
973 727 9 2 Name 0 0 0
933 739 45 2 Name 0 0 0
920 96 12 2 Name 0 0 0
810 196 17 2 Name 0 0 0
643 411 39 2 Name 0 0 0
942 796 16 2 Name 0 0 0
278 183 41 2 Name 0 0 0
745 761 4 2 Name 0 0 0
46 663 16 2 Name 0 0 0
127 588 37 2 Name 0 0 0
342 275 5 2 Name 0 0 0
981 496 39 2 Name 0 0 0
505 390 29 2 Name 0 0 0
140 570 29 2 Name 0 0 0
851 625 10 2 Name 0 0 0
411 460 35 2 Name 0 0 0
32 473 60 2 Name 0 0 0
496 263 32 2 Name 0 0 0
974 53 55 2 Name 0 0 0
375 900 33 2 Name 0 0 0
690 761 10 2 Name 0 0 0
331 37 59 2 Name 0 0 0
894 84 43 2 Name 0 0 0
914 191 31 2 Name 0 0 0
5 428 15 2 Name 0 0 0
142 335 30 2 Name 0 0 0
940 873 34 2 Name 0 0 0
536 468 31 2 Name 0 0 0
904 150 16 2 Name 0 0 0
900 256 48 2 Name 0 0 0
337 525 12 2 Name 0 0 0
182 601 36 2 Name 0 0 0
664 659 64 2 Name 0 0 0
471 194 21 2 Name 0 0 0
970 1005 63 2 Name 0 0 0
44 7 55 2 Name 0 0 0
666 654 8 2 Name 0 0 0
1007 25 50 2 Name 0 0 0
608 872 36 2 Name 0 0 0
322 374 38 2 Name 0 0 0
213 65 25 2 Name 0 0 0
17 95 34 2 Name 0 0 0
47 440 64 2 Name 0 0 0
316 308 21 2 Name 0 0 0
938 798 44 2 Name 0 0 0
571 854 51 2 Name 0 0 0
239 592 54 2 Name 0 0 0
102 904 42 2 Name 0 0 0
844 531 19 2 Name 0 0 0
499 775 22 2 Name 0 0 0
334 375 23 2 Name 0 0 0
604 1008 16 2 Name 0 0 0
788 1015 59 2 Name 0 0 0
527 106 43 2 Name 0 0 0
934 341 20 2 Name 0 0 0
811 156 33 2 Name 0 0 0
721 202 34 2 Name 0 0 0
785 254 36 2 Name 0 0 0
241 679 54 2 Name 0 0 0
838 135 28 2 Name 0 0 0
539 244 54 2 Name 0 0 0
384 732 46 2 Name 0 0 0
947 304 46 2 Name 0 0 0
774 524 25 2 Name 0 0 0
30 581 55 2 Name 0 0 0
510 338 37 2 Name 0 0 0
382 670 14 2 Name 0 0 0
321 1012 18 2 Name 0 0 0
847 861 42 2 Name 0 0 0
471 249 14 2 Name 0 0 0
835 881 49 2 Name 0 0 0
167 675 42 2 Name 0 0 0
607 623 11 2 Name 0 0 0
811 459 11 2 Name 0 0 0
871 742 57 2 Name 0 0 0
757 152 14 2 Name 0 0 0
358 801 53 2 Name 0 0 0
700 378 48 2 Name 0 0 0
271 230 35 2 Name 0 0 0
405 544 15 2 Name 0 0 0
56 788 9 2 Name 0 0 0
545 287 53 2 Name 0 0 0
941 17 17 2 Name 0 0 0
444 833 31 2 Name 0 0 0
1013 687 62 2 Name 0 0 0
131 495 49 2 Name 0 0 0
785 293 38 2 Name 0 0 0
677 639 43 2 Name 0 0 0
240 713 17 2 Name 0 0 0
624 617 38 2 Name 0 0 0
189 131 8 2 Name 0 0 0
87 136 22 2 Name 0 0 0
619 314 7 2 Name 0 0 0
574 837 21 2 Name 0 0 0
587 332 47 2 Name 0 0 0
500 763 18 2 Name 0 0 0
674 635 25 2 Name 0 0 0
405 779 43 2 Name 0 0 0
250 562 18 2 Name 0 0 0
325 31 9 2 Name 0 0 0
573 112 11 2 Name 0 0 0
498 270 46 2 Name 0 0 0
458 265 7 2 Name 0 0 0
688 246 19 2 Name 0 0 0
265 865 27 2 Name 0 0 0
818 740 42 2 Name 0 0 0
985 49 27 2 Name 0 0 0
894 864 61 2 Name 0 0 0
597 628 6 2 Name 0 0 0
635 885 16 2 Name 0 0 0
82 408 37 2 Name 0 0 0
34 646 29 2 Name 0 0 0
381 685 58 2 Name 0 0 0
662 1007 24 2 Name 0 0 0
550 553 9 2 Name 0 0 0
785 755 25 2 Name 0 0 0
619 41 25 2 Name 0 0 0
328 46 45 2 Name 0 0 0
560 128 58 2 Name 0 0 0
551 365 61 2 Name 0 0 0
93 187 28 2 Name 0 0 0
1000 213 36 2 Name 0 0 0
951 974 5 2 Name 0 0 0
319 71 30 2 Name 0 0 0
158 861 41 2 Name 0 0 0
167 630 42 2 Name 0 0 0
741 709 57 2 Name 0 0 0
337 664 48 2 Name 0 0 0
796 394 28 2 Name 0 0 0
937 411 48 2 Name 0 0 0
486 369 7 2 Name 0 0 0
731 320 41 2 Name 0 0 0
967 881 56 2 Name 0 0 0
885 79 62 2 Name 0 0 0
428 172 30 2 Name 0 0 0
70 474 49 2 Name 0 0 0
979 776 38 2 Name 0 0 0
143 934 53 2 Name 0 0 0
121 85 56 2 Name 0 0 0
934 142 31 2 Name 0 0 0
847 1002 29 2 Name 0 0 0
724 634 14 2 Name 0 0 0
935 259 6 2 Name 0 0 0
269 275 32 2 Name 0 0 0
922 707 35 2 Name 0 0 0
531 36 11 2 Name 0 0 0
828 792 8 2 Name 0 0 0
540 862 10 2 Name 0 0 0
513 219 17 2 Name 0 0 0
946 231 47 2 Name 0 0 0
196 640 60 2 Name 0 0 0
809 609 17 2 Name 0 0 0
984 49 36 2 Name 0 0 0
378 871 26 2 Name 0 0 0
127 494 13 2 Name 0 0 0
163 499 55 2 Name 0 0 0
507 858 15 2 Name 0 0 0
217 471 54 2 Name 0 0 0
224 53 48 2 Name 0 0 0
55 866 54 2 Name 0 0 0
351 676 41 2 Name 0 0 0
402 610 64 2 Name 0 0 0
256 111 29 2 Name 0 0 0
408 730 24 2 Name 0 0 0
259 655 7 2 Name 0 0 0
862 813 5 2 Name 0 0 0
85 538 13 2 Name 0 0 0
200 485 19 2 Name 0 0 0
953 491 21 2 Name 0 0 0
121 250 12 2 Name 0 0 0
605 431 48 2 Name 0 0 0
409 836 60 2 Name 0 0 0
598 726 34 2 Name 0 0 0
160 662 13 2 Name 0 0 0
72 352 42 2 Name 0 0 0
998 385 9 2 Name 0 0 0
1000 548 42 2 Name 0 0 0
845 200 63 2 Name 0 0 0
348 549 27 2 Name 0 0 0
743 360 13 2 Name 0 0 0
605 671 31 2 Name 0 0 0
582 147 53 2 Name 0 0 0
292 899 63 2 Name 0 0 0
712 996 56 2 Name 0 0 0
770 475 34 2 Name 0 0 0
54 805 41 2 Name 0 0 0
31 597 41 2 Name 0 0 0
898 878 51 2 Name 0 0 0
90 154 54 2 Name 0 0 0
811 47 28 2 Name 0 0 0
693 571 63 2 Name 0 0 0
479 422 37 2 Name 0 0 0
934 773 58 2 Name 0 0 0
272 509 18 2 Name 0 0 0
137 1001 4 2 Name 0 0 0
947 36 24 2 Name 0 0 0
686 633 34 2 Name 0 0 0
635 544 48 2 Name 0 0 0
928 885 38 2 Name 0 0 0
748 819 17 2 Name 0 0 0
48 881 23 2 Name 0 0 0
1009 693 26 2 Name 0 0 0
73 655 7 2 Name 0 0 0
764 1004 62 2 Name 0 0 0
766 800 34 2 Name 0 0 0
366 758 47 2 Name 0 0 0
19 391 10 2 Name 0 0 0
413 319 37 2 Name 0 0 0
474 595 24 2 Name 0 0 0
651 643 48 2 Name 0 0 0
132 626 20 2 Name 0 0 0
516 668 20 2 Name 0 0 0
150 598 50 2 Name 0 0 0
868 980 59 2 Name 0 0 0
175 885 57 2 Name 0 0 0
823 233 17 2 Name 0 0 0
578 311 17 2 Name 0 0 0
673 643 33 2 Name 0 0 0
961 489 26 2 Name 0 0 0
105 786 39 2 Name 0 0 0
322 21 54 2 Name 0 0 0
162 189 7 2 Name 0 0 0
256 299 41 2 Name 0 0 0
662 297 10 2 Name 0 0 0
848 255 14 2 Name 0 0 0
683 934 48 2 Name 0 0 0
448 460 13 2 Name 0 0 0
285 528 25 2 Name 0 0 0
68 77 31 2 Name 0 0 0
852 450 14 2 Name 0 0 0
403 600 12 2 Name 0 0 0
834 692 36 2 Name 0 0 0
598 182 20 2 Name 0 0 0
728 43 43 2 Name 0 0 0
88 105 49 2 Name 0 0 0
502 42 27 2 Name 0 0 0
17 15 32 2 Name 0 0 0
596 705 7 2 Name 0 0 0
888 156 62 2 Name 0 0 0
188 313 33 2 Name 0 0 0
289 497 7 2 Name 0 0 0
435 1006 26 2 Name 0 0 0
845 631 41 2 Name 0 0 0
616 846 22 2 Name 0 0 0
998 357 58 2 Name 0 0 0
892 449 30 2 Name 0 0 0
743 707 19 2 Name 0 0 0
823 182 43 2 Name 0 0 0
125 972 12 2 Name 0 0 0
363 38 30 2 Name 0 0 0
372 755 54 2 Name 0 0 0
68 972 26 2 Name 0 0 0
538 299 8 2 Name 0 0 0
673 967 60 2 Name 0 0 0
93 87 18 2 Name 0 0 0
134 895 42 2 Name 0 0 0
697 516 41 2 Name 0 0 0
798 1015 24 2 Name 0 0 0
981 448 59 2 Name 0 0 0
883 506 30 2 Name 0 0 0
29 29 62 2 Name 0 0 0
62 72 53 2 Name 0 0 0
984 844 53 2 Name 0 0 0
501 71 54 2 Name 0 0 0
698 1000 39 2 Name 0 0 0
641 46 38 2 Name 0 0 0
106 379 7 2 Name 0 0 0
79 844 45 2 Name 0 0 0
53 205 48 2 Name 0 0 0
403 582 45 2 Name 0 0 0
966 83 32 2 Name 0 0 0
457 445 41 2 Name 0 0 0
532 25 26 2 Name 0 0 0
779 689 46 2 Name 0 0 0
655 195 17 2 Name 0 0 0
1019 177 16 2 Name 0 0 0
627 610 61 2 Name 0 0 0
758 303 24 2 Name 0 0 0
374 868 4 2 Name 0 0 0
217 612 9 2 Name 0 0 0
561 790 38 2 Name 0 0 0
261 396 45 2 Name 0 0 0
177 214 39 2 Name 0 0 0
526 41 10 2 Name 0 0 0
784 238 22 2 Name 0 0 0
777 722 27 2 Name 0 0 0
853 734 8 2 Name 0 0 0
124 391 5 2 Name 0 0 0
208 785 18 2 Name 0 0 0
343 932 41 2 Name 0 0 0
417 799 63 2 Name 0 0 0
947 1022 44 2 Name 0 0 0
291 1000 55 2 Name 0 0 0
94 1006 20 2 Name 0 0 0
180 288 18 2 Name 0 0 0
374 253 14 2 Name 0 0 0
744 629 51 2 Name 0 0 0
309 335 34 2 Name 0 0 0
359 74 63 2 Name 0 0 0
266 948 17 2 Name 0 0 0
228 316 46 2 Name 0 0 0
729 518 39 2 Name 0 0 0
368 708 46 2 Name 0 0 0
364 714 25 2 Name 0 0 0
565 514 17 2 Name 0 0 0
318 698 8 2 Name 0 0 0
399 152 48 2 Name 0 0 0
974 219 30 2 Name 0 0 0
23 373 46 2 Name 0 0 0
498 991 23 2 Name 0 0 0
525 962 63 2 Name 0 0 0
331 883 47 2 Name 0 0 0
698 392 20 2 Name 0 0 0
586 553 33 2 Name 0 0 0
895 49 28 2 Name 0 0 0
871 251 50 2 Name 0 0 0
452 706 59 2 Name 0 0 0
88 571 11 2 Name 0 0 0
632 174 45 2 Name 0 0 0
471 883 25 2 Name 0 0 0
173 941 46 2 Name 0 0 0
518 32 47 2 Name 0 0 0
832 911 27 2 Name 0 0 0
550 53 15 2 Name 0 0 0
868 539 6 2 Name 0 0 0
756 273 5 2 Name 0 0 0
229 665 56 2 Name 0 0 0
466 492 57 2 Name 0 0 0
144 752 47 2 Name 0 0 0
94 496 11 2 Name 0 0 0
893 265 24 2 Name 0 0 0
311 367 5 2 Name 0 0 0
878 235 25 2 Name 0 0 0
631 195 53 2 Name 0 0 0
869 348 31 2 Name 0 0 0
944 1007 7 2 Name 0 0 0
659 346 30 2 Name 0 0 0
271 613 20 2 Name 0 0 0
742 931 63 2 Name 0 0 0
757 252 45 2 Name 0 0 0
460 714 56 2 Name 0 0 0
128 20 8 2 Name 0 0 0
806 845 35 2 Name 0 0 0
106 790 24 2 Name 0 0 0
393 715 35 2 Name 0 0 0
742 593 8 2 Name 0 0 0
251 724 10 2 Name 0 0 0
71 1006 14 2 Name 0 0 0
813 281 44 2 Name 0 0 0
331 525 40 2 Name 0 0 0
129 356 28 2 Name 0 0 0
913 271 49 2 Name 0 0 0
858 112 54 2 Name 0 0 0
241 25 55 2 Name 0 0 0
265 176 47 2 Name 0 0 0
228 670 20 2 Name 0 0 0
918 620 46 2 Name 0 0 0
289 504 51 2 Name 0 0 0
127 156 52 2 Name 0 0 0
67 842 51 2 Name 0 0 0
758 472 25 2 Name 0 0 0
112 321 17 2 Name 0 0 0
567 932 49 2 Name 0 0 0
708 785 54 2 Name 0 0 0
981 303 49 2 Name 0 0 0
488 522 10 2 Name 0 0 0
856 731 5 2 Name 0 0 0
265 601 10 2 Name 0 0 0
421 864 50 2 Name 0 0 0
702 129 42 2 Name 0 0 0
161 298 33 2 Name 0 0 0
944 992 25 2 Name 0 0 0
353 235 61 2 Name 0 0 0
162 333 11 2 Name 0 0 0
576 502 25 2 Name 0 0 0
872 806 28 2 Name 0 0 0
180 573 64 2 Name 0 0 0
356 289 20 2 Name 0 0 0
690 569 38 2 Name 0 0 0
655 829 7 2 Name 0 0 0
106 917 33 2 Name 0 0 0
403 186 30 2 Name 0 0 0
23 437 5 2 Name 0 0 0
398 727 43 2 Name 0 0 0
331 594 32 2 Name 0 0 0
784 956 40 2 Name 0 0 0
727 170 51 2 Name 0 0 0
414 920 7 2 Name 0 0 0
48 17 57 2 Name 0 0 0
358 725 27 2 Name 0 0 0
757 1015 45 2 Name 0 0 0
506 903 33 2 Name 0 0 0
449 808 31 2 Name 0 0 0
280 155 38 2 Name 0 0 0
519 479 42 2 Name 0 0 0
731 987 39 2 Name 0 0 0
876 491 58 2 Name 0 0 0
499 305 10 2 Name 0 0 0
966 917 40 2 Name 0 0 0
613 536 17 2 Name 0 0 0
920 912 45 2 Name 0 0 0
357 14 43 2 Name 0 0 0
751 246 17 2 Name 0 0 0
259 566 21 2 Name 0 0 0
896 653 28 2 Name 0 0 0
190 831 40 2 Name 0 0 0
273 754 32 2 Name 0 0 0
244 364 56 2 Name 0 0 0
389 137 49 2 Name 0 0 0
933 499 32 2 Name 0 0 0
295 907 34 2 Name 0 0 0
581 924 14 2 Name 0 0 0
901 216 34 2 Name 0 0 0
109 994 40 2 Name 0 0 0
631 628 38 2 Name 0 0 0
320 355 44 2 Name 0 0 0
296 180 16 2 Name 0 0 0
670 774 20 2 Name 0 0 0
901 947 35 2 Name 0 0 0
558 76 37 2 Name 0 0 0
507 981 53 2 Name 0 0 0
967 1021 25 2 Name 0 0 0
1004 430 42 2 Name 0 0 0
889 804 39 2 Name 0 0 0
52 716 10 2 Name 0 0 0
391 1008 12 2 Name 0 0 0
834 707 32 2 Name 0 0 0
993 51 5 2 Name 0 0 0
726 382 36 2 Name 0 0 0
12 819 23 2 Name 0 0 0
463 236 49 2 Name 0 0 0
777 687 22 2 Name 0 0 0
745 776 56 2 Name 0 0 0
775 976 32 2 Name 0 0 0
788 951 35 2 Name 0 0 0
828 288 6 2 Name 0 0 0
504 392 11 2 Name 0 0 0
360 88 16 2 Name 0 0 0
986 481 40 2 Name 0 0 0
920 489 24 2 Name 0 0 0
622 924 55 2 Name 0 0 0
585 120 25 2 Name 0 0 0
576 560 44 2 Name 0 0 0
708 463 47 2 Name 0 0 0
260 121 62 2 Name 0 0 0
458 425 10 2 Name 0 0 0
735 391 22 2 Name 0 0 0
301 223 44 2 Name 0 0 0
125 135 38 2 Name 0 0 0
845 721 19 2 Name 0 0 0
943 154 41 2 Name 0 0 0
390 244 30 2 Name 0 0 0
606 236 59 2 Name 0 0 0
290 926 42 2 Name 0 0 0
549 466 31 2 Name 0 0 0
348 261 40 2 Name 0 0 0
98 227 24 2 Name 0 0 0
685 243 54 2 Name 0 0 0
792 460 32 2 Name 0 0 0
419 641 8 2 Name 0 0 0
772 612 29 2 Name 0 0 0
391 323 31 2 Name 0 0 0
374 965 19 2 Name 0 0 0
49 739 39 2 Name 0 0 0
43 601 17 2 Name 0 0 0
67 79 27 2 Name 0 0 0
254 723 27 2 Name 0 0 0
82 723 38 2 Name 0 0 0
319 177 52 2 Name 0 0 0
667 874 21 2 Name 0 0 0
777 618 13 2 Name 0 0 0
703 711 62 2 Name 0 0 0
626 327 33 2 Name 0 0 0
170 319 57 2 Name 0 0 0
675 96 12 2 Name 0 0 0
775 34 34 2 Name 0 0 0
404 82 41 2 Name 0 0 0
754 905 5 2 Name 0 0 0
96 799 11 2 Name 0 0 0
967 505 63 2 Name 0 0 0
168 416 14 2 Name 0 0 0
1002 43 29 2 Name 0 0 0
351 42 49 2 Name 0 0 0
515 614 26 2 Name 0 0 0
871 457 11 2 Name 0 0 0
648 693 52 2 Name 0 0 0
700 1018 51 2 Name 0 0 0
458 1006 9 2 Name 0 0 0
942 831 41 2 Name 0 0 0
238 134 24 2 Name 0 0 0
738 17 27 2 Name 0 0 0
842 421 37 2 Name 0 0 0
618 1010 53 2 Name 0 0 0
708 549 6 2 Name 0 0 0
912 864 28 2 Name 0 0 0
81 577 9 2 Name 0 0 0
969 251 4 2 Name 0 0 0
487 860 23 2 Name 0 0 0
693 917 58 2 Name 0 0 0
734 645 48 2 Name 0 0 0
221 592 23 2 Name 0 0 0
348 806 35 2 Name 0 0 0
789 257 42 2 Name 0 0 0
113 74 39 2 Name 0 0 0
49 285 61 2 Name 0 0 0
241 394 25 2 Name 0 0 0
931 994 29 2 Name 0 0 0
77 64 11 2 Name 0 0 0
670 512 34 2 Name 0 0 0
177 57 31 2 Name 0 0 0
238 763 61 2 Name 0 0 0
915 595 45 2 Name 0 0 0
156 185 52 2 Name 0 0 0
477 657 40 2 Name 0 0 0
859 941 30 2 Name 0 0 0
884 954 37 2 Name 0 0 0
441 979 31 2 Name 0 0 0
70 878 60 2 Name 0 0 0
944 893 48 2 Name 0 0 0
142 7 54 2 Name 0 0 0
1016 71 44 2 Name 0 0 0
944 500 33 2 Name 0 0 0
773 102 56 2 Name 0 0 0
638 299 22 2 Name 0 0 0
954 682 5 2 Name 0 0 0
12 769 34 2 Name 0 0 0
892 256 14 2 Name 0 0 0
8 460 6 2 Name 0 0 0
891 330 17 2 Name 0 0 0
251 892 22 2 Name 0 0 0
685 915 19 2 Name 0 0 0
452 188 27 2 Name 0 0 0
705 931 47 2 Name 0 0 0
367 643 61 2 Name 0 0 0
675 890 51 2 Name 0 0 0
596 784 23 2 Name 0 0 0
178 622 41 2 Name 0 0 0
413 469 42 2 Name 0 0 0
912 831 40 2 Name 0 0 0
302 483 12 2 Name 0 0 0
343 848 54 2 Name 0 0 0
625 110 31 2 Name 0 0 0
621 699 18 2 Name 0 0 0
388 829 5 2 Name 0 0 0
728 327 42 2 Name 0 0 0
135 655 39 2 Name 0 0 0
243 739 60 2 Name 0 0 0
558 789 37 2 Name 0 0 0
42 415 52 2 Name 0 0 0
853 11 47 2 Name 0 0 0
687 846 41 2 Name 0 0 0
111 868 62 2 Name 0 0 0
298 569 27 2 Name 0 0 0
144 968 37 2 Name 0 0 0
162 300 26 2 Name 0 0 0
854 268 8 2 Name 0 0 0
579 910 11 2 Name 0 0 0
919 123 54 2 Name 0 0 0
809 461 62 2 Name 0 0 0
302 26 6 2 Name 0 0 0
567 821 53 2 Name 0 0 0
124 295 5 2 Name 0 0 0
223 1011 28 2 Name 0 0 0
767 18 50 2 Name 0 0 0
489 104 23 2 Name 0 0 0
474 119 42 2 Name 0 0 0
325 686 40 2 Name 0 0 0
21 84 34 2 Name 0 0 0
724 602 53 2 Name 0 0 0
372 753 47 2 Name 0 0 0
59 105 47 2 Name 0 0 0
614 168 19 2 Name 0 0 0
759 179 56 2 Name 0 0 0
1022 59 33 2 Name 0 0 0
210 337 30 2 Name 0 0 0
264 772 54 2 Name 0 0 0
769 308 47 2 Name 0 0 0
701 840 13 2 Name 0 0 0
705 575 6 2 Name 0 0 0
169 76 46 2 Name 0 0 0
915 719 9 2 Name 0 0 0
663 929 50 2 Name 0 0 0
522 145 30 2 Name 0 0 0
894 133 62 2 Name 0 0 0
626 180 32 2 Name 0 0 0
403 856 46 2 Name 0 0 0
333 201 4 2 Name 0 0 0
646 426 29 2 Name 0 0 0
111 208 37 2 Name 0 0 0
264 173 22 2 Name 0 0 0
715 939 38 2 Name 0 0 0
939 845 62 2 Name 0 0 0
257 767 11 2 Name 0 0 0
968 607 57 2 Name 0 0 0
419 668 61 2 Name 0 0 0
186 862 58 2 Name 0 0 0
86 304 60 2 Name 0 0 0
313 611 54 2 Name 0 0 0
222 688 43 2 Name 0 0 0
993 177 62 2 Name 0 0 0
41 595 42 2 Name 0 0 0
46 210 20 2 Name 0 0 0
196 59 27 2 Name 0 0 0
226 402 15 2 Name 0 0 0
499 407 64 2 Name 0 0 0
303 420 5 2 Name 0 0 0
149 252 24 2 Name 0 0 0
667 615 49 2 Name 0 0 0
890 421 55 2 Name 0 0 0
396 718 46 2 Name 0 0 0
332 965 22 2 Name 0 0 0
953 732 18 2 Name 0 0 0
931 375 17 2 Name 0 0 0
232 18 38 2 Name 0 0 0
762 683 14 2 Name 0 0 0
838 226 51 2 Name 0 0 0
724 984 29 2 Name 0 0 0
347 734 47 2 Name 0 0 0
159 470 36 2 Name 0 0 0
555 16 51 2 Name 0 0 0
870 998 23 2 Name 0 0 0
398 9 40 2 Name 0 0 0
808 764 34 2 Name 0 0 0
745 547 53 2 Name 0 0 0
394 625 21 2 Name 0 0 0
907 690 13 2 Name 0 0 0
175 189 64 2 Name 0 0 0
902 967 63 2 Name 0 0 0
238 508 9 2 Name 0 0 0
543 36 47 2 Name 0 0 0
143 1022 63 2 Name 0 0 0
147 714 61 2 Name 0 0 0
607 345 10 2 Name 0 0 0
575 674 36 2 Name 0 0 0
388 169 39 2 Name 0 0 0
781 764 43 2 Name 0 0 0
436 624 55 2 Name 0 0 0
785 861 61 2 Name 0 0 0
36 980 35 2 Name 0 0 0
584 134 14 2 Name 0 0 0
x-Min=0
x-Max=1024
y-Min=0
y-Max=1024
min label height=2.0
max label height=2.0
min label width=4.0
max label width=64
